0.00408163265306122 0.0
0.00816326530612245 57.5691
0.0122448979591837 133.405
0.0163265306122449 316.845
0.0204081632653061 297.011
0.0244897959183673 331.918
0.0285714285714286 247.614
0.0326530612244898 205.661
0.036734693877551 160.003
0.0408163265306122 120.18
0.0448979591836735 90.8277
0.0489795918367347 50.9491
0.0530612244897959 24.8872
0.0571428571428571 0.0
0.0612244897959184 0.0
0.0653061224489796 0.0
0.0693877551020408 0.0
0.073469387755102 0.0
0.0775510204081633 0.0
0.0816326530612245 0.0
0.0857142857142857 0.0
0.0897959183673469 0.0
0.0938775510204082 0.0
0.0979591836734694 0.0
0.102040816326531 123.099
0.106122448979592 0.0
0.110204081632653 0.0
0.114285714285714 0.0
0.118367346938776 0.0
0.122448979591837 0.0
0.126530612244898 0.0
0.130612244897959 0.0
0.13469387755102 0.0
0.138775510204082 0.0
0.142857142857143 0.0
0.146938775510204 0.0
0.151020408163265 0.0
0.155102040816327 0.0
0.159183673469388 0.0
0.163265306122449 0.0
0.16734693877551 0.0
0.171428571428571 0.0
0.175510204081633 0.0
0.179591836734694 0.0
0.183673469387755 0.0
0.187755102040816 0.0
0.191836734693878 0.0
0.195918367346939 0.0
0.2 0.0
0.204081632653061 0.0
0.208163265306122 0.0
0.212244897959184 0.0
0.216326530612245 0.0
0.220408163265306 0.0
0.224489795918367 0.0
0.228571428571429 0.0
0.23265306122449 0.0
0.236734693877551 0.0
0.240816326530612 0.0
0.244897959183673 0.0
0.248979591836735 0.0
0.253061224489796 0.0
0.257142857142857 0.0
0.261224489795918 0.0
0.26530612244898 0.0
0.269387755102041 0.0
0.273469387755102 0.0
0.277551020408163 0.0
0.281632653061224 0.0
0.285714285714286 0.0
0.289795918367347 0.0
0.293877551020408 0.0
0.297959183673469 0.0
0.302040816326531 0.0
0.306122448979592 0.0
0.310204081632653 0.0
0.314285714285714 0.0
0.318367346938775 0.0
0.322448979591837 0.0
0.326530612244898 0.0
0.330612244897959 0.0
0.33469387755102 0.0
0.338775510204082 0.0
0.342857142857143 0.0
0.346938775510204 0.0
0.351020408163265 0.0
0.355102040816327 0.0
0.359183673469388 0.0
0.363265306122449 0.0
0.36734693877551 0.0
0.371428571428571 0.0
0.375510204081633 0.0
0.379591836734694 0.0
0.383673469387755 0.0
0.387755102040816 0.0
0.391836734693878 0.0
0.395918367346939 0.0
0.4 0.0
0.404081632653061 0.0
0.408163265306122 0.0
0.412244897959184 0.0
0.416326530612245 0.0
0.420408163265306 0.0
0.424489795918367 0.0
0.428571428571429 0.0
0.43265306122449 0.0
0.436734693877551 0.0
0.440816326530612 0.0
0.444897959183673 0.0
0.448979591836735 0.0
0.453061224489796 0.0
0.457142857142857 0.0
0.461224489795918 0.0
0.46530612244898 0.0
0.469387755102041 0.0
0.473469387755102 0.0
0.477551020408163 0.0
0.481632653061224 0.0
0.485714285714286 0.0
0.489795918367347 0.0
0.493877551020408 0.0
0.497959183673469 0.0
0.502040816326531 0.0
0.506122448979592 0.0
0.510204081632653 0.0
0.514285714285714 0.0
0.518367346938776 0.0
0.522448979591837 0.0
0.526530612244898 0.0
0.530612244897959 0.0
0.53469387755102 0.0
0.538775510204082 0.0
0.542857142857143 0.0
0.546938775510204 0.0
0.551020408163265 0.0
0.555102040816327 0.0
0.559183673469388 0.0
0.563265306122449 0.0
0.56734693877551 0.0
0.571428571428571 0.0
0.575510204081633 0.0
0.579591836734694 0.0
0.583673469387755 0.0
0.587755102040816 0.0
0.591836734693878 0.0
0.595918367346939 0.0
0.6 0.0
0.604081632653061 0.0
0.608163265306122 0.0
0.612244897959184 0.0
0.616326530612245 0.0
0.620408163265306 0.0
0.624489795918367 0.0
0.628571428571429 0.0
0.63265306122449 0.0
0.636734693877551 0.0
0.640816326530612 0.0
0.644897959183673 0.0
0.648979591836735 0.0
0.653061224489796 0.0
0.657142857142857 0.0
0.661224489795918 0.0
0.66530612244898 0.0
0.669387755102041 0.0
0.673469387755102 0.0
0.677551020408163 0.0
0.681632653061224 0.0
0.685714285714286 0.0
0.689795918367347 0.0
0.693877551020408 0.0
0.697959183673469 0.0
0.702040816326531 0.0
0.706122448979592 0.0
0.710204081632653 0.0
0.714285714285714 0.0
0.718367346938775 0.0
0.722448979591837 0.0
0.726530612244898 0.0
0.730612244897959 0.0
0.73469387755102 0.0
0.738775510204082 0.0
0.742857142857143 0.0
0.746938775510204 0.0
0.751020408163265 0.0
0.755102040816326 0.0
0.759183673469388 0.0
0.763265306122449 0.0
0.76734693877551 0.0
0.771428571428571 0.0
0.775510204081633 0.0
0.779591836734694 0.0
0.783673469387755 0.0
0.787755102040816 0.0
0.791836734693877 0.0
0.795918367346939 0.0
0.8 0.0
0.804081632653061 0.0
0.808163265306122 0.0
0.812244897959184 0.0
0.816326530612245 0.0
0.820408163265306 0.0
0.824489795918367 0.0
0.828571428571429 0.0
0.83265306122449 0.0
0.836734693877551 0.0
0.840816326530612 0.0
0.844897959183673 0.0
0.848979591836735 0.0
0.853061224489796 0.0
0.857142857142857 0.0
0.861224489795918 0.0
0.86530612244898 0.0
0.869387755102041 0.0
0.873469387755102 0.0
0.877551020408163 0.0
0.881632653061225 0.0
0.885714285714286 0.0
0.889795918367347 0.0
0.893877551020408 0.0
0.897959183673469 0.0
0.902040816326531 0.0
0.906122448979592 0.0
0.910204081632653 43.0865
0.914285714285714 25.8558
0.918367346938776 295.307
0.922448979591837 269.368
0.926530612244898 216.203
0.930612244897959 253.624
0.93469387755102 156.366
0.938775510204082 158.093
0.942857142857143 98.6048
0.946938775510204 61.0027
0.951020408163265 46.9699
0.955102040816327 3.08311
0.959183673469388 0.0
0.963265306122449 0.0
0.96734693877551 0.0
0.971428571428571 0.0
0.975510204081633 0.0
0.979591836734694 0.0
0.983673469387755 0.0
0.987755102040816 0.0
0.991836734693878 0.0
0.995918367346939 0.0
1.0 0.0
1.00408163265306 0.0
1.00816326530612 41.524
1.01224489795918 413.669
1.01632653061224 108.505
1.02040816326531 219.828
1.02448979591837 325.097
1.02857142857143 202.378
1.03265306122449 205.518
1.03673469387755 136.71
1.04081632653061 117.669
1.04489795918367 90.4012
1.04897959183673 39.0934
1.0530612244898 27.5915
1.05714285714286 0.0
1.06122448979592 0.0
1.06530612244898 0.0
1.06938775510204 0.0
1.0734693877551 0.0
1.07755102040816 0.0
1.08163265306122 0.0
1.08571428571429 0.0
1.08979591836735 0.0
1.09387755102041 0.0
1.09795918367347 0.0
1.10204081632653 55.8024
1.10612244897959 0.0
1.11020408163265 0.0
1.11428571428571 0.0
1.11836734693878 0.0
1.12244897959184 0.0
1.1265306122449 0.0
1.13061224489796 0.0
1.13469387755102 0.0
1.13877551020408 0.0
1.14285714285714 0.0
1.1469387755102 0.0
1.15102040816327 0.0
1.15510204081633 0.0
1.15918367346939 0.0
1.16326530612245 0.0
1.16734693877551 0.0
1.17142857142857 0.0
1.17551020408163 0.0
1.17959183673469 0.0
1.18367346938776 0.0
1.18775510204082 0.0
1.19183673469388 0.0
1.19591836734694 0.0
1.2 0.0
1.20408163265306 0.0
1.20816326530612 0.0
1.21224489795918 0.0
1.21632653061224 0.0
1.22040816326531 0.0
1.22448979591837 0.0
1.22857142857143 0.0
1.23265306122449 0.0
1.23673469387755 0.0
1.24081632653061 0.0
1.24489795918367 0.0
1.24897959183673 0.0
1.2530612244898 0.0
1.25714285714286 0.0
1.26122448979592 0.0
1.26530612244898 0.0
1.26938775510204 0.0
1.2734693877551 0.0
1.27755102040816 0.0
1.28163265306122 0.0
1.28571428571429 0.0
1.28979591836735 0.0
1.29387755102041 0.0
1.29795918367347 0.0
1.30204081632653 0.0
1.30612244897959 0.0
1.31020408163265 0.0
1.31428571428571 0.0
1.31836734693878 0.0
1.32244897959184 0.0
1.3265306122449 0.0
1.33061224489796 0.0
1.33469387755102 0.0
1.33877551020408 0.0
1.34285714285714 0.0
1.3469387755102 0.0
1.35102040816327 0.0
1.35510204081633 0.0
1.35918367346939 0.0
1.36326530612245 0.0
1.36734693877551 0.0
1.37142857142857 0.0
1.37551020408163 0.0
1.37959183673469 0.0
1.38367346938776 0.0
1.38775510204082 0.0
1.39183673469388 0.0
1.39591836734694 0.0
1.4 0.0
1.40408163265306 0.0
1.40816326530612 0.0
1.41224489795918 0.0
1.41632653061225 0.0
1.42040816326531 0.0
1.42448979591837 0.0
1.42857142857143 0.0
1.43265306122449 0.0
1.43673469387755 0.0
1.44081632653061 0.0
1.44489795918367 0.0
1.44897959183673 0.0
1.4530612244898 0.0
1.45714285714286 0.0
1.46122448979592 0.0
1.46530612244898 0.0
1.46938775510204 0.0
1.4734693877551 0.0
1.47755102040816 0.0
1.48163265306122 0.0
1.48571428571429 0.0
1.48979591836735 0.0
1.49387755102041 0.0
1.49795918367347 0.0
1.50204081632653 0.0
1.50612244897959 0.0
1.51020408163265 0.0
1.51428571428571 0.0
1.51836734693878 0.0
1.52244897959184 0.0
1.5265306122449 0.0
1.53061224489796 0.0
1.53469387755102 0.0
1.53877551020408 0.0
1.54285714285714 0.0
1.5469387755102 0.0
1.55102040816327 0.0
1.55510204081633 0.0
1.55918367346939 0.0
1.56326530612245 0.0
1.56734693877551 0.0
1.57142857142857 0.0
1.57551020408163 0.0
1.57959183673469 0.0
1.58367346938775 0.0
1.58775510204082 0.0
1.59183673469388 0.0
1.59591836734694 0.0
1.6 0.0
1.60408163265306 0.0
1.60816326530612 0.0
1.61224489795918 0.0
1.61632653061224 0.0
1.62040816326531 0.0
1.62448979591837 0.0
1.62857142857143 0.0
1.63265306122449 0.0
1.63673469387755 0.0
1.64081632653061 0.0
1.64489795918367 0.0
1.64897959183673 0.0
1.6530612244898 0.0
1.65714285714286 0.0
1.66122448979592 0.0
1.66530612244898 0.0
1.66938775510204 0.0
1.6734693877551 0.0
1.67755102040816 0.0
1.68163265306122 0.0
1.68571428571429 0.0
1.68979591836735 0.0
1.69387755102041 0.0
1.69795918367347 0.0
1.70204081632653 0.0
1.70612244897959 0.0
1.71020408163265 0.0
1.71428571428571 0.0
1.71836734693878 0.0
1.72244897959184 0.0
1.7265306122449 0.0
1.73061224489796 0.0
1.73469387755102 0.0
1.73877551020408 0.0
1.74285714285714 0.0
1.7469387755102 0.0
1.75102040816327 0.0
1.75510204081633 0.0
1.75918367346939 0.0
1.76326530612245 0.0
1.76734693877551 0.0
1.77142857142857 0.0
1.77551020408163 0.0
1.77959183673469 0.0
1.78367346938776 0.0
1.78775510204082 0.0
1.79183673469388 0.0
1.79591836734694 0.0
1.8 0.0
1.80408163265306 0.0
1.80816326530612 0.0
1.81224489795918 0.0
1.81632653061224 0.0
1.82040816326531 0.0
1.82448979591837 0.0
1.82857142857143 0.0
1.83265306122449 0.0
1.83673469387755 0.0
1.84081632653061 0.0
1.84489795918367 0.0
1.84897959183673 0.0
1.8530612244898 0.0
1.85714285714286 0.0
1.86122448979592 0.0
1.86530612244898 0.0
1.86938775510204 0.0
1.8734693877551 0.0
1.87755102040816 0.0
1.88163265306122 0.0
1.88571428571429 0.0
1.88979591836735 0.0
1.89387755102041 0.0
1.89795918367347 0.0
1.90204081632653 0.0
1.90612244897959 0.0
1.91020408163265 190.519
1.91428571428571 83.3666
1.91836734693878 343.604
1.92244897959184 212.907
1.9265306122449 342.982
1.93061224489796 201.71
1.93469387755102 188.343
1.93877551020408 144.544
1.94285714285714 96.108
1.9469387755102 78.3077
1.95102040816327 28.8444
1.95510204081633 18.0464
1.95918367346939 0.0
1.96326530612245 0.0
1.96734693877551 0.0
1.97142857142857 0.0
1.97551020408163 0.0
1.97959183673469 0.0
1.98367346938776 0.0
1.98775510204082 0.0
1.99183673469388 0.0
1.99591836734694 0.459433
2.0 0.0
2.00408163265306 0.0536442
2.00816326530612 473.662
2.01224489795918 110.765
2.01632653061225 257.662
2.02040816326531 318.868
2.02448979591837 267.428
2.02857142857143 265.185
2.03265306122449 196.394
2.03673469387755 155.985
2.04081632653061 120.412
2.04489795918367 80.5279
2.04897959183673 53.3057
2.0530612244898 19.0361
2.05714285714286 0.0
2.06122448979592 0.0
2.06530612244898 0.0
2.06938775510204 0.0
2.0734693877551 0.0
2.07755102040816 0.0
2.08163265306122 0.0
2.08571428571429 0.0
2.08979591836735 0.0
2.09387755102041 0.0
2.09795918367347 0.0
2.10204081632653 38.3556
2.10612244897959 0.0
2.11020408163265 0.0
2.11428571428571 0.0
2.11836734693878 0.0
2.12244897959184 0.0
2.1265306122449 0.0
2.13061224489796 0.0
2.13469387755102 0.0
2.13877551020408 0.0
2.14285714285714 0.0
2.1469387755102 0.0
2.15102040816327 0.0
2.15510204081633 0.0
2.15918367346939 0.0
2.16326530612245 0.0
2.16734693877551 0.0
2.17142857142857 0.0
2.17551020408163 0.0
2.17959183673469 0.0
2.18367346938776 0.0
2.18775510204082 0.0
2.19183673469388 0.0
2.19591836734694 0.0
2.2 0.0
2.20408163265306 0.0
2.20816326530612 0.0
2.21224489795918 0.0
2.21632653061224 0.0
2.22040816326531 0.0
2.22448979591837 0.0
2.22857142857143 0.0
2.23265306122449 0.0
2.23673469387755 0.0
2.24081632653061 0.0
2.24489795918367 0.0
2.24897959183673 0.0
2.2530612244898 0.0
2.25714285714286 0.0
2.26122448979592 0.0
2.26530612244898 0.0
2.26938775510204 0.0
2.2734693877551 0.0
2.27755102040816 0.0
2.28163265306122 0.0
2.28571428571429 0.0
2.28979591836735 0.0
2.29387755102041 0.0
2.29795918367347 0.0
2.30204081632653 0.0
2.30612244897959 0.0
2.31020408163265 0.0
2.31428571428571 0.0
2.31836734693878 0.0
2.32244897959184 0.0
2.3265306122449 0.0
2.33061224489796 0.0
2.33469387755102 0.0
2.33877551020408 0.0
2.34285714285714 0.0
2.3469387755102 0.0
2.35102040816327 0.0
2.35510204081633 0.0
2.35918367346939 0.0
2.36326530612245 0.0
2.36734693877551 0.0
2.37142857142857 0.0
2.37551020408163 0.0
2.37959183673469 0.0
2.38367346938776 0.0
2.38775510204082 0.0
2.39183673469388 0.0
2.39591836734694 0.0
2.4 0.0
2.40408163265306 0.0
2.40816326530612 0.0
2.41224489795918 0.0
2.41632653061225 0.0
2.42040816326531 0.0
2.42448979591837 0.0
2.42857142857143 0.0
2.43265306122449 0.0
2.43673469387755 0.0
2.44081632653061 0.0
2.44489795918367 0.0
2.44897959183673 0.0
2.4530612244898 0.0
2.45714285714286 0.0
2.46122448979592 0.0
2.46530612244898 0.0
2.46938775510204 0.0
2.4734693877551 0.0
2.47755102040816 0.0
2.48163265306122 0.0
2.48571428571429 0.0
2.48979591836735 0.0
2.49387755102041 0.0
2.49795918367347 0.0
2.50204081632653 0.0
2.50612244897959 0.0
2.51020408163265 0.0
2.51428571428571 0.0
2.51836734693878 0.0
2.52244897959184 0.0
2.5265306122449 0.0
2.53061224489796 0.0
2.53469387755102 0.0
2.53877551020408 0.0
2.54285714285714 0.0
2.5469387755102 0.0
2.55102040816327 0.0
2.55510204081633 0.0
2.55918367346939 0.0
2.56326530612245 0.0
2.56734693877551 0.0
2.57142857142857 0.0
2.57551020408163 0.0
2.57959183673469 0.0
2.58367346938775 0.0
2.58775510204082 0.0
2.59183673469388 0.0
2.59591836734694 0.0
2.6 0.0
2.60408163265306 0.0
2.60816326530612 0.0
2.61224489795918 0.0
2.61632653061224 0.0
2.62040816326531 0.0
2.62448979591837 0.0
2.62857142857143 0.0
2.63265306122449 0.0
2.63673469387755 0.0
2.64081632653061 0.0
2.64489795918367 0.0
2.64897959183673 0.0
2.6530612244898 0.0
2.65714285714286 0.0
2.66122448979592 0.0
2.66530612244898 0.0
2.66938775510204 0.0
2.6734693877551 0.0
2.67755102040816 0.0
2.68163265306122 0.0
2.68571428571429 0.0
2.68979591836735 0.0
2.69387755102041 0.0
2.69795918367347 0.0
2.70204081632653 0.0
2.70612244897959 0.0
2.71020408163265 0.0
2.71428571428571 0.0
2.71836734693878 0.0
2.72244897959184 0.0
2.7265306122449 0.0
2.73061224489796 0.0
2.73469387755102 0.0
2.73877551020408 0.0
2.74285714285714 0.0
2.7469387755102 0.0
2.75102040816327 0.0
2.75510204081633 0.0
2.75918367346939 0.0
2.76326530612245 0.0
2.76734693877551 0.0
2.77142857142857 0.0
2.77551020408163 0.0
2.77959183673469 0.0
2.78367346938776 0.0
2.78775510204082 0.0
2.79183673469388 0.0
2.79591836734694 0.0
2.8 0.0
2.80408163265306 0.0
2.80816326530612 0.0
2.81224489795918 0.0
2.81632653061224 0.0
2.82040816326531 0.0
2.82448979591837 0.0
2.82857142857143 0.0
2.83265306122449 0.0
2.83673469387755 0.0
2.84081632653061 0.0
2.84489795918367 0.0
2.84897959183673 0.0
2.8530612244898 0.0
2.85714285714286 0.0
2.86122448979592 0.0
2.86530612244898 0.0
2.86938775510204 0.0
2.8734693877551 0.0
2.87755102040816 0.0
2.88163265306122 0.0
2.88571428571429 0.0
2.88979591836735 0.0
2.89387755102041 0.0
2.89795918367347 0.0
2.90204081632653 0.0
2.90612244897959 0.0
2.91020408163265 0.0
2.91428571428571 91.1249
2.91836734693878 126.868
2.92244897959184 387.709
2.9265306122449 224.711
2.93061224489796 248.365
2.93469387755102 159.832
2.93877551020408 131.485
2.94285714285714 108.153
2.9469387755102 58.7887
2.95102040816327 47.1045
2.95510204081633 2.98202
2.95918367346939 0.0
2.96326530612245 0.0
2.96734693877551 0.0
2.97142857142857 0.0
2.97551020408163 0.0
2.97959183673469 0.0
2.98367346938775 0.0
2.98775510204082 0.0
2.99183673469388 0.940323
2.99591836734694 0.0
3.0 0.0
3.00408163265306 0.0
3.00816326530612 647.28
3.01224489795918 201.305
3.01632653061225 231.485
3.02040816326531 227.463
3.02448979591837 330.186
3.02857142857143 219.768
3.03265306122449 199.067
3.03673469387755 147.264
3.04081632653061 111.095
3.04489795918367 86.4659
3.04897959183673 43.2171
3.0530612244898 22.7602
3.05714285714286 0.0
3.06122448979592 0.0
3.06530612244898 0.0
3.06938775510204 0.0
3.0734693877551 0.0
3.07755102040816 0.0
3.08163265306122 0.0
3.08571428571429 0.0
3.08979591836735 0.0
3.09387755102041 0.0
3.09795918367347 0.0
3.10204081632653 0.0
3.10612244897959 0.0
3.11020408163265 0.0
3.11428571428571 0.0
3.11836734693878 0.0
3.12244897959184 0.0
3.1265306122449 0.0
3.13061224489796 0.0
3.13469387755102 0.0
3.13877551020408 0.0
3.14285714285714 0.0
3.1469387755102 0.0
3.15102040816327 0.0
3.15510204081633 0.0
3.15918367346939 0.0
3.16326530612245 0.0
3.16734693877551 0.0
3.17142857142857 0.0
3.17551020408163 0.0
3.17959183673469 0.0
3.18367346938776 0.0
3.18775510204082 0.0
3.19183673469388 0.0
3.19591836734694 0.0
3.2 0.0
3.20408163265306 0.0
3.20816326530612 0.0
3.21224489795918 0.0
3.21632653061224 0.0
3.22040816326531 0.0
3.22448979591837 0.0
3.22857142857143 0.0
3.23265306122449 0.0
3.23673469387755 0.0
3.24081632653061 0.0
3.24489795918367 0.0
3.24897959183673 0.0
3.2530612244898 0.0
3.25714285714286 0.0
3.26122448979592 0.0
3.26530612244898 0.0
3.26938775510204 0.0
3.2734693877551 0.0
3.27755102040816 0.0
3.28163265306122 0.0
3.28571428571429 0.0
3.28979591836735 0.0
3.29387755102041 0.0
3.29795918367347 0.0
3.30204081632653 0.0
3.30612244897959 0.0
3.31020408163265 0.0
3.31428571428571 0.0
3.31836734693878 0.0
3.32244897959184 0.0
3.3265306122449 0.0
3.33061224489796 0.0
3.33469387755102 0.0
3.33877551020408 0.0
3.34285714285714 0.0
3.3469387755102 0.0
3.35102040816327 0.0
3.35510204081633 0.0
3.35918367346939 0.0
3.36326530612245 0.0
3.36734693877551 0.0
3.37142857142857 0.0
3.37551020408163 0.0
3.37959183673469 0.0
3.38367346938776 0.0
3.38775510204082 0.0
3.39183673469388 0.0
3.39591836734694 0.0
3.4 0.0
3.40408163265306 0.0
3.40816326530612 0.0
3.41224489795918 0.0
3.41632653061225 0.0
3.42040816326531 0.0
3.42448979591837 0.0
3.42857142857143 0.0
3.43265306122449 0.0
3.43673469387755 0.0
3.44081632653061 0.0
3.44489795918367 0.0
3.44897959183673 0.0
3.4530612244898 0.0
3.45714285714286 0.0
3.46122448979592 0.0
3.46530612244898 0.0
3.46938775510204 0.0
3.4734693877551 0.0
3.47755102040816 0.0
3.48163265306122 0.0
3.48571428571429 0.0
3.48979591836735 0.0
3.49387755102041 0.0
3.49795918367347 0.0
3.50204081632653 0.0
3.50612244897959 0.0
3.51020408163265 0.0
3.51428571428571 0.0
3.51836734693878 0.0
3.52244897959184 0.0
3.5265306122449 0.0
3.53061224489796 0.0
3.53469387755102 0.0
3.53877551020408 0.0
3.54285714285714 0.0
3.5469387755102 0.0
3.55102040816327 0.0
3.55510204081633 0.0
3.55918367346939 0.0
3.56326530612245 0.0
3.56734693877551 0.0
3.57142857142857 0.0
3.57551020408163 0.0
3.57959183673469 0.0
3.58367346938775 0.0
3.58775510204082 0.0
3.59183673469388 0.0
3.59591836734694 0.0
3.6 0.0
3.60408163265306 0.0
3.60816326530612 0.0
3.61224489795918 0.0
3.61632653061224 0.0
3.62040816326531 0.0
3.62448979591837 0.0
3.62857142857143 0.0
3.63265306122449 0.0
3.63673469387755 0.0
3.64081632653061 0.0
3.64489795918367 0.0
3.64897959183673 0.0
3.6530612244898 0.0
3.65714285714286 0.0
3.66122448979592 0.0
3.66530612244898 0.0
3.66938775510204 0.0
3.6734693877551 0.0
3.67755102040816 0.0
3.68163265306122 0.0
3.68571428571429 0.0
3.68979591836735 0.0
3.69387755102041 0.0
3.69795918367347 0.0
3.70204081632653 0.0
3.70612244897959 0.0
3.71020408163265 0.0
3.71428571428571 0.0
3.71836734693878 0.0
3.72244897959184 0.0
3.7265306122449 0.0
3.73061224489796 0.0
3.73469387755102 0.0
3.73877551020408 0.0
3.74285714285714 0.0
3.7469387755102 0.0
3.75102040816327 0.0
3.75510204081633 0.0
3.75918367346939 0.0
3.76326530612245 0.0
3.76734693877551 0.0
3.77142857142857 0.0
3.77551020408163 0.0
3.77959183673469 0.0
3.78367346938776 0.0
3.78775510204082 0.0
3.79183673469388 0.0
3.79591836734694 0.0
3.8 0.0
3.80408163265306 0.0
3.80816326530612 0.0
3.81224489795918 0.0
3.81632653061224 0.0
3.82040816326531 0.0
3.82448979591837 0.0
3.82857142857143 0.0
3.83265306122449 0.0
3.83673469387755 0.0
3.84081632653061 0.0
3.84489795918367 0.0
3.84897959183673 0.0
3.8530612244898 0.0
3.85714285714286 0.0
3.86122448979592 0.0
3.86530612244898 0.0
3.86938775510204 0.0
3.8734693877551 0.0
3.87755102040816 0.0
3.88163265306122 0.0
3.88571428571429 0.0
3.88979591836735 0.0
3.89387755102041 0.0
3.89795918367347 0.0
3.90204081632653 0.0
3.90612244897959 0.0
3.91020408163265 16739.2
3.91428571428571 152.394
3.91836734693878 79.6309
3.92244897959184 392.163
3.9265306122449 230.716
3.93061224489796 241.23
3.93469387755102 161.328
3.93877551020408 131.303
3.94285714285714 110.468
3.9469387755102 57.9645
3.95102040816327 45.9447
3.95510204081633 2.9428
3.95918367346939 0.0
3.96326530612245 0.0
3.96734693877551 0.0
3.97142857142857 0.0
3.97551020408163 0.0
3.97959183673469 0.0
3.98367346938775 0.0
3.98775510204082 0.0
3.99183673469388 0.934362
3.99591836734694 0.0
4.0 0.0
4.00408163265306 0.0
4.00816326530612 266.426
4.01224489795918 148.721
4.01632653061225 305.273
4.02040816326531 290.552
4.02448979591837 331.895
4.02857142857143 245.314
4.03265306122449 203.723
4.03673469387755 158.326
4.04081632653061 119.343
4.04489795918367 89.2422
4.04897959183673 50.6136
4.0530612244898 24.2127
4.05714285714286 0.0
4.06122448979592 0.0
4.06530612244898 0.0
4.06938775510204 0.0
4.0734693877551 0.0
4.07755102040816 0.0
4.08163265306122 0.0
4.08571428571429 0.0
4.08979591836735 0.0
4.09387755102041 0.0
4.09795918367347 0.0
4.10204081632653 46.2118
4.10612244897959 0.0
4.11020408163265 0.0
4.11428571428571 0.0
4.11836734693878 0.0
4.12244897959184 0.0
4.1265306122449 0.0
4.13061224489796 0.0
4.13469387755102 0.0
4.13877551020408 0.0
4.14285714285714 0.0
4.1469387755102 0.0
4.15102040816326 0.0
4.15510204081633 0.0
4.15918367346939 0.0
4.16326530612245 0.0
4.16734693877551 0.0
4.17142857142857 0.0
4.17551020408163 0.0
4.17959183673469 0.0
4.18367346938776 0.0
4.18775510204082 0.0
4.19183673469388 0.0
4.19591836734694 0.0
4.2 0.0
4.20408163265306 0.0
4.20816326530612 0.0
4.21224489795918 0.0
4.21632653061225 0.0
4.22040816326531 0.0
4.22448979591837 0.0
4.22857142857143 0.0
4.23265306122449 0.0
4.23673469387755 0.0
4.24081632653061 0.0
4.24489795918367 0.0
4.24897959183673 0.0
4.2530612244898 0.0
4.25714285714286 0.0
4.26122448979592 0.0
4.26530612244898 0.0
4.26938775510204 0.0
4.2734693877551 0.0
4.27755102040816 0.0
4.28163265306122 0.0
4.28571428571429 0.0
4.28979591836735 0.0
4.29387755102041 0.0
4.29795918367347 0.0
4.30204081632653 0.0
4.30612244897959 0.0
4.31020408163265 0.0
4.31428571428571 0.0
4.31836734693878 0.0
4.32244897959184 0.0
4.3265306122449 0.0
4.33061224489796 0.0
4.33469387755102 0.0
4.33877551020408 0.0
4.34285714285714 0.0
4.3469387755102 0.0
4.35102040816327 0.0
4.35510204081633 0.0
4.35918367346939 0.0
4.36326530612245 0.0
4.36734693877551 0.0
4.37142857142857 0.0
4.37551020408163 0.0
4.37959183673469 0.0
4.38367346938776 0.0
4.38775510204082 0.0
4.39183673469388 0.0
4.39591836734694 0.0
4.4 0.0
4.40408163265306 0.0
4.40816326530612 0.0
4.41224489795918 0.0
4.41632653061224 0.0
4.42040816326531 0.0
4.42448979591837 0.0
4.42857142857143 0.0
4.43265306122449 0.0
4.43673469387755 0.0
4.44081632653061 0.0
4.44489795918367 0.0
4.44897959183673 0.0
4.4530612244898 0.0
4.45714285714286 0.0
4.46122448979592 0.0
4.46530612244898 0.0
4.46938775510204 0.0
4.4734693877551 0.0
4.47755102040816 0.0
4.48163265306122 0.0
4.48571428571429 0.0
4.48979591836735 0.0
4.49387755102041 0.0
4.49795918367347 0.0
4.50204081632653 0.0
4.50612244897959 0.0
4.51020408163265 0.0
4.51428571428571 0.0
4.51836734693878 0.0
4.52244897959184 0.0
4.5265306122449 0.0
4.53061224489796 0.0
4.53469387755102 0.0
4.53877551020408 0.0
4.54285714285714 0.0
4.5469387755102 0.0
4.55102040816327 0.0
4.55510204081633 0.0
4.55918367346939 0.0
4.56326530612245 0.0
4.56734693877551 0.0
4.57142857142857 0.0
4.57551020408163 0.0
4.57959183673469 0.0
4.58367346938776 0.0
4.58775510204082 0.0
4.59183673469388 0.0
4.59591836734694 0.0
4.6 0.0
4.60408163265306 0.0
4.60816326530612 0.0
4.61224489795918 0.0
4.61632653061224 0.0
4.62040816326531 0.0
4.62448979591837 0.0
4.62857142857143 0.0
4.63265306122449 0.0
4.63673469387755 0.0
4.64081632653061 0.0
4.64489795918367 0.0
4.64897959183673 0.0
4.6530612244898 0.0
4.65714285714286 0.0
4.66122448979592 0.0
4.66530612244898 0.0
4.66938775510204 0.0
4.6734693877551 0.0
4.67755102040816 0.0
4.68163265306122 0.0
4.68571428571429 0.0
4.68979591836735 0.0
4.69387755102041 0.0
4.69795918367347 0.0
4.70204081632653 0.0
4.70612244897959 0.0
4.71020408163265 0.0
4.71428571428571 0.0
4.71836734693878 0.0
4.72244897959184 0.0
4.7265306122449 0.0
4.73061224489796 0.0
4.73469387755102 0.0
4.73877551020408 0.0
4.74285714285714 0.0
4.7469387755102 0.0
4.75102040816327 0.0
4.75510204081633 0.0
4.75918367346939 0.0
4.76326530612245 0.0
4.76734693877551 0.0
4.77142857142857 0.0
4.77551020408163 0.0
4.77959183673469 0.0
4.78367346938775 0.0
4.78775510204082 0.0
4.79183673469388 0.0
4.79591836734694 0.0
4.8 0.0
4.80408163265306 0.0
4.80816326530612 0.0
4.81224489795918 0.0
4.81632653061224 0.0
4.82040816326531 0.0
4.82448979591837 0.0
4.82857142857143 0.0
4.83265306122449 0.0
4.83673469387755 0.0
4.84081632653061 0.0
4.84489795918367 0.0
4.84897959183674 0.0
4.8530612244898 0.0
4.85714285714286 0.0
4.86122448979592 0.0
4.86530612244898 0.0
4.86938775510204 0.0
4.8734693877551 0.0
4.87755102040816 0.0
4.88163265306122 0.0
4.88571428571429 0.0
4.88979591836735 0.0
4.89387755102041 0.0
4.89795918367347 0.0
4.90204081632653 0.0
4.90612244897959 0.0
4.91020408163265 14283.2
4.91428571428571 216.047
4.91836734693878 65.0104
4.92244897959184 404.673
4.9265306122449 237.554
4.93061224489796 234.365
4.93469387755102 163.934
4.93877551020408 127.219
4.94285714285714 111.346
4.9469387755102 57.5153
4.95102040816327 43.9379
4.95510204081633 3.40307
4.95918367346939 0.0
4.96326530612245 0.0
4.96734693877551 0.0
4.97142857142857 0.0
4.97551020408163 0.0
4.97959183673469 0.0
4.98367346938775 0.0
4.98775510204082 0.0
4.99183673469388 0.92864
4.99591836734694 0.0
5.0 0.0
5.00408163265306 0.0
5.00816326530612 607.134
5.01224489795918 61.4842
5.01632653061225 372.22
5.02040816326531 184.158
5.02448979591837 339.06
5.02857142857143 221.249
5.03265306122449 198.986
5.03673469387755 156.889
5.04081632653061 108.725
5.04489795918367 89.9058
5.04897959183673 44.3819
5.0530612244898 22.8305
5.05714285714286 0.0
5.06122448979592 0.0
5.06530612244898 0.0
5.06938775510204 0.0
5.0734693877551 0.0
5.07755102040816 0.0
5.08163265306122 0.0
5.08571428571429 0.0
5.08979591836735 0.0
5.09387755102041 0.0
5.09795918367347 0.0
5.10204081632653 0.0
5.10612244897959 0.0
5.11020408163265 0.0
5.11428571428571 0.0
5.11836734693878 0.0
5.12244897959184 0.0
5.1265306122449 0.0
5.13061224489796 0.0
5.13469387755102 0.0
5.13877551020408 0.0
5.14285714285714 0.0
5.1469387755102 0.0
5.15102040816326 0.0
5.15510204081633 0.0
5.15918367346939 0.0
5.16326530612245 0.0
5.16734693877551 0.0
5.17142857142857 0.0
5.17551020408163 0.0
5.17959183673469 0.0
5.18367346938776 0.0
5.18775510204082 0.0
5.19183673469388 0.0
5.19591836734694 0.0
5.2 0.0
5.20408163265306 0.0
5.20816326530612 0.0
5.21224489795918 0.0
5.21632653061225 0.0
5.22040816326531 0.0
5.22448979591837 0.0
5.22857142857143 0.0
5.23265306122449 0.0
5.23673469387755 0.0
5.24081632653061 0.0
5.24489795918367 0.0
5.24897959183673 0.0
5.2530612244898 0.0
5.25714285714286 0.0
5.26122448979592 0.0
5.26530612244898 0.0
5.26938775510204 0.0
5.2734693877551 0.0
5.27755102040816 0.0
5.28163265306122 0.0
5.28571428571429 0.0
5.28979591836735 0.0
5.29387755102041 0.0
5.29795918367347 0.0
5.30204081632653 0.0
5.30612244897959 0.0
5.31020408163265 0.0
5.31428571428571 0.0
5.31836734693878 0.0
5.32244897959184 0.0
5.3265306122449 0.0
5.33061224489796 0.0
5.33469387755102 0.0
5.33877551020408 0.0
5.34285714285714 0.0
5.3469387755102 0.0
5.35102040816327 0.0
5.35510204081633 0.0
5.35918367346939 0.0
5.36326530612245 0.0
5.36734693877551 0.0
5.37142857142857 0.0
5.37551020408163 0.0
5.37959183673469 0.0
5.38367346938776 0.0
5.38775510204082 0.0
5.39183673469388 0.0
5.39591836734694 0.0
5.4 0.0
5.40408163265306 0.0
5.40816326530612 0.0
5.41224489795918 0.0
5.41632653061224 0.0
5.42040816326531 0.0
5.42448979591837 0.0
5.42857142857143 0.0
5.43265306122449 0.0
5.43673469387755 0.0
5.44081632653061 0.0
5.44489795918367 0.0
5.44897959183673 0.0
5.4530612244898 0.0
5.45714285714286 0.0
5.46122448979592 0.0
5.46530612244898 0.0
5.46938775510204 0.0
5.4734693877551 0.0
5.47755102040816 0.0
5.48163265306122 0.0
5.48571428571429 0.0
5.48979591836735 0.0
5.49387755102041 0.0
5.49795918367347 0.0
5.50204081632653 0.0
5.50612244897959 0.0
5.51020408163265 0.0
5.51428571428571 0.0
5.51836734693878 0.0
5.52244897959184 0.0
5.5265306122449 0.0
5.53061224489796 0.0
5.53469387755102 0.0
5.53877551020408 0.0
5.54285714285714 0.0
5.5469387755102 0.0
5.55102040816327 0.0
5.55510204081633 0.0
5.55918367346939 0.0
5.56326530612245 0.0
5.56734693877551 0.0
5.57142857142857 0.0
5.57551020408163 0.0
5.57959183673469 0.0
5.58367346938776 0.0
5.58775510204082 0.0
5.59183673469388 0.0
5.59591836734694 0.0
5.6 0.0
5.60408163265306 0.0
5.60816326530612 0.0
5.61224489795918 0.0
5.61632653061224 0.0
5.62040816326531 0.0
5.62448979591837 0.0
5.62857142857143 0.0
5.63265306122449 0.0
5.63673469387755 0.0
5.64081632653061 0.0
5.64489795918367 0.0
5.64897959183673 0.0
5.6530612244898 0.0
5.65714285714286 0.0
5.66122448979592 0.0
5.66530612244898 0.0
5.66938775510204 0.0
5.6734693877551 0.0
5.67755102040816 0.0
5.68163265306122 0.0
5.68571428571429 0.0
5.68979591836735 0.0
5.69387755102041 0.0
5.69795918367347 0.0
5.70204081632653 0.0
5.70612244897959 0.0
5.71020408163265 0.0
5.71428571428571 0.0
5.71836734693878 0.0
5.72244897959184 0.0
5.7265306122449 0.0
5.73061224489796 0.0
5.73469387755102 0.0
5.73877551020408 0.0
5.74285714285714 0.0
5.7469387755102 0.0
5.75102040816327 0.0
5.75510204081633 0.0
5.75918367346939 0.0
5.76326530612245 0.0
5.76734693877551 0.0
5.77142857142857 0.0
5.77551020408163 0.0
5.77959183673469 0.0
5.78367346938775 0.0
5.78775510204082 0.0
5.79183673469388 0.0
5.79591836734694 0.0
5.8 0.0
5.80408163265306 0.0
5.80816326530612 0.0
5.81224489795918 0.0
5.81632653061224 0.0
5.82040816326531 0.0
5.82448979591837 0.0
5.82857142857143 0.0
5.83265306122449 0.0
5.83673469387755 0.0
5.84081632653061 0.0
5.84489795918367 0.0
5.84897959183674 0.0
5.8530612244898 0.0
5.85714285714286 0.0
5.86122448979592 0.0
5.86530612244898 0.0
5.86938775510204 0.0
5.8734693877551 0.0
5.87755102040816 0.0
5.88163265306122 0.0
5.88571428571429 0.0
5.88979591836735 0.0
5.89387755102041 0.0
5.89795918367347 0.0
5.90204081632653 0.0
5.90612244897959 0.0
5.91020408163265 43.0816
5.91428571428571 25.8568
5.91836734693878 295.304
5.92244897959184 269.367
5.9265306122449 216.203
5.93061224489796 253.621
5.93469387755102 156.366
5.93877551020408 158.091
5.94285714285714 98.605
5.9469387755102 61.0027
5.95102040816327 46.9699
5.95510204081633 3.08323
5.95918367346939 0.0
5.96326530612245 0.0
5.96734693877551 0.0
5.97142857142857 0.0
5.97551020408163 0.0
5.97959183673469 0.0
5.98367346938775 0.0
5.98775510204082 0.0
5.99183673469388 0.0
5.99591836734694 0.0
6.0 0.0
6.00408163265306 0.0
6.00816326530612 235.656
6.01224489795918 330.033
6.01632653061225 170.587
6.02040816326531 273.532
6.02448979591837 319.432
6.02857142857143 222.525
6.03265306122449 204.253
6.03673469387755 144.447
6.04081632653061 120.464
6.04489795918367 89.481
6.04897959183673 43.238
6.0530612244898 26.1913
6.05714285714286 0.0
6.06122448979592 0.0
6.06530612244898 0.0
6.06938775510204 0.0
6.0734693877551 0.0
6.07755102040816 0.0
6.08163265306122 0.0
6.08571428571429 0.0
6.08979591836735 0.0
6.09387755102041 0.0
6.09795918367347 0.0
6.10204081632653 28.9492
6.10612244897959 0.0
6.11020408163265 0.0
6.11428571428571 0.0
6.11836734693878 0.0
6.12244897959184 0.0
6.1265306122449 0.0
6.13061224489796 0.0
6.13469387755102 0.0
6.13877551020408 0.0
6.14285714285714 0.0
6.1469387755102 0.0
6.15102040816326 0.0
6.15510204081633 0.0
6.15918367346939 0.0
6.16326530612245 0.0
6.16734693877551 0.0
6.17142857142857 0.0
6.17551020408163 0.0
6.17959183673469 0.0
6.18367346938776 0.0
6.18775510204082 0.0
6.19183673469388 0.0
6.19591836734694 0.0
6.2 0.0
6.20408163265306 0.0
6.20816326530612 0.0
6.21224489795918 0.0
6.21632653061225 0.0
6.22040816326531 0.0
6.22448979591837 0.0
6.22857142857143 0.0
6.23265306122449 0.0
6.23673469387755 0.0
6.24081632653061 0.0
6.24489795918367 0.0
6.24897959183673 0.0
6.2530612244898 0.0
6.25714285714286 0.0
6.26122448979592 0.0
6.26530612244898 0.0
6.26938775510204 0.0
6.2734693877551 0.0
6.27755102040816 0.0
6.28163265306122 0.0
6.28571428571429 0.0
6.28979591836735 0.0
6.29387755102041 0.0
6.29795918367347 0.0
6.30204081632653 0.0
6.30612244897959 0.0
6.31020408163265 0.0
6.31428571428571 0.0
6.31836734693878 0.0
6.32244897959184 0.0
6.3265306122449 0.0
6.33061224489796 0.0
6.33469387755102 0.0
6.33877551020408 0.0
6.34285714285714 0.0
6.3469387755102 0.0
6.35102040816327 0.0
6.35510204081633 0.0
6.35918367346939 0.0
6.36326530612245 0.0
6.36734693877551 0.0
6.37142857142857 0.0
6.37551020408163 0.0
6.37959183673469 0.0
6.38367346938776 0.0
6.38775510204082 0.0
6.39183673469388 0.0
6.39591836734694 0.0
6.4 0.0
6.40408163265306 0.0
6.40816326530612 0.0
6.41224489795918 0.0
6.41632653061224 0.0
6.42040816326531 0.0
6.42448979591837 0.0
6.42857142857143 0.0
6.43265306122449 0.0
6.43673469387755 0.0
6.44081632653061 0.0
6.44489795918367 0.0
6.44897959183673 0.0
6.4530612244898 0.0
6.45714285714286 0.0
6.46122448979592 0.0
6.46530612244898 0.0
6.46938775510204 0.0
6.4734693877551 0.0
6.47755102040816 0.0
6.48163265306122 0.0
6.48571428571429 0.0
6.48979591836735 0.0
6.49387755102041 0.0
6.49795918367347 0.0
6.50204081632653 0.0
6.50612244897959 0.0
6.51020408163265 0.0
6.51428571428571 0.0
6.51836734693878 0.0
6.52244897959184 0.0
6.5265306122449 0.0
6.53061224489796 0.0
6.53469387755102 0.0
6.53877551020408 0.0
6.54285714285714 0.0
6.5469387755102 0.0
6.55102040816327 0.0
6.55510204081633 0.0
6.55918367346939 0.0
6.56326530612245 0.0
6.56734693877551 0.0
6.57142857142857 0.0
6.57551020408163 0.0
6.57959183673469 0.0
6.58367346938776 0.0
6.58775510204082 0.0
6.59183673469388 0.0
6.59591836734694 0.0
6.6 0.0
6.60408163265306 0.0
6.60816326530612 0.0
6.61224489795918 0.0
6.61632653061224 0.0
6.62040816326531 0.0
6.62448979591837 0.0
6.62857142857143 0.0
6.63265306122449 0.0
6.63673469387755 0.0
6.64081632653061 0.0
6.64489795918367 0.0
6.64897959183673 0.0
6.6530612244898 0.0
6.65714285714286 0.0
6.66122448979592 0.0
6.66530612244898 0.0
6.66938775510204 0.0
6.6734693877551 0.0
6.67755102040816 0.0
6.68163265306122 0.0
6.68571428571429 0.0
6.68979591836735 0.0
6.69387755102041 0.0
6.69795918367347 0.0
6.70204081632653 0.0
6.70612244897959 0.0
6.71020408163265 0.0
6.71428571428571 0.0
6.71836734693878 0.0
6.72244897959184 0.0
6.7265306122449 0.0
6.73061224489796 0.0
6.73469387755102 0.0
6.73877551020408 0.0
6.74285714285714 0.0
6.7469387755102 0.0
6.75102040816327 0.0
6.75510204081633 0.0
6.75918367346939 0.0
6.76326530612245 0.0
6.76734693877551 0.0
6.77142857142857 0.0
6.77551020408163 0.0
6.77959183673469 0.0
6.78367346938775 0.0
6.78775510204082 0.0
6.79183673469388 0.0
6.79591836734694 0.0
6.8 0.0
6.80408163265306 0.0
6.80816326530612 0.0
6.81224489795918 0.0
6.81632653061224 0.0
6.82040816326531 0.0
6.82448979591837 0.0
6.82857142857143 0.0
6.83265306122449 0.0
6.83673469387755 0.0
6.84081632653061 0.0
6.84489795918367 0.0
6.84897959183674 0.0
6.8530612244898 0.0
6.85714285714286 0.0
6.86122448979592 0.0
6.86530612244898 0.0
6.86938775510204 0.0
6.8734693877551 0.0
6.87755102040816 0.0
6.88163265306122 0.0
6.88571428571429 0.0
6.88979591836735 0.0
6.89387755102041 0.0
6.89795918367347 0.0
6.90204081632653 0.0
6.90612244897959 0.0
6.91020408163265 0.0
6.91428571428571 121.516
6.91836734693878 102.358
6.92244897959184 388.811
6.9265306122449 227.591
6.93061224489796 245.134
6.93469387755102 160.885
6.93877551020408 131.046
6.94285714285714 109.914
6.9469387755102 58.3305
6.95102040816327 46.6325
6.95510204081633 2.9614
6.95918367346939 0.0
6.96326530612245 0.0
6.96734693877551 0.0
6.97142857142857 0.0
6.97551020408163 0.0
6.97959183673469 0.0
6.98367346938775 0.0
6.98775510204082 0.0
6.99183673469388 0.937223
6.99591836734694 0.0
7.0 0.0
7.00408163265306 0.0
7.00816326530612 639.742
7.01224489795918 209.46
7.01632653061225 202.914
7.02040816326531 114.81
7.02448979591837 338.381
7.02857142857143 182.096
7.03265306122449 202.056
7.03673469387755 140.54
7.04081632653061 98.4384
7.04489795918367 93.9501
7.04897959183673 35.7866
7.0530612244898 26.257
7.05714285714286 0.0
7.06122448979592 0.0
7.06530612244898 0.0
7.06938775510204 0.0
7.0734693877551 0.0
7.07755102040816 0.0
7.08163265306122 0.0
7.08571428571429 0.0
7.08979591836735 0.0
7.09387755102041 0.0
7.09795918367347 0.0
7.10204081632653 31.3792
7.10612244897959 0.0
7.11020408163265 0.0
7.11428571428571 0.0
7.11836734693878 0.0
7.12244897959184 0.0
7.1265306122449 0.0
7.13061224489796 0.0
7.13469387755102 0.0
7.13877551020408 0.0
7.14285714285714 0.0
7.1469387755102 0.0
7.15102040816326 0.0
7.15510204081633 0.0
7.15918367346939 0.0
7.16326530612245 0.0
7.16734693877551 0.0
7.17142857142857 0.0
7.17551020408163 0.0
7.17959183673469 0.0
7.18367346938776 0.0
7.18775510204082 0.0
7.19183673469388 0.0
7.19591836734694 0.0
7.2 0.0
7.20408163265306 0.0
7.20816326530612 0.0
7.21224489795918 0.0
7.21632653061225 0.0
7.22040816326531 0.0
7.22448979591837 0.0
7.22857142857143 0.0
7.23265306122449 0.0
7.23673469387755 0.0
7.24081632653061 0.0
7.24489795918367 0.0
7.24897959183673 0.0
7.2530612244898 0.0
7.25714285714286 0.0
7.26122448979592 0.0
7.26530612244898 0.0
7.26938775510204 0.0
7.2734693877551 0.0
7.27755102040816 0.0
7.28163265306122 0.0
7.28571428571429 0.0
7.28979591836735 0.0
7.29387755102041 0.0
7.29795918367347 0.0
7.30204081632653 0.0
7.30612244897959 0.0
7.31020408163265 0.0
7.31428571428571 0.0
7.31836734693878 0.0
7.32244897959184 0.0
7.3265306122449 0.0
7.33061224489796 0.0
7.33469387755102 0.0
7.33877551020408 0.0
7.34285714285714 0.0
7.3469387755102 0.0
7.35102040816327 0.0
7.35510204081633 0.0
7.35918367346939 0.0
7.36326530612245 0.0
7.36734693877551 0.0
7.37142857142857 0.0
7.37551020408163 0.0
7.37959183673469 0.0
7.38367346938776 0.0
7.38775510204082 0.0
7.39183673469388 0.0
7.39591836734694 0.0
7.4 0.0
7.40408163265306 0.0
7.40816326530612 0.0
7.41224489795918 0.0
7.41632653061224 0.0
7.42040816326531 0.0
7.42448979591837 0.0
7.42857142857143 0.0
7.43265306122449 0.0
7.43673469387755 0.0
7.44081632653061 0.0
7.44489795918367 0.0
7.44897959183673 0.0
7.4530612244898 0.0
7.45714285714286 0.0
7.46122448979592 0.0
7.46530612244898 0.0
7.46938775510204 0.0
7.4734693877551 0.0
7.47755102040816 0.0
7.48163265306122 0.0
7.48571428571429 0.0
7.48979591836735 0.0
7.49387755102041 0.0
7.49795918367347 0.0
7.50204081632653 0.0
7.50612244897959 0.0
7.51020408163265 0.0
7.51428571428571 0.0
7.51836734693878 0.0
7.52244897959184 0.0
7.5265306122449 0.0
7.53061224489796 0.0
7.53469387755102 0.0
7.53877551020408 0.0
7.54285714285714 0.0
7.5469387755102 0.0
7.55102040816327 0.0
7.55510204081633 0.0
7.55918367346939 0.0
7.56326530612245 0.0
7.56734693877551 0.0
7.57142857142857 0.0
7.57551020408163 0.0
7.57959183673469 0.0
7.58367346938776 0.0
7.58775510204082 0.0
7.59183673469388 0.0
7.59591836734694 0.0
7.6 0.0
7.60408163265306 0.0
7.60816326530612 0.0
7.61224489795918 0.0
7.61632653061224 0.0
7.62040816326531 0.0
7.62448979591837 0.0
7.62857142857143 0.0
7.63265306122449 0.0
7.63673469387755 0.0
7.64081632653061 0.0
7.64489795918367 0.0
7.64897959183673 0.0
7.6530612244898 0.0
7.65714285714286 0.0
7.66122448979592 0.0
7.66530612244898 0.0
7.66938775510204 0.0
7.6734693877551 0.0
7.67755102040816 0.0
7.68163265306122 0.0
7.68571428571429 0.0
7.68979591836735 0.0
7.69387755102041 0.0
7.69795918367347 0.0
7.70204081632653 0.0
7.70612244897959 0.0
7.71020408163265 0.0
7.71428571428571 0.0
7.71836734693878 0.0
7.72244897959184 0.0
7.7265306122449 0.0
7.73061224489796 0.0
7.73469387755102 0.0
7.73877551020408 0.0
7.74285714285714 0.0
7.7469387755102 0.0
7.75102040816327 0.0
7.75510204081633 0.0
7.75918367346939 0.0
7.76326530612245 0.0
7.76734693877551 0.0
7.77142857142857 0.0
7.77551020408163 0.0
7.77959183673469 0.0
7.78367346938775 0.0
7.78775510204082 0.0
7.79183673469388 0.0
7.79591836734694 0.0
7.8 0.0
7.80408163265306 0.0
7.80816326530612 0.0
7.81224489795918 0.0
7.81632653061224 0.0
7.82040816326531 0.0
7.82448979591837 0.0
7.82857142857143 0.0
7.83265306122449 0.0
7.83673469387755 0.0
7.84081632653061 0.0
7.84489795918367 0.0
7.84897959183674 0.0
7.8530612244898 0.0
7.85714285714286 0.0
7.86122448979592 0.0
7.86530612244898 0.0
7.86938775510204 0.0
7.8734693877551 0.0
7.87755102040816 0.0
7.88163265306122 0.0
7.88571428571429 0.0
7.88979591836735 0.0
7.89387755102041 0.0
7.89795918367347 0.0
7.90204081632653 0.0
7.90612244897959 0.0
7.91020408163265 15720.0
7.91428571428571 183.505
7.91836734693878 61.5072
7.92244897959184 399.005
7.9265306122449 234.048
7.93061224489796 237.877
7.93469387755102 161.37
7.93877551020408 129.447
7.94285714285714 110.983
7.9469387755102 57.6926
7.95102040816327 45.0439
7.95510204081633 3.05587
7.95918367346939 0.0
7.96326530612245 0.0
7.96734693877551 0.0
7.97142857142857 0.0
7.97551020408163 0.0
7.97959183673469 0.0
7.98367346938775 0.0
7.98775510204082 0.0
7.99183673469388 0.931501
7.99591836734694 0.0
8.0 0.0
8.00408163265306 0.0
8.00816326530612 175.201
8.01224489795918 578.51
8.01632653061225 322.903
8.02040816326531 258.463
8.02448979591837 339.523
8.02857142857143 243.996
8.03265306122449 210.626
8.03673469387755 165.645
8.04081632653061 119.164
8.04489795918367 94.191
8.04897959183674 51.58
8.0530612244898 27.1343
8.05714285714286 0.0
8.06122448979592 0.0
8.06530612244898 0.0
8.06938775510204 0.0
8.0734693877551 0.0
8.07755102040816 0.0
8.08163265306122 0.0
8.08571428571429 0.0
8.08979591836735 0.0
8.09387755102041 0.0
8.09795918367347 0.0
8.10204081632653 216.908
8.10612244897959 0.0
8.11020408163265 0.0
8.11428571428571 0.0
8.11836734693878 0.0
8.12244897959184 0.0
8.1265306122449 0.0
8.13061224489796 0.0
8.13469387755102 0.0
8.13877551020408 0.0
8.14285714285714 0.0
8.1469387755102 0.0
8.15102040816327 0.0
8.15510204081633 0.0
8.15918367346939 0.0
8.16326530612245 0.0
8.16734693877551 0.0
8.17142857142857 0.0
8.17551020408163 0.0
8.17959183673469 0.0
8.18367346938776 0.0
8.18775510204082 0.0
8.19183673469388 0.0
8.19591836734694 0.0
8.2 0.0
8.20408163265306 0.0
8.20816326530612 0.0
8.21224489795918 0.0
8.21632653061224 0.0
8.22040816326531 0.0
8.22448979591837 0.0
8.22857142857143 0.0
8.23265306122449 0.0
8.23673469387755 0.0
8.24081632653061 0.0
8.24489795918367 0.0
8.24897959183673 0.0
8.2530612244898 0.0
8.25714285714286 0.0
8.26122448979592 0.0
8.26530612244898 0.0
8.26938775510204 0.0
8.2734693877551 0.0
8.27755102040816 0.0
8.28163265306122 0.0
8.28571428571429 0.0
8.28979591836735 0.0
8.29387755102041 0.0
8.29795918367347 0.0
8.30204081632653 0.0
8.30612244897959 0.0
8.31020408163265 0.0
8.31428571428571 0.0
8.31836734693877 0.0
8.32244897959184 0.0
8.3265306122449 0.0
8.33061224489796 0.0
8.33469387755102 0.0
8.33877551020408 0.0
8.34285714285714 0.0
8.3469387755102 0.0
8.35102040816327 0.0
8.35510204081633 0.0
8.35918367346939 0.0
8.36326530612245 0.0
8.36734693877551 0.0
8.37142857142857 0.0
8.37551020408163 0.0
8.37959183673469 0.0
8.38367346938776 0.0
8.38775510204082 0.0
8.39183673469388 0.0
8.39591836734694 0.0
8.4 0.0
8.40408163265306 0.0
8.40816326530612 0.0
8.41224489795918 0.0
8.41632653061225 0.0
8.42040816326531 0.0
8.42448979591837 0.0
8.42857142857143 0.0
8.43265306122449 0.0
8.43673469387755 0.0
8.44081632653061 0.0
8.44489795918367 0.0
8.44897959183673 0.0
8.4530612244898 0.0
8.45714285714286 0.0
8.46122448979592 0.0
8.46530612244898 0.0
8.46938775510204 0.0
8.4734693877551 0.0
8.47755102040816 0.0
8.48163265306122 0.0
8.48571428571429 0.0
8.48979591836735 0.0
8.49387755102041 0.0
8.49795918367347 0.0
8.50204081632653 0.0
8.50612244897959 0.0
8.51020408163265 0.0
8.51428571428571 0.0
8.51836734693878 0.0
8.52244897959184 0.0
8.5265306122449 0.0
8.53061224489796 0.0
8.53469387755102 0.0
8.53877551020408 0.0
8.54285714285714 0.0
8.5469387755102 0.0
8.55102040816327 0.0
8.55510204081633 0.0
8.55918367346939 0.0
8.56326530612245 0.0
8.56734693877551 0.0
8.57142857142857 0.0
8.57551020408163 0.0
8.57959183673469 0.0
8.58367346938775 0.0
8.58775510204082 0.0
8.59183673469388 0.0
8.59591836734694 0.0
8.6 0.0
8.60408163265306 0.0
8.60816326530612 0.0
8.61224489795918 0.0
8.61632653061224 0.0
8.62040816326531 0.0
8.62448979591837 0.0
8.62857142857143 0.0
8.63265306122449 0.0
8.63673469387755 0.0
8.64081632653061 0.0
8.64489795918367 0.0
8.64897959183673 0.0
8.6530612244898 0.0
8.65714285714286 0.0
8.66122448979592 0.0
8.66530612244898 0.0
8.66938775510204 0.0
8.6734693877551 0.0
8.67755102040816 0.0
8.68163265306123 0.0
8.68571428571429 0.0
8.68979591836735 0.0
8.69387755102041 0.0
8.69795918367347 0.0
8.70204081632653 0.0
8.70612244897959 0.0
8.71020408163265 0.0
8.71428571428571 0.0
8.71836734693878 0.0
8.72244897959184 0.0
8.7265306122449 0.0
8.73061224489796 0.0
8.73469387755102 0.0
8.73877551020408 0.0
8.74285714285714 0.0
8.7469387755102 0.0
8.75102040816327 0.0
8.75510204081633 0.0
8.75918367346939 0.0
8.76326530612245 0.0
8.76734693877551 0.0
8.77142857142857 0.0
8.77551020408163 0.0
8.77959183673469 0.0
8.78367346938776 0.0
8.78775510204082 0.0
8.79183673469388 0.0
8.79591836734694 0.0
8.8 0.0
8.80408163265306 0.0
8.80816326530612 0.0
8.81224489795918 0.0
8.81632653061224 0.0
8.82040816326531 0.0
8.82448979591837 0.0
8.82857142857143 0.0
8.83265306122449 0.0
8.83673469387755 0.0
8.84081632653061 0.0
8.84489795918367 0.0
8.84897959183673 0.0
8.8530612244898 0.0
8.85714285714286 0.0
8.86122448979592 0.0
8.86530612244898 0.0
8.86938775510204 0.0
8.8734693877551 0.0
8.87755102040816 0.0
8.88163265306122 0.0
8.88571428571429 0.0
8.88979591836735 0.0
8.89387755102041 0.0
8.89795918367347 0.0
8.90204081632653 0.0
8.90612244897959 0.0
8.91020408163265 116.855
8.91428571428571 0.0
8.91836734693878 605.434
8.92244897959184 267.952
8.9265306122449 254.185
8.93061224489796 238.912
8.93469387755102 155.577
8.93877551020408 165.432
8.94285714285714 93.5384
8.9469387755102 75.3423
8.95102040816326 42.4633
8.95510204081633 3.17174
8.95918367346939 0.0
8.96326530612245 0.0
8.96734693877551 0.0
8.97142857142857 0.0
8.97551020408163 0.0
8.97959183673469 0.0
8.98367346938775 0.0
8.98775510204082 0.0
8.99183673469388 0.0
8.99591836734694 0.0
9.0 0.0
9.00408163265306 0.0
9.00816326530612 387.442
9.01224489795918 283.357
9.01632653061225 200.212
9.02040816326531 359.461
9.02448979591837 291.12
9.02857142857143 240.194
9.03265306122449 197.057
9.03673469387755 149.303
9.04081632653061 118.688
9.04489795918367 80.4502
9.04897959183674 47.549
9.0530612244898 18.8607
9.05714285714286 0.0
9.06122448979592 0.0
9.06530612244898 0.0
9.06938775510204 0.0
9.0734693877551 0.0
9.07755102040816 0.0
9.08163265306122 0.0
9.08571428571429 0.0
9.08979591836735 0.0
9.09387755102041 0.0
9.09795918367347 0.0
9.10204081632653 0.0
9.10612244897959 0.0
9.11020408163265 0.0
9.11428571428571 0.0
9.11836734693878 0.0
9.12244897959184 0.0
9.1265306122449 0.0
9.13061224489796 0.0
9.13469387755102 0.0
9.13877551020408 0.0
9.14285714285714 0.0
9.1469387755102 0.0
9.15102040816327 0.0
9.15510204081633 0.0
9.15918367346939 0.0
9.16326530612245 0.0
9.16734693877551 0.0
9.17142857142857 0.0
9.17551020408163 0.0
9.17959183673469 0.0
9.18367346938776 0.0
9.18775510204082 0.0
9.19183673469388 0.0
9.19591836734694 0.0
9.2 0.0
9.20408163265306 0.0
9.20816326530612 0.0
9.21224489795918 0.0
9.21632653061224 0.0
9.22040816326531 0.0
9.22448979591837 0.0
9.22857142857143 0.0
9.23265306122449 0.0
9.23673469387755 0.0
9.24081632653061 0.0
9.24489795918367 0.0
9.24897959183673 0.0
9.2530612244898 0.0
9.25714285714286 0.0
9.26122448979592 0.0
9.26530612244898 0.0
9.26938775510204 0.0
9.2734693877551 0.0
9.27755102040816 0.0
9.28163265306122 0.0
9.28571428571429 0.0
9.28979591836735 0.0
9.29387755102041 0.0
9.29795918367347 0.0
9.30204081632653 0.0
9.30612244897959 0.0
9.31020408163265 0.0
9.31428571428571 0.0
9.31836734693877 0.0
9.32244897959184 0.0
9.3265306122449 0.0
9.33061224489796 0.0
9.33469387755102 0.0
9.33877551020408 0.0
9.34285714285714 0.0
9.3469387755102 0.0
9.35102040816327 0.0
9.35510204081633 0.0
9.35918367346939 0.0
9.36326530612245 0.0
9.36734693877551 0.0
9.37142857142857 0.0
9.37551020408163 0.0
9.37959183673469 0.0
9.38367346938776 0.0
9.38775510204082 0.0
9.39183673469388 0.0
9.39591836734694 0.0
9.4 0.0
9.40408163265306 0.0
9.40816326530612 0.0
9.41224489795918 0.0
9.41632653061225 0.0
9.42040816326531 0.0
9.42448979591837 0.0
9.42857142857143 0.0
9.43265306122449 0.0
9.43673469387755 0.0
9.44081632653061 0.0
9.44489795918367 0.0
9.44897959183673 0.0
9.4530612244898 0.0
9.45714285714286 0.0
9.46122448979592 0.0
9.46530612244898 0.0
9.46938775510204 0.0
9.4734693877551 0.0
9.47755102040816 0.0
9.48163265306122 0.0
9.48571428571429 0.0
9.48979591836735 0.0
9.49387755102041 0.0
9.49795918367347 0.0
9.50204081632653 0.0
9.50612244897959 0.0
9.51020408163265 0.0
9.51428571428571 0.0
9.51836734693878 0.0
9.52244897959184 0.0
9.5265306122449 0.0
9.53061224489796 0.0
9.53469387755102 0.0
9.53877551020408 0.0
9.54285714285714 0.0
9.5469387755102 0.0
9.55102040816327 0.0
9.55510204081633 0.0
9.55918367346939 0.0
9.56326530612245 0.0
9.56734693877551 0.0
9.57142857142857 0.0
9.57551020408163 0.0
9.57959183673469 0.0
9.58367346938775 0.0
9.58775510204082 0.0
9.59183673469388 0.0
9.59591836734694 0.0
9.6 0.0
9.60408163265306 0.0
9.60816326530612 0.0
9.61224489795918 0.0
9.61632653061224 0.0
9.62040816326531 0.0
9.62448979591837 0.0
9.62857142857143 0.0
9.63265306122449 0.0
9.63673469387755 0.0
9.64081632653061 0.0
9.64489795918367 0.0
9.64897959183673 0.0
9.6530612244898 0.0
9.65714285714286 0.0
9.66122448979592 0.0
9.66530612244898 0.0
9.66938775510204 0.0
9.6734693877551 0.0
9.67755102040816 0.0
9.68163265306123 0.0
9.68571428571429 0.0
9.68979591836735 0.0
9.69387755102041 0.0
9.69795918367347 0.0
9.70204081632653 0.0
9.70612244897959 0.0
9.71020408163265 0.0
9.71428571428571 0.0
9.71836734693878 0.0
9.72244897959184 0.0
9.7265306122449 0.0
9.73061224489796 0.0
9.73469387755102 0.0
9.73877551020408 0.0
9.74285714285714 0.0
9.7469387755102 0.0
9.75102040816327 0.0
9.75510204081633 0.0
9.75918367346939 0.0
9.76326530612245 0.0
9.76734693877551 0.0
9.77142857142857 0.0
9.77551020408163 0.0
9.77959183673469 0.0
9.78367346938776 0.0
9.78775510204082 0.0
9.79183673469388 0.0
9.79591836734694 0.0
9.8 0.0
9.80408163265306 0.0
9.80816326530612 0.0
9.81224489795918 0.0
9.81632653061224 0.0
9.82040816326531 0.0
9.82448979591837 0.0
9.82857142857143 0.0
9.83265306122449 0.0
9.83673469387755 0.0
9.84081632653061 0.0
9.84489795918367 0.0
9.84897959183673 0.0
9.8530612244898 0.0
9.85714285714286 0.0
9.86122448979592 0.0
9.86530612244898 0.0
9.86938775510204 0.0
9.8734693877551 0.0
9.87755102040816 0.0
9.88163265306122 0.0
9.88571428571429 0.0
9.88979591836735 0.0
9.89387755102041 0.0
9.89795918367347 0.0
9.90204081632653 0.0
