0.00408163265306122 0.0
0.00816326530612245 0.0
0.0122448979591837 4.92005
0.0163265306122449 5.82238
0.0204081632653061 20.1617
0.0244897959183673 35.8248
0.0285714285714286 44.1414
0.0326530612244898 46.3403
0.036734693877551 42.229
0.0408163265306122 31.7317
0.0448979591836735 26.1699
0.0489795918367347 21.5049
0.0530612244897959 14.5225
0.0571428571428571 5.60622
0.0612244897959184 0.0
0.0653061224489796 0.0
0.0693877551020408 0.0
0.073469387755102 0.0
0.0775510204081633 0.0
0.0816326530612245 0.0
0.0857142857142857 0.0
0.0897959183673469 0.0
0.0938775510204082 0.0
0.0979591836734694 0.0
0.102040816326531 0.0
0.106122448979592 0.0
0.110204081632653 0.0
0.114285714285714 0.0
0.118367346938776 0.0
0.122448979591837 0.0
0.126530612244898 0.0
0.130612244897959 0.0
0.13469387755102 0.0
0.138775510204082 0.0
0.142857142857143 0.0
0.146938775510204 0.0
0.151020408163265 0.0
0.155102040816327 0.0
0.159183673469388 0.0
0.163265306122449 0.0
0.16734693877551 0.0
0.171428571428571 0.0
0.175510204081633 0.677705
0.179591836734694 6.6545
0.183673469387755 10.7901
0.187755102040816 60.8872
0.191836734693878 80.2355
0.195918367346939 105.918
0.2 142.786
0.204081632653061 138.296
0.208163265306122 123.021
0.212244897959184 99.896
0.216326530612245 84.0043
0.220408163265306 64.1282
0.224489795918367 42.5274
0.228571428571429 21.3039
0.23265306122449 5.198
0.236734693877551 0.0
0.240816326530612 0.0
0.244897959183673 0.0
0.248979591836735 0.0
0.253061224489796 0.0
0.257142857142857 0.0
0.261224489795918 0.0
0.26530612244898 0.0
0.269387755102041 0.0
0.273469387755102 0.0
0.277551020408163 0.0
0.281632653061224 0.0
0.285714285714286 0.0
0.289795918367347 0.0
0.293877551020408 0.0
0.297959183673469 0.0
0.302040816326531 0.0
0.306122448979592 0.0
0.310204081632653 2.45106
0.314285714285714 4.57615
0.318367346938775 1.22422
0.322448979591837 0.230551
0.326530612244898 3.00378
0.330612244897959 2.61551
0.33469387755102 4.00072
0.338775510204082 5.18876
0.342857142857143 3.5191
0.346938775510204 1.88768
0.351020408163265 0.0
0.355102040816327 1.17981
0.359183673469388 2.50125
0.363265306122449 2.57242
0.36734693877551 6.16896
0.371428571428571 5.95784
0.375510204081633 2.05719
0.379591836734694 0.0
0.383673469387755 0.0
0.387755102040816 0.0
0.391836734693878 0.0
0.395918367346939 0.0
0.4 0.0
0.404081632653061 0.0
0.408163265306122 0.0
0.412244897959184 0.0
0.416326530612245 0.0
0.420408163265306 0.0
0.424489795918367 0.0
0.428571428571429 0.0
0.43265306122449 0.0
0.436734693877551 0.0
0.440816326530612 0.0
0.444897959183673 0.0
0.448979591836735 0.0
0.453061224489796 0.0
0.457142857142857 0.0
0.461224489795918 0.0
0.46530612244898 0.0
0.469387755102041 0.0
0.473469387755102 0.0
0.477551020408163 0.0
0.481632653061224 0.0
0.485714285714286 0.0
0.489795918367347 7.60186
0.493877551020408 31.0538
0.497959183673469 53.9637
0.502040816326531 73.5322
0.506122448979592 82.7198
0.510204081632653 93.1905
0.514285714285714 88.0857
0.518367346938776 75.3871
0.522448979591837 63.9559
0.526530612244898 48.988
0.530612244897959 34.0809
0.53469387755102 21.9383
0.538775510204082 10.4905
0.542857142857143 4.94492
0.546938775510204 1.3721
0.551020408163265 0.962377
0.555102040816327 0.312746
0.559183673469388 0.0
0.563265306122449 0.0
0.56734693877551 0.0
0.571428571428571 0.0
0.575510204081633 0.0
0.579591836734694 0.0
0.583673469387755 0.0
0.587755102040816 0.0
0.591836734693878 0.0
0.595918367346939 0.0
0.6 0.0
0.604081632653061 0.0
0.608163265306122 0.0
0.612244897959184 0.0
0.616326530612245 0.0
0.620408163265306 0.0
0.624489795918367 0.0
0.628571428571429 0.0
0.63265306122449 0.0
0.636734693877551 0.0
0.640816326530612 0.0
0.644897959183673 2.27475
0.648979591836735 1.83189
0.653061224489796 3.70824
0.657142857142857 7.406
0.661224489795918 7.20817
0.66530612244898 2.05517
0.669387755102041 5.01728
0.673469387755102 2.52831
0.677551020408163 0.0
0.681632653061224 0.837803
0.685714285714286 0.0
0.689795918367347 0.0
0.693877551020408 0.0
0.697959183673469 0.0
0.702040816326531 0.0
0.706122448979592 0.0
0.710204081632653 0.0
0.714285714285714 0.0
0.718367346938775 0.0
0.722448979591837 0.0
0.726530612244898 0.0
0.730612244897959 0.0
0.73469387755102 0.0
0.738775510204082 0.0
0.742857142857143 0.0
0.746938775510204 0.0
0.751020408163265 0.0
0.755102040816326 0.0
0.759183673469388 0.0
0.763265306122449 0.0
0.76734693877551 0.0
0.771428571428571 0.0
0.775510204081633 0.0
0.779591836734694 0.0
0.783673469387755 0.0
0.787755102040816 0.0
0.791836734693877 0.0
0.795918367346939 0.0
0.8 0.0
0.804081632653061 0.0
0.808163265306122 0.0
0.812244897959184 0.0
0.816326530612245 0.0
0.820408163265306 0.0
0.824489795918367 0.0
0.828571428571429 14.2064
0.83265306122449 29.1282
0.836734693877551 40.3195
0.840816326530612 44.8462
0.844897959183673 43.4027
0.848979591836735 28.4259
0.853061224489796 8.45432
0.857142857142857 0.0
0.861224489795918 0.0
0.86530612244898 0.0
0.869387755102041 0.0
0.873469387755102 0.0
0.877551020408163 0.0
0.881632653061225 0.0
0.885714285714286 0.0
0.889795918367347 0.0
0.893877551020408 0.0
0.897959183673469 0.0
0.902040816326531 0.0
0.906122448979592 0.0
0.910204081632653 0.0
0.914285714285714 0.0
0.918367346938776 0.0
0.922448979591837 0.0
0.926530612244898 0.0
0.930612244897959 0.0
0.93469387755102 0.0
0.938775510204082 0.0
0.942857142857143 0.0
0.946938775510204 8.76206
0.951020408163265 20.9184
0.955102040816327 59.3618
0.959183673469388 60.9707
0.963265306122449 72.781
0.96734693877551 73.8409
0.971428571428571 81.8335
0.975510204081633 91.2092
0.979591836734694 103.565
0.983673469387755 105.023
0.987755102040816 92.7618
0.991836734693878 79.106
0.995918367346939 64.386
1.0 57.1655
1.00408163265306 42.0661
1.00816326530612 29.2892
1.01224489795918 22.6105
1.01632653061224 15.9667
1.02040816326531 10.2606
1.02448979591837 0.547647
1.02857142857143 0.0
1.03265306122449 0.0
1.03673469387755 0.0
1.04081632653061 0.0
1.04489795918367 0.0
1.04897959183673 0.0
1.0530612244898 0.0
1.05714285714286 0.0
1.06122448979592 0.0
1.06530612244898 0.0
1.06938775510204 0.0
1.0734693877551 0.0
1.07755102040816 0.0
1.08163265306122 0.0
1.08571428571429 0.0
1.08979591836735 0.0
1.09387755102041 0.0
1.09795918367347 0.0
1.10204081632653 0.0
1.10612244897959 0.0
1.11020408163265 0.0
1.11428571428571 0.0
1.11836734693878 0.0
1.12244897959184 0.0
1.1265306122449 0.0
1.13061224489796 0.0
1.13469387755102 0.0
1.13877551020408 0.0
1.14285714285714 0.0
1.1469387755102 0.0
1.15102040816327 0.0
1.15510204081633 0.0
1.15918367346939 0.0
1.16326530612245 0.0
1.16734693877551 0.0
1.17142857142857 0.0
1.17551020408163 0.0
1.17959183673469 0.0
1.18367346938776 0.0
1.18775510204082 0.0
1.19183673469388 0.0
1.19591836734694 0.0
1.2 0.621319
1.20408163265306 0.229657
1.20816326530612 0.0
1.21224489795918 0.0
1.21632653061224 0.0
1.22040816326531 0.0
1.22448979591837 0.0
1.22857142857143 0.0
1.23265306122449 0.0
1.23673469387755 0.0
1.24081632653061 0.0
1.24489795918367 0.0
1.24897959183673 0.0
1.2530612244898 0.0
1.25714285714286 0.0
1.26122448979592 0.0
1.26530612244898 0.749588
1.26938775510204 5.18775
1.2734693877551 6.01351
1.27755102040816 11.3341
1.28163265306122 17.4862
1.28571428571429 16.835
1.28979591836735 19.3187
1.29387755102041 18.4624
1.29795918367347 7.09772
1.30204081632653 4.46382
1.30612244897959 5.65881
1.31020408163265 1.57899
1.31428571428571 0.0
1.31836734693878 0.0
1.32244897959184 0.0
1.3265306122449 0.0
1.33061224489796 0.0
1.33469387755102 0.0
1.33877551020408 0.0
1.34285714285714 1.12262
1.3469387755102 1.59085
1.35102040816327 0.0
1.35510204081633 0.0
1.35918367346939 0.0
1.36326530612245 0.0
1.36734693877551 0.0
1.37142857142857 0.0
1.37551020408163 0.0
1.37959183673469 0.0
1.38367346938776 0.0
1.38775510204082 0.0
1.39183673469388 0.0
1.39591836734694 0.0
1.4 0.0
1.40408163265306 0.0
1.40816326530612 0.0
1.41224489795918 0.0
1.41632653061225 0.0
1.42040816326531 0.0
1.42448979591837 0.0
1.42857142857143 0.0
1.43265306122449 0.0
1.43673469387755 0.0
1.44081632653061 0.362813
1.44489795918367 2.4395
1.44897959183673 3.09722
1.4530612244898 9.56684
1.45714285714286 3.50845
1.46122448979592 18.0732
1.46530612244898 27.2771
1.46938775510204 31.3375
1.4734693877551 41.1575
1.47755102040816 46.1497
1.48163265306122 50.0342
1.48571428571429 48.4276
1.48979591836735 37.5594
1.49387755102041 31.9606
1.49795918367347 14.6123
1.50204081632653 7.74202
1.50612244897959 1.52752
1.51020408163265 0.0
1.51428571428571 0.0
1.51836734693878 0.0
1.52244897959184 0.0
1.5265306122449 0.0
1.53061224489796 0.0
1.53469387755102 0.0
1.53877551020408 0.0
1.54285714285714 0.0
1.5469387755102 0.0
1.55102040816327 0.0
1.55510204081633 0.0
1.55918367346939 0.0
1.56326530612245 0.0
1.56734693877551 0.0
1.57142857142857 0.0
1.57551020408163 0.0
1.57959183673469 0.0
1.58367346938775 1.39399
1.58775510204082 2.51651
1.59183673469388 5.60358
1.59591836734694 7.58827
1.6 4.72134
1.60408163265306 10.93
1.60816326530612 23.3681
1.61224489795918 25.3713
1.61632653061224 28.961
1.62040816326531 30.4141
1.62448979591837 28.6605
1.62857142857143 25.3084
1.63265306122449 18.7155
1.63673469387755 13.3347
1.64081632653061 2.14331
1.64489795918367 0.0
1.64897959183673 0.0
1.6530612244898 0.0
1.65714285714286 0.0
1.66122448979592 0.0
1.66530612244898 0.0
1.66938775510204 0.0
1.6734693877551 0.0
1.67755102040816 0.0
1.68163265306122 0.0
1.68571428571429 0.0
1.68979591836735 0.0
1.69387755102041 0.0
1.69795918367347 0.0
1.70204081632653 0.0
1.70612244897959 0.0
1.71020408163265 0.0
1.71428571428571 0.0
1.71836734693878 0.0
1.72244897959184 0.0
1.7265306122449 0.0
1.73061224489796 0.0
1.73469387755102 0.0
1.73877551020408 0.0
1.74285714285714 0.0
1.7469387755102 0.0
1.75102040816327 0.0
1.75510204081633 0.0
1.75918367346939 0.0
1.76326530612245 0.0
1.76734693877551 1.50263
1.77142857142857 2.43175
1.77551020408163 11.9278
1.77959183673469 14.9507
1.78367346938776 21.1287
1.78775510204082 26.9491
1.79183673469388 30.432
1.79591836734694 35.5453
1.8 34.618
1.80408163265306 27.2835
1.80816326530612 13.5208
1.81224489795918 4.87861
1.81632653061224 0.764579
1.82040816326531 0.0
1.82448979591837 0.0
1.82857142857143 0.0
1.83265306122449 0.0
1.83673469387755 0.0
1.84081632653061 0.0
1.84489795918367 0.0
1.84897959183673 0.0
1.8530612244898 0.0
1.85714285714286 0.0
1.86122448979592 0.0
1.86530612244898 0.0
1.86938775510204 0.0
1.8734693877551 0.0
1.87755102040816 0.0
1.88163265306122 0.0
1.88571428571429 0.0
1.88979591836735 0.0
1.89387755102041 0.0
1.89795918367347 0.0
1.90204081632653 0.0
1.90612244897959 0.0
1.91020408163265 0.0
1.91428571428571 0.0
1.91836734693878 0.0
1.92244897959184 0.0
1.9265306122449 1.9722
1.93061224489796 0.0
1.93469387755102 0.0
1.93877551020408 0.0
1.94285714285714 0.0
1.9469387755102 0.0
1.95102040816327 0.0
1.95510204081633 0.0
1.95918367346939 0.0
1.96326530612245 7.21897
1.96734693877551 7.82865
1.97142857142857 14.5128
1.97551020408163 14.7673
1.97959183673469 15.1293
1.98367346938776 14.2308
1.98775510204082 14.7296
1.99183673469388 11.3117
1.99591836734694 7.65321
2.0 1.7871
2.00408163265306 0.0
2.00816326530612 0.0
2.01224489795918 0.0
2.01632653061225 0.0
2.02040816326531 0.0
2.02448979591837 0.0
2.02857142857143 0.0
2.03265306122449 0.0
2.03673469387755 0.0
2.04081632653061 0.0
2.04489795918367 0.0
2.04897959183673 0.0
2.0530612244898 0.0
2.05714285714286 0.0
2.06122448979592 0.0
2.06530612244898 0.0
2.06938775510204 0.0
2.0734693877551 0.0
2.07755102040816 0.0
2.08163265306122 0.0
2.08571428571429 0.0
2.08979591836735 0.0
2.09387755102041 0.0
2.09795918367347 0.0
2.10204081632653 0.0
2.10612244897959 0.0
2.11020408163265 0.0
2.11428571428571 0.0
2.11836734693878 0.0
2.12244897959184 0.0
2.1265306122449 0.0
2.13061224489796 0.0
2.13469387755102 0.0
2.13877551020408 0.0
2.14285714285714 0.0
2.1469387755102 0.0
2.15102040816327 0.0
2.15510204081633 0.0
2.15918367346939 1.67541
2.16326530612245 0.0
2.16734693877551 0.0
2.17142857142857 3.26556
2.17551020408163 0.0
2.17959183673469 10.1808
2.18367346938776 11.0255
2.18775510204082 22.6293
2.19183673469388 33.0755
2.19591836734694 40.5093
2.2 44.1594
2.20408163265306 42.5396
2.20816326530612 38.2373
2.21224489795918 22.2465
2.21632653061224 5.3044
2.22040816326531 0.0
2.22448979591837 0.0
2.22857142857143 0.0
2.23265306122449 0.0
2.23673469387755 0.0
2.24081632653061 0.0
2.24489795918367 6.53982
2.24897959183673 23.2131
2.2530612244898 64.9849
2.25714285714286 89.4128
2.26122448979592 96.246
2.26530612244898 96.8536
2.26938775510204 101.102
2.2734693877551 101.2
2.27755102040816 90.0448
2.28163265306122 70.7877
2.28571428571429 56.492
2.28979591836735 46.4972
2.29387755102041 29.2707
2.29795918367347 14.1954
2.30204081632653 1.18285
2.30612244897959 0.0
2.31020408163265 0.12821
2.31428571428571 0.0
2.31836734693878 0.0
2.32244897959184 0.0
2.3265306122449 0.0
2.33061224489796 0.0
2.33469387755102 0.0
2.33877551020408 0.0
2.34285714285714 0.0
2.3469387755102 0.0
2.35102040816327 0.0
2.35510204081633 0.0
2.35918367346939 0.0
2.36326530612245 0.0
2.36734693877551 0.0
2.37142857142857 0.0
2.37551020408163 0.0
2.37959183673469 0.864148
2.38367346938776 1.52004
2.38775510204082 0.0
2.39183673469388 0.476837
2.39591836734694 0.0
2.4 0.0
2.40408163265306 0.0
2.40816326530612 0.0
2.41224489795918 0.0
2.41632653061225 0.0
2.42040816326531 0.0
2.42448979591837 0.0
2.42857142857143 0.0
2.43265306122449 0.0
2.43673469387755 0.0
2.44081632653061 0.0
2.44489795918367 0.0
2.44897959183673 0.0
2.4530612244898 0.0
2.45714285714286 0.0
2.46122448979592 0.0
2.46530612244898 0.0
2.46938775510204 0.0
2.4734693877551 0.0
2.47755102040816 0.0
2.48163265306122 0.0
2.48571428571429 0.0
2.48979591836735 0.0
2.49387755102041 0.0
2.49795918367347 0.0
2.50204081632653 0.0
2.50612244897959 0.0
2.51020408163265 0.0
2.51428571428571 0.0
2.51836734693878 0.0
2.52244897959184 0.0
2.5265306122449 0.0
2.53061224489796 0.0
2.53469387755102 0.0
2.53877551020408 0.0
2.54285714285714 0.0
2.5469387755102 0.0
2.55102040816327 0.0
2.55510204081633 0.0
2.55918367346939 0.942349
2.56326530612245 2.53856
2.56734693877551 12.2773
2.57142857142857 28.6639
2.57551020408163 45.8578
2.57959183673469 48.999
2.58367346938775 51.4922
2.58775510204082 48.0394
2.59183673469388 46.0998
2.59591836734694 36.6963
2.6 31.0159
2.60408163265306 24.6556
2.60816326530612 16.2715
2.61224489795918 8.38949
2.61632653061224 3.36111
2.62040816326531 1.82118
2.62448979591837 0.0
2.62857142857143 0.0
2.63265306122449 0.0
2.63673469387755 0.0
2.64081632653061 0.0
2.64489795918367 0.0
2.64897959183673 0.0
2.6530612244898 0.0
2.65714285714286 0.0
2.66122448979592 0.0
2.66530612244898 0.0
2.66938775510204 0.0
2.6734693877551 0.0
2.67755102040816 0.0
2.68163265306122 0.0
2.68571428571429 0.0
2.68979591836735 1.25587
2.69387755102041 0.0
2.69795918367347 0.0
2.70204081632653 0.602275
2.70612244897959 0.0181198
2.71020408163265 17.465
2.71428571428571 26.979
2.71836734693878 40.1069
2.72244897959184 66.1755
2.7265306122449 81.6532
2.73061224489796 93.1995
2.73469387755102 98.4216
2.73877551020408 90.1161
2.74285714285714 67.9326
2.7469387755102 51.4754
2.75102040816327 34.7325
2.75510204081633 31.8249
2.75918367346939 21.1041
2.76326530612245 8.81302
2.76734693877551 0.990152
2.77142857142857 3.61228
2.77551020408163 0.0
2.77959183673469 0.0
2.78367346938776 0.0
2.78775510204082 0.0
2.79183673469388 0.0
2.79591836734694 0.0
2.8 0.0
2.80408163265306 0.0
2.80816326530612 0.0
2.81224489795918 0.0
2.81632653061224 0.0
2.82040816326531 0.0
2.82448979591837 0.0
2.82857142857143 0.0
2.83265306122449 0.0
2.83673469387755 0.0
2.84081632653061 0.0
2.84489795918367 0.0
2.84897959183673 0.0
2.8530612244898 0.0
2.85714285714286 0.0
2.86122448979592 6.05863
2.86530612244898 11.3757
2.86938775510204 20.2425
2.8734693877551 28.0309
2.87755102040816 27.1875
2.88163265306122 22.5658
2.88571428571429 18.9499
2.88979591836735 16.1462
2.89387755102041 16.6076
2.89795918367347 11.2248
2.90204081632653 8.20141
2.90612244897959 5.72343
2.91020408163265 2.62761
2.91428571428571 1.67871
2.91836734693878 0.606894
2.92244897959184 0.0
2.9265306122449 0.0
2.93061224489796 0.0
2.93469387755102 0.0
2.93877551020408 0.0
2.94285714285714 0.0
2.9469387755102 0.0
2.95102040816327 0.0
2.95510204081633 0.0
2.95918367346939 0.0
2.96326530612245 0.0
2.96734693877551 0.0
2.97142857142857 0.0
2.97551020408163 0.0
2.97959183673469 0.0
2.98367346938775 0.0
2.98775510204082 0.0
2.99183673469388 0.0
2.99591836734694 0.0
3.0 0.0
3.00408163265306 0.0
3.00816326530612 0.0
3.01224489795918 0.0
3.01632653061225 0.0
3.02040816326531 0.0
3.02448979591837 0.0
3.02857142857143 0.0
3.03265306122449 0.0
3.03673469387755 0.0
3.04081632653061 0.0
3.04489795918367 0.0
3.04897959183673 0.0
3.0530612244898 0.0
3.05714285714286 9.34309
3.06122448979592 12.0089
3.06530612244898 23.0474
3.06938775510204 22.6799
3.0734693877551 27.3151
3.07755102040816 25.39
3.08163265306122 14.5068
3.08571428571429 7.60704
3.08979591836735 4.30048
3.09387755102041 0.547335
3.09795918367347 0.0
3.10204081632653 0.0
3.10612244897959 0.0
3.11020408163265 0.0
3.11428571428571 0.0
3.11836734693878 0.0
3.12244897959184 0.0
3.1265306122449 0.0
3.13061224489796 0.0
3.13469387755102 0.0
3.13877551020408 0.477649
3.14285714285714 0.106573
3.1469387755102 2.76715
3.15102040816327 0.0
3.15510204081633 0.0
3.15918367346939 0.0
3.16326530612245 0.0
3.16734693877551 2.71046
3.17142857142857 10.1938
3.17551020408163 13.9589
3.17959183673469 22.2911
3.18367346938776 21.3333
3.18775510204082 37.338
3.19183673469388 41.0125
3.19591836734694 44.3692
3.2 31.4816
3.20408163265306 27.2723
3.20816326530612 15.9881
3.21224489795918 7.34606
3.21632653061224 2.39742
3.22040816326531 0.0
3.22448979591837 0.0
3.22857142857143 0.0
3.23265306122449 0.0
3.23673469387755 0.0
3.24081632653061 0.0
3.24489795918367 0.0
3.24897959183673 0.494242
3.2530612244898 1.30737
3.25714285714286 0.0
3.26122448979592 0.0
3.26530612244898 0.0
3.26938775510204 0.0
3.2734693877551 0.0
3.27755102040816 0.0
3.28163265306122 0.0
3.28571428571429 0.0
3.28979591836735 0.0
3.29387755102041 0.0
3.29795918367347 0.0
3.30204081632653 0.0
3.30612244897959 0.0
3.31020408163265 0.0
3.31428571428571 0.0
3.31836734693878 0.0
3.32244897959184 0.0
3.3265306122449 0.0
3.33061224489796 0.0
3.33469387755102 2.86186
3.33877551020408 6.42216
3.34285714285714 1.64592
3.3469387755102 3.83538
3.35102040816327 0.0
3.35510204081633 0.358741
3.35918367346939 0.0
3.36326530612245 0.0
3.36734693877551 0.0
3.37142857142857 0.0
3.37551020408163 0.0
3.37959183673469 0.0
3.38367346938776 0.0
3.38775510204082 0.0
3.39183673469388 0.0
3.39591836734694 0.0
3.4 0.0
3.40408163265306 0.0
3.40816326530612 0.0
3.41224489795918 0.0
3.41632653061225 0.0
3.42040816326531 0.0
3.42448979591837 0.0
3.42857142857143 0.0
3.43265306122449 0.0
3.43673469387755 0.0
3.44081632653061 0.0
3.44489795918367 0.0
3.44897959183673 0.0
3.4530612244898 0.0
3.45714285714286 0.0
3.46122448979592 0.0
3.46530612244898 0.0
3.46938775510204 0.0
3.4734693877551 0.0
3.47755102040816 1.08582
3.48163265306122 2.03705
3.48571428571429 0.784159
3.48979591836735 1.48296
3.49387755102041 9.22388
3.49795918367347 20.9029
3.50204081632653 22.4113
3.50612244897959 34.5427
3.51020408163265 44.2798
3.51428571428571 74.2096
3.51836734693878 83.2982
3.52244897959184 82.1756
3.5265306122449 74.858
3.53061224489796 65.5039
3.53469387755102 59.8268
3.53877551020408 49.4669
3.54285714285714 32.1918
3.5469387755102 22.3577
3.55102040816327 14.1789
3.55510204081633 2.148
3.55918367346939 6.57165
3.56326530612245 3.64566
3.56734693877551 0.113249
3.57142857142857 0.0
3.57551020408163 0.0
3.57959183673469 0.0
3.58367346938775 0.0
3.58775510204082 0.0
3.59183673469388 0.0
3.59591836734694 0.0
3.6 0.0
3.60408163265306 0.0
3.60816326530612 0.0
3.61224489795918 0.0
3.61632653061224 0.0
3.62040816326531 0.0
3.62448979591837 0.0
3.62857142857143 0.0
3.63265306122449 0.0
3.63673469387755 0.0
3.64081632653061 0.0
3.64489795918367 0.0
3.64897959183673 0.0
3.6530612244898 0.0
3.65714285714286 0.0
3.66122448979592 0.0
3.66530612244898 0.0
3.66938775510204 0.0
3.6734693877551 0.0
3.67755102040816 0.0
3.68163265306122 0.0
3.68571428571429 0.0
3.68979591836735 0.0
3.69387755102041 0.0
3.69795918367347 0.0
3.70204081632653 1.78784
3.70612244897959 0.0
3.71020408163265 0.0
3.71428571428571 0.0
3.71836734693878 0.0
3.72244897959184 0.0
3.7265306122449 0.0
3.73061224489796 0.0
3.73469387755102 0.0
3.73877551020408 0.0
3.74285714285714 0.0
3.7469387755102 0.0
3.75102040816327 0.0
3.75510204081633 0.0
3.75918367346939 0.0
3.76326530612245 0.0
3.76734693877551 0.559866
3.77142857142857 0.0
3.77551020408163 0.0
3.77959183673469 0.0
3.78367346938776 1.959
3.78775510204082 0.0
3.79183673469388 1.07205
3.79591836734694 0.0
3.8 0.0
3.80408163265306 0.0
3.80816326530612 0.0
3.81224489795918 0.0
3.81632653061224 0.0
3.82040816326531 3.75116
3.82448979591837 0.0
3.82857142857143 4.54325
3.83265306122449 3.47877
3.83673469387755 1.33085
3.84081632653061 8.41868
3.84489795918367 0.0
3.84897959183673 4.81963
3.8530612244898 4.69619
3.85714285714286 1.12385
3.86122448979592 0.0
3.86530612244898 0.0
3.86938775510204 0.0
3.8734693877551 0.0
3.87755102040816 0.0
3.88163265306122 0.0
3.88571428571429 0.0
3.88979591836735 0.0
3.89387755102041 0.0
3.89795918367347 0.0
3.90204081632653 0.0
3.90612244897959 0.0
3.91020408163265 0.0
3.91428571428571 0.0
3.91836734693878 0.0
3.92244897959184 0.0
3.9265306122449 0.0
3.93061224489796 0.0
3.93469387755102 0.0
3.93877551020408 0.0
3.94285714285714 0.0
3.9469387755102 0.0
3.95102040816327 0.0
3.95510204081633 3.73089
3.95918367346939 7.28688
3.96326530612245 5.83017
3.96734693877551 18.8952
3.97142857142857 28.1003
3.97551020408163 28.6577
3.97959183673469 32.9418
3.98367346938775 59.3687
3.98775510204082 49.1186
3.99183673469388 48.614
3.99591836734694 34.7244
4.0 31.0033
4.00408163265306 15.7286
4.00816326530612 20.3496
4.01224489795918 3.13354
4.01632653061225 0.0
4.02040816326531 0.0
4.02448979591837 0.0
4.02857142857143 0.0
4.03265306122449 0.0
4.03673469387755 0.0
4.04081632653061 0.0
4.04489795918367 0.0
4.04897959183673 0.0
4.0530612244898 0.0
4.05714285714286 0.0
4.06122448979592 3.75915
4.06530612244898 4.40156
4.06938775510204 12.3454
4.0734693877551 3.93987
4.07755102040816 0.0834465
4.08163265306122 0.237703
4.08571428571429 0.0
4.08979591836735 0.0
4.09387755102041 0.0
4.09795918367347 0.0
4.10204081632653 0.0
4.10612244897959 0.0
4.11020408163265 0.0
4.11428571428571 0.0
4.11836734693878 0.0
4.12244897959184 0.0
4.1265306122449 0.0
4.13061224489796 0.0
4.13469387755102 0.0
4.13877551020408 0.0
4.14285714285714 0.0
4.1469387755102 0.0
4.15102040816326 0.0
4.15510204081633 0.0
4.15918367346939 0.0
4.16326530612245 0.0
4.16734693877551 0.0
4.17142857142857 2.14434
4.17551020408163 6.81639
4.17959183673469 9.15998
4.18367346938776 11.2939
4.18775510204082 12.3239
4.19183673469388 18.4176
4.19591836734694 10.8654
4.2 3.62357
4.20408163265306 0.391662
4.20816326530612 0.0
4.21224489795918 0.0
4.21632653061225 0.0
4.22040816326531 0.0
4.22448979591837 0.0
4.22857142857143 0.0
4.23265306122449 0.0
4.23673469387755 0.0
4.24081632653061 0.0
4.24489795918367 0.0
4.24897959183673 0.0
4.2530612244898 1.97473
4.25714285714286 0.0
4.26122448979592 0.0
4.26530612244898 0.0
4.26938775510204 0.0
4.2734693877551 0.0
4.27755102040816 0.0
4.28163265306122 0.0
4.28571428571429 0.435114
4.28979591836735 0.0
4.29387755102041 0.0
4.29795918367347 0.0
4.30204081632653 0.0
4.30612244897959 0.0
4.31020408163265 0.0
4.31428571428571 0.0
4.31836734693878 0.0
4.32244897959184 1.17984
4.3265306122449 0.0
4.33061224489796 0.0
4.33469387755102 9.98506
4.33877551020408 1.89698
4.34285714285714 0.0
4.3469387755102 0.699043
4.35102040816327 0.0
4.35510204081633 0.485778
4.35918367346939 0.0
4.36326530612245 0.499368
4.36734693877551 2.573
4.37142857142857 0.320405
4.37551020408163 6.02186
4.37959183673469 0.870973
4.38367346938776 0.0
4.38775510204082 0.0
4.39183673469388 0.0
4.39591836734694 0.226617
4.4 0.0
4.40408163265306 3.73757
4.40816326530612 0.182271
4.41224489795918 1.75846
4.41632653061224 0.0
4.42040816326531 0.0
4.42448979591837 0.0
4.42857142857143 0.0
4.43265306122449 0.0
4.43673469387755 0.0
4.44081632653061 0.0
4.44489795918367 0.0
4.44897959183673 0.0
4.4530612244898 0.0
4.45714285714286 0.0
4.46122448979592 1.20002
4.46530612244898 0.0
4.46938775510204 0.0
4.4734693877551 0.0
4.47755102040816 0.0
4.48163265306122 0.0
4.48571428571429 1.24228
4.48979591836735 0.0
4.49387755102041 0.898987
4.49795918367347 0.343233
4.50204081632653 12.7091
4.50612244897959 0.0
4.51020408163265 0.0
4.51428571428571 0.0
4.51836734693878 0.0458062
4.52244897959184 0.0
4.5265306122449 1.11204
4.53061224489796 2.95252
4.53469387755102 3.22056
4.53877551020408 0.424981
4.54285714285714 0.0
4.5469387755102 0.0
4.55102040816327 0.0
4.55510204081633 0.0
4.55918367346939 0.0
4.56326530612245 0.0
4.56734693877551 0.0
4.57142857142857 0.0
4.57551020408163 0.0
4.57959183673469 0.0
4.58367346938776 0.265636
4.58775510204082 0.0
4.59183673469388 0.0
4.59591836734694 0.0
4.6 0.0
4.60408163265306 0.0
4.60816326530612 0.0
4.61224489795918 0.0
4.61632653061224 0.868052
4.62040816326531 0.0
4.62448979591837 0.0
4.62857142857143 0.0
4.63265306122449 0.0
4.63673469387755 0.0
4.64081632653061 2.18078
4.64489795918367 6.79255
4.64897959183673 7.51047
4.6530612244898 17.4202
4.65714285714286 12.3638
4.66122448979592 30.0179
4.66530612244898 14.4348
4.66938775510204 23.0912
4.6734693877551 17.1738
4.67755102040816 23.9677
4.68163265306122 29.4865
4.68571428571429 28.8149
4.68979591836735 28.8048
4.69387755102041 16.2185
4.69795918367347 21.6226
4.70204081632653 21.6777
4.70612244897959 25.4368
4.71020408163265 15.4235
4.71428571428571 8.92782
4.71836734693878 7.8923
4.72244897959184 1.00732
4.7265306122449 0.0
4.73061224489796 0.0
4.73469387755102 0.0
4.73877551020408 0.0
4.74285714285714 0.0
4.7469387755102 0.0
4.75102040816327 0.0
4.75510204081633 0.0
4.75918367346939 0.0
4.76326530612245 0.0
4.76734693877551 1.66933
4.77142857142857 32.8795
4.77551020408163 45.8307
4.77959183673469 36.5725
4.78367346938775 30.6272
4.78775510204082 22.7002
4.79183673469388 10.0946
4.79591836734694 1.67167
4.8 0.0
4.80408163265306 0.0
4.80816326530612 0.0
4.81224489795918 0.0
4.81632653061224 0.0
4.82040816326531 0.0
4.82448979591837 0.0
4.82857142857143 0.0
4.83265306122449 0.621155
4.83673469387755 0.0
4.84081632653061 0.0
4.84489795918367 0.0
4.84897959183674 0.0
4.8530612244898 0.0
4.85714285714286 0.0
4.86122448979592 0.0
4.86530612244898 0.0
4.86938775510204 0.0
4.8734693877551 0.0
4.87755102040816 0.0
4.88163265306122 0.0
4.88571428571429 0.0
4.88979591836735 0.0
4.89387755102041 0.0
4.89795918367347 0.0
4.90204081632653 0.0
4.90612244897959 0.0
4.91020408163265 0.0
4.91428571428571 0.0
4.91836734693878 0.0
4.92244897959184 0.0
4.9265306122449 0.0
4.93061224489796 0.0
4.93469387755102 0.0
4.93877551020408 0.0
4.94285714285714 0.0
4.9469387755102 0.0
4.95102040816327 0.0
4.95510204081633 0.0
4.95918367346939 3.15917
4.96326530612245 0.0
4.96734693877551 0.26691
4.97142857142857 0.0
4.97551020408163 0.0
4.97959183673469 0.0
4.98367346938775 0.0
4.98775510204082 0.0
4.99183673469388 0.0
4.99591836734694 0.0
5.0 0.0
5.00408163265306 0.0
5.00816326530612 0.0
5.01224489795918 0.0
5.01632653061225 0.0
5.02040816326531 0.0
5.02448979591837 0.0
5.02857142857143 0.0
5.03265306122449 0.0
5.03673469387755 0.0
5.04081632653061 0.0
5.04489795918367 0.0
5.04897959183673 0.0
5.0530612244898 0.0
5.05714285714286 0.0
5.06122448979592 2.17173
5.06530612244898 2.81228
5.06938775510204 3.13509
5.0734693877551 2.92778
5.07755102040816 0.429274
5.08163265306122 0.484353
5.08571428571429 0.100806
5.08979591836735 0.0
5.09387755102041 0.0
5.09795918367347 0.0
5.10204081632653 0.176787
5.10612244897959 1.41396
5.11020408163265 1.86098
5.11428571428571 1.32371
5.11836734693878 0.0
5.12244897959184 0.0
5.1265306122449 0.0
5.13061224489796 0.0
5.13469387755102 0.0
5.13877551020408 0.0
5.14285714285714 0.0
5.1469387755102 0.0
5.15102040816326 0.0
5.15510204081633 0.0
5.15918367346939 0.0
5.16326530612245 0.0
5.16734693877551 0.0
5.17142857142857 0.0
5.17551020408163 1.66845
5.17959183673469 11.7989
5.18367346938776 0.188828
5.18775510204082 20.1167
5.19183673469388 20.8694
5.19591836734694 24.5579
5.2 53.7727
5.20408163265306 71.1356
5.20816326530612 84.3748
5.21224489795918 78.0805
5.21632653061225 68.3624
5.22040816326531 54.7179
5.22448979591837 41.9348
5.22857142857143 25.8678
5.23265306122449 12.9281
5.23673469387755 7.92217
5.24081632653061 0.0
5.24489795918367 0.0
5.24897959183673 0.0
5.2530612244898 0.0
5.25714285714286 0.0
5.26122448979592 0.0
5.26530612244898 0.0
5.26938775510204 0.0
5.2734693877551 0.0
5.27755102040816 0.0
5.28163265306122 0.0
5.28571428571429 0.0
5.28979591836735 7.6194
5.29387755102041 3.09694
5.29795918367347 10.3355
5.30204081632653 23.8807
5.30612244897959 34.3282
5.31020408163265 38.0121
5.31428571428571 39.8714
5.31836734693878 35.0046
5.32244897959184 29.8972
5.3265306122449 24.2402
5.33061224489796 5.19121
5.33469387755102 0.0
5.33877551020408 0.0
5.34285714285714 0.0
5.3469387755102 0.0
5.35102040816327 0.0
5.35510204081633 0.0
5.35918367346939 0.0
5.36326530612245 0.0
5.36734693877551 0.0
5.37142857142857 0.0
5.37551020408163 0.0
5.37959183673469 0.0
5.38367346938776 0.0
5.38775510204082 0.0
5.39183673469388 0.0
5.39591836734694 0.0
5.4 0.0
5.40408163265306 0.0
5.40816326530612 0.0
5.41224489795918 0.0
5.41632653061224 0.0
5.42040816326531 0.0
5.42448979591837 0.0
5.42857142857143 0.0
5.43265306122449 0.0
5.43673469387755 0.0
5.44081632653061 0.0
5.44489795918367 0.0
5.44897959183673 0.0
5.4530612244898 0.0
5.45714285714286 0.0
5.46122448979592 0.0
5.46530612244898 0.0
5.46938775510204 0.0
5.4734693877551 0.0
5.47755102040816 0.0
5.48163265306122 0.0
5.48571428571429 12.1465
5.48979591836735 6.67256
5.49387755102041 11.9987
5.49795918367347 25.7798
5.50204081632653 14.0087
5.50612244897959 15.7045
5.51020408163265 4.48769
5.51428571428571 3.94225
5.51836734693878 1.21868
5.52244897959184 0.0
5.5265306122449 0.0
5.53061224489796 0.0
5.53469387755102 0.0
5.53877551020408 0.0
5.54285714285714 0.0
5.5469387755102 0.0
5.55102040816327 0.895262
5.55510204081633 0.0852346
5.55918367346939 0.0
5.56326530612245 0.950426
5.56734693877551 0.0
5.57142857142857 0.0
5.57551020408163 0.0
5.57959183673469 0.0
5.58367346938776 0.0
5.58775510204082 0.0
5.59183673469388 0.0
5.59591836734694 0.211716
5.6 0.0
5.60408163265306 0.0
5.60816326530612 0.782728
5.61224489795918 0.0
5.61632653061224 0.0
5.62040816326531 0.0
5.62448979591837 0.000715256
5.62857142857143 1.9697
5.63265306122449 0.0
5.63673469387755 7.49612
5.64081632653061 0.0
5.64489795918367 0.0
5.64897959183673 0.0
5.6530612244898 0.0
5.65714285714286 5.76288
5.66122448979592 0.0
5.66530612244898 0.614971
5.66938775510204 0.691816
5.6734693877551 0.942677
5.67755102040816 0.918567
5.68163265306122 0.306666
5.68571428571429 0.206262
5.68979591836735 0.0
5.69387755102041 0.0
5.69795918367347 0.0
5.70204081632653 0.0
5.70612244897959 0.0
5.71020408163265 0.0
5.71428571428571 0.0
5.71836734693878 0.0
5.72244897959184 0.0
5.7265306122449 0.0
5.73061224489796 0.0
5.73469387755102 0.0
5.73877551020408 0.0
5.74285714285714 0.0
5.7469387755102 0.0
5.75102040816327 0.0
5.75510204081633 0.0
5.75918367346939 0.0
5.76326530612245 0.0
5.76734693877551 0.0
5.77142857142857 0.0
5.77551020408163 0.0
5.77959183673469 0.0
5.78367346938775 0.0
5.78775510204082 0.0
5.79183673469388 0.0
5.79591836734694 0.0
5.8 0.0
5.80408163265306 3.16298
5.80816326530612 0.0
5.81224489795918 0.0
5.81632653061224 0.0
5.82040816326531 0.0
5.82448979591837 0.0
5.82857142857143 0.0
5.83265306122449 0.0
5.83673469387755 0.0
5.84081632653061 0.0
5.84489795918367 3.20372
5.84897959183674 1.43855
5.8530612244898 8.12626
5.85714285714286 0.738382
5.86122448979592 2.90215
5.86530612244898 6.75952
5.86938775510204 0.0
5.8734693877551 3.10588
5.87755102040816 6.22046
5.88163265306122 15.8135
5.88571428571429 43.4623
5.88979591836735 50.2546
5.89387755102041 43.0721
5.89795918367347 41.1252
5.90204081632653 51.533
5.90612244897959 50.4798
5.91020408163265 44.6968
5.91428571428571 44.3969
5.91836734693878 47.9978
5.92244897959184 42.2512
5.9265306122449 35.6336
5.93061224489796 47.395
5.93469387755102 36.1436
5.93877551020408 30.0464
5.94285714285714 17.6061
5.9469387755102 37.9117
5.95102040816327 54.3916
5.95510204081633 78.3742
5.95918367346939 93.569
5.96326530612245 97.8911
5.96734693877551 88.7234
5.97142857142857 74.5958
5.97551020408163 66.624
5.97959183673469 47.7856
5.98367346938775 33.6583
5.98775510204082 22.5519
5.99183673469388 7.56842
5.99591836734694 1.58179
6.0 0.0
6.00408163265306 0.0
6.00816326530612 0.0
6.01224489795918 0.0
6.01632653061225 0.0
6.02040816326531 0.0
6.02448979591837 0.0
6.02857142857143 0.0
6.03265306122449 0.0
6.03673469387755 0.0
6.04081632653061 0.0
6.04489795918367 0.0
6.04897959183673 0.0
6.0530612244898 0.0
6.05714285714286 0.0
6.06122448979592 0.0
6.06530612244898 0.0
6.06938775510204 0.0
6.0734693877551 0.0
6.07755102040816 0.0
6.08163265306122 0.0
6.08571428571429 0.0
6.08979591836735 0.0
6.09387755102041 0.0
6.09795918367347 0.0
6.10204081632653 0.0
6.10612244897959 0.0
6.11020408163265 0.0
6.11428571428571 0.0
6.11836734693878 0.0
6.12244897959184 0.0
6.1265306122449 0.0
6.13061224489796 0.0
6.13469387755102 0.0
6.13877551020408 0.0
6.14285714285714 0.0
6.1469387755102 0.0
6.15102040816326 0.0
6.15510204081633 0.0
6.15918367346939 0.0
6.16326530612245 0.0
6.16734693877551 0.0
6.17142857142857 0.0
6.17551020408163 0.0
6.17959183673469 0.0
6.18367346938776 0.0
6.18775510204082 0.0
6.19183673469388 0.0
6.19591836734694 0.0
6.2 0.0
6.20408163265306 0.0
6.20816326530612 0.0
6.21224489795918 0.0
6.21632653061225 0.0
6.22040816326531 0.0
6.22448979591837 0.0
6.22857142857143 0.0
6.23265306122449 0.0
6.23673469387755 0.0
6.24081632653061 0.0
6.24489795918367 0.0
6.24897959183673 0.0
6.2530612244898 0.0
6.25714285714286 0.0
6.26122448979592 0.0
6.26530612244898 0.0
6.26938775510204 5.05441
6.2734693877551 14.5694
6.27755102040816 12.8108
6.28163265306122 18.6071
6.28571428571429 27.2576
6.28979591836735 39.1512
6.29387755102041 40.5025
6.29795918367347 34.5104
6.30204081632653 28.7898
6.30612244897959 28.9868
6.31020408163265 15.2324
6.31428571428571 14.9135
6.31836734693878 0.0
6.32244897959184 0.0
6.3265306122449 0.0
6.33061224489796 0.0
6.33469387755102 0.0
6.33877551020408 0.0
6.34285714285714 0.0
6.3469387755102 0.0
6.35102040816327 0.0
6.35510204081633 0.0
6.35918367346939 0.0
6.36326530612245 0.0
6.36734693877551 0.0
6.37142857142857 0.0
6.37551020408163 0.0
6.37959183673469 0.0
6.38367346938776 0.0
6.38775510204082 0.0
6.39183673469388 0.0
6.39591836734694 0.0
6.4 0.0
6.40408163265306 0.0
6.40816326530612 0.0
6.41224489795918 0.0
6.41632653061224 0.0
6.42040816326531 0.0
6.42448979591837 0.0
6.42857142857143 0.0
6.43265306122449 0.0
6.43673469387755 0.0
6.44081632653061 0.0
6.44489795918367 0.0
6.44897959183673 0.833422
6.4530612244898 0.0
6.45714285714286 0.0
6.46122448979592 0.0
6.46530612244898 0.0
6.46938775510204 0.0
6.4734693877551 0.0
6.47755102040816 0.0
6.48163265306122 0.0
6.48571428571429 0.0
6.48979591836735 0.0
6.49387755102041 0.0
6.49795918367347 0.0
6.50204081632653 0.0
6.50612244897959 0.0
6.51020408163265 0.0
6.51428571428571 0.0
6.51836734693878 0.0
6.52244897959184 0.0
6.5265306122449 0.0
6.53061224489796 0.0
6.53469387755102 0.0
6.53877551020408 0.1387
6.54285714285714 4.57209
6.5469387755102 22.9807
6.55102040816327 23.8168
6.55510204081633 22.7287
6.55918367346939 25.3417
6.56326530612245 18.8549
6.56734693877551 8.88443
6.57142857142857 2.92669
6.57551020408163 0.0
6.57959183673469 0.0
6.58367346938776 0.184536
6.58775510204082 0.0
6.59183673469388 2.33424
6.59591836734694 8.50248
6.6 32.1307
6.60408163265306 40.8976
6.60816326530612 50.9551
6.61224489795918 63.2674
6.61632653061224 72.475
6.62040816326531 70.6897
6.62448979591837 65.5596
6.62857142857143 53.085
6.63265306122449 40.4999
6.63673469387755 28.1975
6.64081632653061 11.8355
6.64489795918367 2.03168
6.64897959183673 0.23526
6.6530612244898 0.0
6.65714285714286 0.0
6.66122448979592 0.0
6.66530612244898 0.0
6.66938775510204 0.0
6.6734693877551 0.0
6.67755102040816 0.0
6.68163265306122 0.0
6.68571428571429 0.0
6.68979591836735 0.0
6.69387755102041 0.0
6.69795918367347 0.0
6.70204081632653 0.0
6.70612244897959 0.0
6.71020408163265 0.0
6.71428571428571 0.0
6.71836734693878 0.0
6.72244897959184 0.0
6.7265306122449 0.0
6.73061224489796 0.0
6.73469387755102 0.0
6.73877551020408 0.0
6.74285714285714 0.0
6.7469387755102 0.0
6.75102040816327 0.0
6.75510204081633 0.0
6.75918367346939 0.0
6.76326530612245 0.0
6.76734693877551 0.0
6.77142857142857 0.0
6.77551020408163 0.0
6.77959183673469 0.0
6.78367346938775 0.0
6.78775510204082 0.0
6.79183673469388 0.270605
6.79591836734694 0.0
6.8 0.0
6.80408163265306 0.0
6.80816326530612 0.0
6.81224489795918 0.0
6.81632653061224 0.0
6.82040816326531 0.0
6.82448979591837 0.0
6.82857142857143 0.0
6.83265306122449 0.0
6.83673469387755 0.0
6.84081632653061 0.0
6.84489795918367 0.0
6.84897959183674 0.0
6.8530612244898 0.0
6.85714285714286 0.0
6.86122448979592 0.0
6.86530612244898 0.0
6.86938775510204 0.0
6.8734693877551 2.35164
6.87755102040816 1.75399
6.88163265306122 14.2375
6.88571428571429 45.8456
6.88979591836735 50.814
6.89387755102041 59.3725
6.89795918367347 57.7617
6.90204081632653 47.0251
6.90612244897959 32.1619
6.91020408163265 26.3169
6.91428571428571 19.1069
6.91836734693878 16.9792
6.92244897959184 7.17497
6.9265306122449 0.0
6.93061224489796 0.0
6.93469387755102 0.0
6.93877551020408 0.0
6.94285714285714 0.0
6.9469387755102 0.0
6.95102040816327 0.0
6.95510204081633 0.0
6.95918367346939 0.0
6.96326530612245 0.0
6.96734693877551 0.0
6.97142857142857 0.0
6.97551020408163 0.0
6.97959183673469 0.0
6.98367346938775 0.0
6.98775510204082 0.0
6.99183673469388 0.0
6.99591836734694 0.0
7.0 0.0
7.00408163265306 0.0
7.00816326530612 0.0
7.01224489795918 0.0
7.01632653061225 0.0
7.02040816326531 0.0
7.02448979591837 0.0
7.02857142857143 0.0
7.03265306122449 0.0
7.03673469387755 0.0
7.04081632653061 0.0
7.04489795918367 0.0
7.04897959183673 0.0
7.0530612244898 0.0
7.05714285714286 0.0
7.06122448979592 0.0
7.06530612244898 0.0
7.06938775510204 0.0
7.0734693877551 0.0
7.07755102040816 0.0
7.08163265306122 0.0
7.08571428571429 0.0
7.08979591836735 0.0
7.09387755102041 0.0
7.09795918367347 0.0
7.10204081632653 0.0
7.10612244897959 0.0
7.11020408163265 0.0
7.11428571428571 0.0
7.11836734693878 0.0
7.12244897959184 0.0
7.1265306122449 0.0
7.13061224489796 0.0
7.13469387755102 0.0
7.13877551020408 0.0
7.14285714285714 1.42175
7.1469387755102 0.896871
7.15102040816326 2.77454
7.15510204081633 2.1612
7.15918367346939 4.39012
7.16326530612245 6.94156
7.16734693877551 7.11554
7.17142857142857 5.29421
7.17551020408163 6.95967
7.17959183673469 8.37353
7.18367346938776 8.58259
7.18775510204082 19.8906
7.19183673469388 29.5817
7.19591836734694 35.0382
7.2 39.956
7.20408163265306 38.7327
7.20816326530612 55.9155
7.21224489795918 61.0159
7.21632653061225 48.6155
7.22040816326531 54.7549
7.22448979591837 64.4836
7.22857142857143 76.8111
7.23265306122449 72.4789
7.23673469387755 75.525
7.24081632653061 67.1847
7.24489795918367 52.9746
7.24897959183673 38.5987
7.2530612244898 38.2119
7.25714285714286 35.6525
7.26122448979592 29.3956
7.26530612244898 20.5855
7.26938775510204 2.67124
7.2734693877551 0.15831
7.27755102040816 0.0
7.28163265306122 0.0
7.28571428571429 0.0
7.28979591836735 0.0
7.29387755102041 0.0
7.29795918367347 0.0
7.30204081632653 0.0
7.30612244897959 0.0
7.31020408163265 0.0
7.31428571428571 0.0
7.31836734693878 0.0
7.32244897959184 0.0
7.3265306122449 0.0
7.33061224489796 0.0
7.33469387755102 0.0
7.33877551020408 0.0
7.34285714285714 0.0
7.3469387755102 0.0
7.35102040816327 0.0
7.35510204081633 0.0
7.35918367346939 0.0
7.36326530612245 0.0
7.36734693877551 0.0
7.37142857142857 0.0
7.37551020408163 0.0
7.37959183673469 0.0
7.38367346938776 0.0
7.38775510204082 0.0
7.39183673469388 0.0
7.39591836734694 0.0
7.4 0.0
7.40408163265306 0.0
7.40816326530612 0.0
7.41224489795918 0.0
7.41632653061224 0.0
7.42040816326531 0.0
7.42448979591837 0.0
7.42857142857143 0.0
7.43265306122449 0.0
7.43673469387755 0.0
7.44081632653061 0.0
7.44489795918367 0.0
7.44897959183673 0.0
7.4530612244898 0.0
7.45714285714286 0.0
7.46122448979592 0.0
7.46530612244898 0.0
7.46938775510204 0.0
7.4734693877551 0.0
7.47755102040816 0.0
7.48163265306122 0.0
7.48571428571429 0.891242
7.48979591836735 2.36404
7.49387755102041 4.96437
7.49795918367347 2.60806
7.50204081632653 0.0
7.50612244897959 0.656724
7.51020408163265 0.0
7.51428571428571 0.0
7.51836734693878 0.0
7.52244897959184 0.0
7.5265306122449 0.0
7.53061224489796 0.0
7.53469387755102 0.0
7.53877551020408 0.0
7.54285714285714 0.839651
7.5469387755102 0.793077
7.55102040816327 2.40128
7.55510204081633 2.09022
7.55918367346939 0.383355
7.56326530612245 6.67834
7.56734693877551 5.62698
7.57142857142857 8.67947
7.57551020408163 1.52624
7.57959183673469 0.819409
7.58367346938776 0.0
7.58775510204082 0.0
7.59183673469388 0.0
7.59591836734694 0.0
7.6 0.0
7.60408163265306 0.0
7.60816326530612 0.0
7.61224489795918 0.0
7.61632653061224 0.0
7.62040816326531 0.0
7.62448979591837 0.0
7.62857142857143 0.0
7.63265306122449 0.0
7.63673469387755 0.0
7.64081632653061 0.0
7.64489795918367 0.0
7.64897959183673 0.0
7.6530612244898 0.0
7.65714285714286 0.0
7.66122448979592 0.0275373
7.66530612244898 0.0
7.66938775510204 7.20195
7.6734693877551 12.4778
7.67755102040816 6.44112
7.68163265306122 24.3182
7.68571428571429 18.8535
7.68979591836735 32.4062
7.69387755102041 50.6061
7.69795918367347 47.7647
7.70204081632653 49.2151
7.70612244897959 36.865
7.71020408163265 37.9981
7.71428571428571 32.3017
7.71836734693878 27.5725
7.72244897959184 18.9156
7.7265306122449 7.27087
7.73061224489796 0.0
7.73469387755102 0.113562
7.73877551020408 0.0603721
7.74285714285714 1.15454
7.7469387755102 0.0
7.75102040816327 0.0
7.75510204081633 0.0
7.75918367346939 0.0
7.76326530612245 0.0
7.76734693877551 0.0
7.77142857142857 0.0
7.77551020408163 0.0
7.77959183673469 0.0
7.78367346938775 0.0
7.78775510204082 0.0
7.79183673469388 0.0
7.79591836734694 0.0
7.8 0.0
7.80408163265306 0.0
7.80816326530612 0.0
7.81224489795918 0.0
7.81632653061224 0.0
7.82040816326531 0.0
7.82448979591837 0.0
7.82857142857143 0.0
7.83265306122449 3.8715
7.83673469387755 3.85797
7.84081632653061 5.77617
7.84489795918367 9.6004
7.84897959183674 7.04518
7.8530612244898 1.4146
7.85714285714286 2.1705
7.86122448979592 9.06217
7.86530612244898 12.2746
7.86938775510204 13.3753
7.8734693877551 6.52206
7.87755102040816 1.73843
7.88163265306122 2.79069
7.88571428571429 5.36847
7.88979591836735 11.685
7.89387755102041 9.65136
7.89795918367347 0.693128
7.90204081632653 0.0
7.90612244897959 0.0
7.91020408163265 0.0
7.91428571428571 0.0
7.91836734693878 0.0
7.92244897959184 0.0
7.9265306122449 0.0
7.93061224489796 0.0
7.93469387755102 0.0
7.93877551020408 0.0
7.94285714285714 0.0
7.9469387755102 0.0
7.95102040816327 0.0
7.95510204081633 0.0
7.95918367346939 0.0
7.96326530612245 0.0
7.96734693877551 0.0
7.97142857142857 0.0
7.97551020408163 0.0
7.97959183673469 0.0
7.98367346938775 0.386715
7.98775510204082 0.658989
7.99183673469388 0.0
7.99591836734694 4.6067
8.0 5.88639
8.00408163265306 6.05822
8.00816326530612 4.32378
8.01224489795918 0.0
8.01632653061225 0.0
8.02040816326531 0.0
8.02448979591837 0.0
8.02857142857143 0.0
8.03265306122449 0.0
8.03673469387755 0.0
8.04081632653061 0.0
8.04489795918367 0.0
8.04897959183674 0.074178
8.0530612244898 4.07863
8.05714285714286 2.1708
8.06122448979592 7.10669
8.06530612244898 3.9078
8.06938775510204 3.45698
8.0734693877551 1.94937
8.07755102040816 0.0
8.08163265306122 1.44178
8.08571428571429 0.0
8.08979591836735 0.0
8.09387755102041 0.0
8.09795918367347 0.0
8.10204081632653 0.0
8.10612244897959 0.0
8.11020408163265 0.0
8.11428571428571 0.0
8.11836734693878 0.0
8.12244897959184 0.0
8.1265306122449 0.0
8.13061224489796 0.452965
8.13469387755102 0.0
8.13877551020408 0.0
8.14285714285714 0.0
8.1469387755102 0.544757
8.15102040816327 0.0
8.15510204081633 3.00312
8.15918367346939 3.06666
8.16326530612245 1.60468
8.16734693877551 6.73759
8.17142857142857 12.9337
8.17551020408163 12.0706
8.17959183673469 9.13966
8.18367346938776 11.4549
8.18775510204082 2.62445
8.19183673469388 2.69198
8.19591836734694 1.98746
8.2 0.398189
8.20408163265306 0.0
8.20816326530612 0.0
8.21224489795918 0.0
8.21632653061224 0.0
8.22040816326531 0.0
8.22448979591837 0.0
8.22857142857143 0.0
8.23265306122449 0.0
8.23673469387755 0.0
8.24081632653061 0.0
8.24489795918367 0.0
8.24897959183673 0.0
8.2530612244898 0.465393
8.25714285714286 1.21474
8.26122448979592 0.0
8.26530612244898 4.45735
8.26938775510204 0.0
8.2734693877551 0.0
8.27755102040816 0.0
8.28163265306122 0.0
8.28571428571429 0.0
8.28979591836735 0.0
8.29387755102041 0.0
8.29795918367347 0.0
8.30204081632653 0.0
8.30612244897959 0.0
8.31020408163265 0.0
8.31428571428571 0.0
8.31836734693877 0.0
8.32244897959184 0.0
8.3265306122449 0.0
8.33061224489796 0.0
8.33469387755102 0.0
8.33877551020408 0.0
8.34285714285714 0.0
8.3469387755102 3.11482
8.35102040816327 0.0
8.35510204081633 0.0
8.35918367346939 1.44649
8.36326530612245 0.0
8.36734693877551 0.0
8.37142857142857 3.47987
8.37551020408163 0.0
8.37959183673469 0.772983
8.38367346938776 0.0
8.38775510204082 0.0
8.39183673469388 0.0
8.39591836734694 0.0
8.4 0.0
8.40408163265306 0.0
8.40816326530612 0.0
8.41224489795918 0.0
8.41632653061225 0.0
8.42040816326531 0.760794
8.42448979591837 6.6306
8.42857142857143 11.6838
8.43265306122449 12.3051
8.43673469387755 18.0499
8.44081632653061 22.2954
8.44489795918367 23.3544
8.44897959183673 24.9528
8.4530612244898 52.4207
8.45714285714286 33.938
8.46122448979592 47.3465
8.46530612244898 28.9537
8.46938775510204 19.2252
8.4734693877551 6.2778
8.47755102040816 15.2545
8.48163265306122 11.6284
8.48571428571429 9.45568
8.48979591836735 11.1092
8.49387755102041 4.02212
8.49795918367347 33.1311
8.50204081632653 23.42
8.50612244897959 16.4218
8.51020408163265 9.20277
8.51428571428571 2.06287
8.51836734693878 0.0
8.52244897959184 0.0
8.5265306122449 0.715651
8.53061224489796 0.0
8.53469387755102 0.0
8.53877551020408 0.0
8.54285714285714 0.0
8.5469387755102 0.0
8.55102040816327 0.0
8.55510204081633 0.0
8.55918367346939 0.0
8.56326530612245 0.0
8.56734693877551 0.0
8.57142857142857 0.0
8.57551020408163 0.0
8.57959183673469 0.405602
8.58367346938775 0.0
8.58775510204082 0.786185
8.59183673469388 0.0
8.59591836734694 0.0
8.6 0.0
8.60408163265306 0.0
8.60816326530612 0.0
8.61224489795918 0.0
8.61632653061224 0.0
8.62040816326531 0.0
8.62448979591837 0.0
8.62857142857143 0.0
8.63265306122449 0.0
8.63673469387755 0.0
8.64081632653061 0.0
8.64489795918367 0.0
8.64897959183673 0.0
8.6530612244898 0.0
8.65714285714286 0.247516
8.66122448979592 1.56716
8.66530612244898 0.0
8.66938775510204 0.0
8.6734693877551 0.0
8.67755102040816 0.238299
8.68163265306123 0.0
8.68571428571429 0.0
8.68979591836735 0.0
8.69387755102041 0.0
8.69795918367347 0.0
8.70204081632653 0.0
8.70612244897959 0.0
8.71020408163265 0.0
8.71428571428571 0.0
8.71836734693878 0.0
8.72244897959184 0.0
8.7265306122449 0.0
8.73061224489796 0.0
8.73469387755102 0.0
8.73877551020408 0.0
8.74285714285714 1.86515
8.7469387755102 2.13087
8.75102040816327 0.0
8.75510204081633 0.0
8.75918367346939 11.3196
8.76326530612245 18.5313
8.76734693877551 14.5063
8.77142857142857 18.5281
8.77551020408163 16.7
8.77959183673469 18.1133
8.78367346938776 17.4741
8.78775510204082 11.2631
8.79183673469388 6.58906
8.79591836734694 0.0
8.8 0.0
8.80408163265306 0.0
8.80816326530612 0.0
8.81224489795918 0.0
8.81632653061224 0.0
8.82040816326531 0.0
8.82448979591837 0.0
8.82857142857143 0.0
8.83265306122449 0.0
8.83673469387755 0.0
8.84081632653061 0.0
8.84489795918367 0.0
8.84897959183673 0.0
8.8530612244898 0.0
8.85714285714286 0.0
8.86122448979592 0.0
8.86530612244898 0.0
8.86938775510204 0.0
8.8734693877551 0.0
8.87755102040816 0.0
8.88163265306122 0.0
8.88571428571429 0.0
8.88979591836735 0.0
8.89387755102041 0.0
8.89795918367347 0.0
8.90204081632653 0.0
8.90612244897959 0.0
8.91020408163265 0.0
8.91428571428571 0.0
8.91836734693878 0.0
8.92244897959184 2.44772
8.9265306122449 14.418
8.93061224489796 32.8684
8.93469387755102 36.2654
8.93877551020408 42.0853
8.94285714285714 52.8704
8.9469387755102 71.3836
8.95102040816326 51.8429
8.95510204081633 46.1625
8.95918367346939 32.1702
8.96326530612245 21.3922
8.96734693877551 10.8485
8.97142857142857 7.03111
8.97551020408163 0.0
8.97959183673469 0.0
8.98367346938775 0.0
8.98775510204082 0.0
8.99183673469388 0.0
8.99591836734694 0.0
9.0 0.0
9.00408163265306 0.0
9.00816326530612 0.0
9.01224489795918 0.0
9.01632653061225 0.0
9.02040816326531 0.0
9.02448979591837 0.0
9.02857142857143 0.0
9.03265306122449 0.0
9.03673469387755 0.0
9.04081632653061 0.0
9.04489795918367 0.0
9.04897959183674 0.0
9.0530612244898 0.0
9.05714285714286 0.0
9.06122448979592 0.0
9.06530612244898 0.0
9.06938775510204 0.0
9.0734693877551 0.0
9.07755102040816 0.0
9.08163265306122 5.66298
9.08571428571429 0.56082
9.08979591836735 8.28725
9.09387755102041 5.1567
9.09795918367347 8.46857
9.10204081632653 19.8792
9.10612244897959 21.3459
9.11020408163265 25.519
9.11428571428571 25.1264
9.11836734693878 21.0673
9.12244897959184 19.0792
9.1265306122449 11.3562
9.13061224489796 19.4954
9.13469387755102 12.3552
9.13877551020408 9.94072
9.14285714285714 3.48413
9.1469387755102 0.0
9.15102040816327 0.0
9.15510204081633 0.0
9.15918367346939 0.0
9.16326530612245 0.0
9.16734693877551 0.0
9.17142857142857 0.0
9.17551020408163 0.0
9.17959183673469 0.0
9.18367346938776 0.0
9.18775510204082 0.0
9.19183673469388 0.0
9.19591836734694 0.0
9.2 0.0
9.20408163265306 0.0
9.20816326530612 0.0
9.21224489795918 0.0
9.21632653061224 0.0
9.22040816326531 0.0
9.22448979591837 0.493743
9.22857142857143 0.412226
9.23265306122449 0.0
9.23673469387755 0.0
9.24081632653061 0.0
9.24489795918367 0.0
9.24897959183673 0.0
9.2530612244898 0.0
9.25714285714286 2.47562
9.26122448979592 4.41825
9.26530612244898 2.22036
9.26938775510204 2.37495
9.2734693877551 3.00978
9.27755102040816 0.632778
9.28163265306122 2.648
9.28571428571429 0.0
9.28979591836735 1.69468
9.29387755102041 2.10083
9.29795918367347 0.0
9.30204081632653 0.550419
9.30612244897959 0.0
9.31020408163265 0.0
9.31428571428571 0.0
9.31836734693877 0.0
9.32244897959184 0.0
9.3265306122449 0.0
9.33061224489796 0.0
9.33469387755102 0.0
9.33877551020408 0.158191
9.34285714285714 1.17216
9.3469387755102 0.800014
9.35102040816327 1.5835
9.35510204081633 0.0
9.35918367346939 0.0
9.36326530612245 0.0
9.36734693877551 0.0
9.37142857142857 0.0
9.37551020408163 0.0
9.37959183673469 0.0
9.38367346938776 0.0
9.38775510204082 5.90497
9.39183673469388 7.60743
9.39591836734694 15.5706
9.4 15.8384
9.40408163265306 35.8168
9.40816326530612 51.9141
9.41224489795918 53.8456
9.41632653061225 38.6951
9.42040816326531 31.8964
9.42448979591837 26.3621
9.42857142857143 19.83
9.43265306122449 15.4175
9.43673469387755 4.74703
9.44081632653061 0.0
9.44489795918367 0.0
9.44897959183673 0.0
9.4530612244898 0.0
9.45714285714286 0.0
9.46122448979592 0.0
9.46530612244898 0.0
9.46938775510204 0.0
9.4734693877551 0.0
9.47755102040816 0.0
9.48163265306122 0.0
9.48571428571429 0.0
9.48979591836735 0.0
9.49387755102041 0.0
9.49795918367347 0.0
9.50204081632653 0.0
9.50612244897959 0.0
9.51020408163265 0.0
9.51428571428571 0.0
9.51836734693878 0.0
9.52244897959184 0.0
9.5265306122449 0.0
9.53061224489796 0.0
9.53469387755102 0.0
9.53877551020408 0.0
9.54285714285714 0.0
9.5469387755102 0.0
9.55102040816327 0.328302
9.55510204081633 0.0
9.55918367346939 0.259042
9.56326530612245 0.0
9.56734693877551 0.0
9.57142857142857 0.0
9.57551020408163 0.0
9.57959183673469 0.0
9.58367346938775 0.0
9.58775510204082 0.0
9.59183673469388 0.0
9.59591836734694 0.0
9.6 0.0
9.60408163265306 0.0
9.60816326530612 0.0
9.61224489795918 0.0
9.61632653061224 0.0
9.62040816326531 1.00726
9.62448979591837 8.13591
9.62857142857143 13.573
9.63265306122449 24.5367
9.63673469387755 30.3567
9.64081632653061 66.0604
9.64489795918367 72.1926
9.64897959183673 81.6759
9.6530612244898 67.4695
9.65714285714286 73.1423
9.66122448979592 60.5055
9.66530612244898 43.1208
9.66938775510204 25.9678
9.6734693877551 14.8284
9.67755102040816 0.0
9.68163265306123 0.0
9.68571428571429 0.0
9.68979591836735 0.0
9.69387755102041 0.0
9.69795918367347 0.0
9.70204081632653 14.347
9.70612244897959 51.1949
9.71020408163265 69.3457
9.71428571428571 84.2344
9.71836734693878 94.9177
9.72244897959184 102.715
9.7265306122449 94.4885
9.73061224489796 78.5265
9.73469387755102 66.669
9.73877551020408 51.0117
9.74285714285714 40.0048
9.7469387755102 31.0125
9.75102040816327 18.6294
9.75510204081633 11.7062
9.75918367346939 0.971019
9.76326530612245 0.0
9.76734693877551 0.0
9.77142857142857 0.0
9.77551020408163 0.0
9.77959183673469 0.0
9.78367346938776 0.0
9.78775510204082 0.0
9.79183673469388 0.0
9.79591836734694 0.0
9.8 0.0
9.80408163265306 0.0
9.80816326530612 0.0
9.81224489795918 0.0
9.81632653061224 0.0
9.82040816326531 0.0
9.82448979591837 0.0
9.82857142857143 0.0
9.83265306122449 0.0
9.83673469387755 0.0
9.84081632653061 0.0
9.84489795918367 0.0
9.84897959183673 0.0
9.8530612244898 0.0
9.85714285714286 0.0
9.86122448979592 0.0
9.86530612244898 0.0
9.86938775510204 0.0
9.8734693877551 0.0
9.87755102040816 0.0
9.88163265306122 0.0
9.88571428571429 0.0
9.88979591836735 0.0
9.89387755102041 0.0
9.89795918367347 0.0
9.90204081632653 0.0
9.90612244897959 0.0
9.91020408163265 0.0
9.91428571428571 0.0
9.91836734693878 0.0
9.92244897959184 0.0
9.9265306122449 0.0
9.93061224489796 0.0
9.93469387755102 0.0
9.93877551020408 0.0
9.94285714285714 0.0
9.9469387755102 0.0
9.95102040816326 1.59669
9.95510204081633 0.0
9.95918367346939 0.0
9.96326530612245 0.0
9.96734693877551 0.0
9.97142857142857 0.0
9.97551020408163 0.0
9.97959183673469 3.18953
9.98367346938775 4.48982
9.98775510204082 2.30861
9.99183673469388 0.884414
9.99591836734694 4.41638
10.0 9.4589
10.0040816326531 14.3143
10.0081632653061 19.8524
10.0122448979592 13.5331
10.0163265306122 33.6291
10.0204081632653 39.3335
10.0244897959184 52.1572
10.0285714285714 63.7239
10.0326530612245 70.5666
10.0367346938776 54.6031
10.0408163265306 48.4037
10.0448979591837 39.6388
10.0489795918367 32.3654
10.0530612244898 18.7952
10.0571428571429 14.9356
10.0612244897959 6.60501
10.065306122449 0.0
10.069387755102 0.0
10.0734693877551 0.0808239
10.0775510204082 0.0
10.0816326530612 0.0
10.0857142857143 0.0
10.0897959183673 0.0
10.0938775510204 0.0
10.0979591836735 0.0
10.1020408163265 0.0
10.1061224489796 0.0
10.1102040816327 0.0
10.1142857142857 0.0
10.1183673469388 0.0
10.1224489795918 0.0
10.1265306122449 0.0
10.130612244898 0.0
10.134693877551 0.0
10.1387755102041 0.0
10.1428571428571 0.0
10.1469387755102 0.0
10.1510204081633 0.0
10.1551020408163 0.0
10.1591836734694 0.0
10.1632653061224 0.0
10.1673469387755 0.0
10.1714285714286 0.0
10.1755102040816 0.0
10.1795918367347 0.0
10.1836734693878 0.0
10.1877551020408 0.0
10.1918367346939 0.0
10.1959183673469 0.0
10.2 0.0
10.2040816326531 0.0
10.2081632653061 0.0
10.2122448979592 0.256658
10.2163265306122 0.0
10.2204081632653 0.0
10.2244897959184 0.0
10.2285714285714 0.0
10.2326530612245 0.0
10.2367346938776 0.0
10.2408163265306 0.0
10.2448979591837 0.0
10.2489795918367 0.0
10.2530612244898 0.0
10.2571428571429 0.0
10.2612244897959 0.0
10.265306122449 0.0
10.269387755102 0.0
10.2734693877551 1.88285
10.2775510204082 0.0
10.2816326530612 11.3309
10.2857142857143 16.2326
10.2897959183673 27.0336
10.2938775510204 37.1544
10.2979591836735 36.6329
10.3020408163265 30.1375
10.3061224489796 20.8865
10.3102040816327 19.9796
10.3142857142857 10.6923
10.3183673469388 16.697
10.3224489795918 20.8204
10.3265306122449 28.9648
10.330612244898 41.1043
10.334693877551 62.1448
10.3387755102041 80.416
10.3428571428571 84.897
10.3469387755102 86.7268
10.3510204081633 82.1051
10.3551020408163 66.992
10.3591836734694 53.4686
10.3632653061224 45.2949
10.3673469387755 31.1098
10.3714285714286 19.561
10.3755102040816 8.69536
10.3795918367347 2.6238
10.3836734693878 0.0
10.3877551020408 0.0
10.3918367346939 0.0
10.3959183673469 0.0
10.4 0.0
10.4040816326531 0.0
10.4081632653061 0.0
10.4122448979592 0.0
10.4163265306122 0.0
10.4204081632653 0.0
10.4244897959184 0.0
10.4285714285714 0.0
10.4326530612245 0.0
10.4367346938776 0.31814
10.4408163265306 2.92623
10.4448979591837 1.45268
10.4489795918367 0.51567
10.4530612244898 0.781447
10.4571428571429 0.0
10.4612244897959 0.0
10.465306122449 0.0
10.469387755102 0.0
10.4734693877551 0.0
10.4775510204082 0.0
10.4816326530612 0.0
10.4857142857143 0.0
10.4897959183673 0.0
10.4938775510204 0.0
10.4979591836735 0.0
10.5020408163265 0.0
10.5061224489796 0.0
10.5102040816327 0.0
10.5142857142857 0.0
10.5183673469388 0.0
10.5224489795918 0.0
10.5265306122449 0.0
10.530612244898 0.0
10.534693877551 0.0
10.5387755102041 0.0
10.5428571428571 0.0
10.5469387755102 0.0
10.5510204081633 0.0
10.5551020408163 0.0
10.5591836734694 0.0
10.5632653061224 0.0
10.5673469387755 0.0
10.5714285714286 0.461102
10.5755102040816 0.0
10.5795918367347 1.41013
10.5836734693878 0.0
10.5877551020408 0.0
10.5918367346939 0.0
10.5959183673469 0.0
10.6 0.0
10.6040816326531 0.0
10.6081632653061 0.0
10.6122448979592 0.497341
10.6163265306122 0.0
10.6204081632653 0.317454
10.6244897959184 2.76577
10.6285714285714 7.32052
10.6326530612245 5.92014
10.6367346938776 16.6012
10.6408163265306 11.4625
10.6448979591837 21.8734
10.6489795918367 18.8014
10.6530612244898 25.6161
10.6571428571429 15.8657
10.6612244897959 9.96232
10.665306122449 1.52716
10.669387755102 0.0
10.6734693877551 0.0
10.6775510204082 1.33681
10.6816326530612 1.95831
10.6857142857143 0.0
10.6897959183673 0.0
10.6938775510204 0.0
10.6979591836735 0.0
10.7020408163265 0.0
10.7061224489796 0.0
10.7102040816327 0.0
10.7142857142857 0.0
10.7183673469388 0.0
10.7224489795918 0.0
10.7265306122449 0.0
10.730612244898 0.0
10.734693877551 0.0
10.7387755102041 0.0
10.7428571428571 0.0
10.7469387755102 0.0
10.7510204081633 0.0
10.7551020408163 0.0
10.7591836734694 0.0
10.7632653061224 0.0
10.7673469387755 0.0
10.7714285714286 0.0
10.7755102040816 0.0
10.7795918367347 1.81222
10.7836734693878 0.0
10.7877551020408 0.0
10.7918367346939 0.0
10.7959183673469 0.0
10.8 0.0
10.8040816326531 0.0
10.8081632653061 0.0
10.8122448979592 0.0
10.8163265306122 0.0
10.8204081632653 0.0
10.8244897959184 0.0
10.8285714285714 0.0
10.8326530612245 0.0
10.8367346938776 0.0
10.8408163265306 0.0
10.8448979591837 0.0
10.8489795918367 0.0
10.8530612244898 0.0
10.8571428571429 0.0
10.8612244897959 0.0
10.865306122449 0.0
10.869387755102 0.0
10.8734693877551 0.0
10.8775510204082 0.0
10.8816326530612 0.0
10.8857142857143 0.0
10.8897959183673 0.0
10.8938775510204 0.0
10.8979591836735 0.0
10.9020408163265 1.30987
10.9061224489796 4.0296
10.9102040816327 9.07853
10.9142857142857 32.393
10.9183673469388 38.6278
10.9224489795918 41.0044
10.9265306122449 51.4678
10.930612244898 76.9564
10.934693877551 90.632
10.9387755102041 104.087
10.9428571428571 98.4548
10.9469387755102 91.8117
10.9510204081633 82.1986
10.9551020408163 69.27
10.9591836734694 57.1173
10.9632653061224 43.9025
10.9673469387755 29.577
10.9714285714286 20.0081
10.9755102040816 7.2127
10.9795918367347 0.0
10.9836734693878 0.0
10.9877551020408 0.0
10.9918367346939 0.0
10.9959183673469 0.0
11.0 0.0
11.0040816326531 0.0
11.0081632653061 0.0
11.0122448979592 0.0
11.0163265306122 0.0
11.0204081632653 0.0
11.0244897959184 0.0
11.0285714285714 0.0
11.0326530612245 0.0
11.0367346938776 0.0
11.0408163265306 0.0
11.0448979591837 0.0
11.0489795918367 0.0
11.0530612244898 0.0
11.0571428571429 0.0
11.0612244897959 0.0
11.065306122449 0.0
11.069387755102 1.06168
11.0734693877551 0.0
11.0775510204082 0.0
11.0816326530612 0.0
11.0857142857143 0.0
11.0897959183673 0.0
11.0938775510204 0.0
11.0979591836735 0.0
11.1020408163265 0.0
11.1061224489796 0.0
11.1102040816327 0.0
11.1142857142857 0.0
11.1183673469388 0.0
11.1224489795918 0.0
11.1265306122449 0.0
11.130612244898 0.0
11.134693877551 0.0
11.1387755102041 0.0
11.1428571428571 0.0
11.1469387755102 0.0
11.1510204081633 0.0
11.1551020408163 0.0
11.1591836734694 0.0
11.1632653061224 0.0
11.1673469387755 0.0
11.1714285714286 0.0
11.1755102040816 0.0
11.1795918367347 0.0
11.1836734693878 10.4046
11.1877551020408 12.6677
11.1918367346939 12.5115
11.1959183673469 14.7625
11.2 21.1476
11.2040816326531 33.2234
11.2081632653061 33.2071
11.2122448979592 29.2301
11.2163265306122 24.4695
11.2204081632653 16.9391
11.2244897959184 7.03754
11.2285714285714 0.0
11.2326530612245 0.0
11.2367346938776 0.0
11.2408163265306 0.0
11.2448979591837 0.0
11.2489795918367 0.0
11.2530612244898 0.0
11.2571428571429 0.0
11.2612244897959 0.0
11.265306122449 0.0
11.269387755102 0.0
11.2734693877551 0.0
11.2775510204082 0.0
11.2816326530612 0.0
11.2857142857143 0.0
11.2897959183673 0.0
11.2938775510204 0.0
11.2979591836735 0.0
11.3020408163265 0.0
11.3061224489796 0.0
11.3102040816327 0.0
11.3142857142857 0.0
11.3183673469388 0.0
11.3224489795918 0.0
11.3265306122449 0.0
11.330612244898 0.0
11.334693877551 0.0
11.3387755102041 0.0
11.3428571428571 0.0
11.3469387755102 0.0
11.3510204081633 0.0
11.3551020408163 0.0
11.3591836734694 0.0
11.3632653061224 0.0
11.3673469387755 0.0
11.3714285714286 0.0
11.3755102040816 0.0
11.3795918367347 1.63412
11.3836734693878 0.0
11.3877551020408 0.0
11.3918367346939 0.0
11.3959183673469 0.0
11.4 0.0
11.4040816326531 0.0
11.4081632653061 0.0
11.4122448979592 0.0
11.4163265306122 0.0
11.4204081632653 0.0
11.4244897959184 0.0
11.4285714285714 0.0
11.4326530612245 0.0
11.4367346938776 0.0
11.4408163265306 0.0
11.4448979591837 0.0
11.4489795918367 0.0
11.4530612244898 0.0
11.4571428571429 0.0
11.4612244897959 0.0
11.465306122449 0.0
11.469387755102 0.0
11.4734693877551 0.0
11.4775510204082 0.0
11.4816326530612 0.0
11.4857142857143 0.0
11.4897959183673 0.0
11.4938775510204 0.0
11.4979591836735 0.0
11.5020408163265 0.0
11.5061224489796 0.0
11.5102040816327 0.0
11.5142857142857 0.0
11.5183673469388 0.0
11.5224489795918 0.0
11.5265306122449 0.0
11.530612244898 0.740469
11.534693877551 15.5457
11.5387755102041 46.1277
11.5428571428571 64.3452
11.5469387755102 76.5688
11.5510204081633 114.584
11.5551020408163 111.104
11.5591836734694 132.668
11.5632653061224 114.784
11.5673469387755 107.836
11.5714285714286 72.4229
11.5755102040816 50.2217
11.5795918367347 36.8023
11.5836734693878 24.9344
11.5877551020408 13.7722
11.5918367346939 2.18153
11.5959183673469 0.0
11.6 0.0
11.6040816326531 0.0
11.6081632653061 0.0
11.6122448979592 0.0
11.6163265306122 0.0
11.6204081632653 0.0
11.6244897959184 0.0
11.6285714285714 0.0
11.6326530612245 0.0
11.6367346938776 0.0
11.6408163265306 0.0
11.6448979591837 0.0
11.6489795918367 0.0
11.6530612244898 0.0
11.6571428571429 0.0
11.6612244897959 0.0
11.665306122449 0.0
11.669387755102 0.0
11.6734693877551 0.0
11.6775510204082 0.0
11.6816326530612 0.0
11.6857142857143 0.0
11.6897959183673 0.0
11.6938775510204 0.0
11.6979591836735 0.0
11.7020408163265 0.0
11.7061224489796 0.0
11.7102040816327 0.0
11.7142857142857 0.0
11.7183673469388 0.0
11.7224489795918 0.0
11.7265306122449 0.0
11.730612244898 0.0
11.734693877551 0.0
11.7387755102041 0.0
11.7428571428571 0.0
11.7469387755102 0.0
11.7510204081633 0.0
11.7551020408163 0.0
11.7591836734694 0.0
11.7632653061224 0.0
11.7673469387755 0.0
11.7714285714286 0.0
11.7755102040816 0.0
11.7795918367347 0.0
11.7836734693878 0.0
11.7877551020408 0.0
11.7918367346939 0.73266
11.7959183673469 0.0
11.8 3.96812
11.8040816326531 2.57158
11.8081632653061 0.0
11.8122448979592 1.05976
11.8163265306122 0.0
11.8204081632653 1.31798
11.8244897959184 16.6319
11.8285714285714 0.0626147
11.8326530612245 28.3494
11.8367346938776 13.2667
11.8408163265306 18.8317
11.8448979591837 33.7919
11.8489795918367 23.2767
11.8530612244898 34.2836
11.8571428571429 32.1546
11.8612244897959 31.3089
11.865306122449 24.6771
11.869387755102 4.56651
11.8734693877551 11.0039
11.8775510204082 0.0
11.8816326530612 0.0
11.8857142857143 0.0
11.8897959183673 0.0
11.8938775510204 0.0
11.8979591836735 0.0
11.9020408163265 0.0
11.9061224489796 0.0
11.9102040816327 0.0
11.9142857142857 0.0
11.9183673469388 0.0
11.9224489795918 0.0
11.9265306122449 0.0
11.930612244898 0.0
11.934693877551 0.0
11.9387755102041 0.0
11.9428571428571 0.0
11.9469387755102 0.0
11.9510204081633 0.0
11.9551020408163 0.0
11.9591836734694 0.0
11.9632653061224 0.0
11.9673469387755 0.0
11.9714285714286 0.0
11.9755102040816 0.0
11.9795918367347 0.0
11.9836734693878 0.0
11.9877551020408 3.3102
11.9918367346939 0.0
11.9959183673469 1.45173
12.0 0.0
12.0040816326531 0.0
12.0081632653061 0.88805
12.0122448979592 0.0
12.0163265306122 6.20273
12.0204081632653 4.24361
12.0244897959184 14.4446
12.0285714285714 19.339
12.0326530612245 39.9316
12.0367346938776 51.128
12.0408163265306 70.9976
12.0448979591837 72.3349
12.0489795918367 75.2253
12.0530612244898 67.1359
12.0571428571429 56.9896
12.0612244897959 54.4232
12.065306122449 42.7241
12.069387755102 29.3327
12.0734693877551 18.666
12.0775510204082 4.54295
12.0816326530612 2.39146
12.0857142857143 0.0
12.0897959183673 0.0
12.0938775510204 0.0
12.0979591836735 0.0
12.1020408163265 0.0
12.1061224489796 0.0
12.1102040816327 0.0
12.1142857142857 0.0
12.1183673469388 0.646591
12.1224489795918 0.110865
12.1265306122449 0.0
12.130612244898 0.0
12.134693877551 0.0
12.1387755102041 0.0
12.1428571428571 0.0
12.1469387755102 0.0
12.1510204081633 0.0
12.1551020408163 0.0
12.1591836734694 2.97084
12.1632653061224 11.508
12.1673469387755 7.03079
12.1714285714286 23.6698
12.1755102040816 26.9135
12.1795918367347 26.8473
12.1836734693878 26.114
12.1877551020408 20.6584
12.1918367346939 21.7048
12.1959183673469 14.4445
12.2 6.82837
12.2040816326531 3.34285
12.2081632653061 0.0
12.2122448979592 0.0
12.2163265306122 0.0
12.2204081632653 0.0
12.2244897959184 0.0
12.2285714285714 0.0
12.2326530612245 0.0
12.2367346938776 0.0
12.2408163265306 0.0
12.2448979591837 0.0
12.2489795918367 0.0
12.2530612244898 0.0
12.2571428571429 0.0
12.2612244897959 0.0
12.265306122449 0.0
12.269387755102 0.0
12.2734693877551 0.0
12.2775510204082 0.0
12.2816326530612 0.0
12.2857142857143 0.0
12.2897959183673 0.0
12.2938775510204 0.0
12.2979591836735 0.0
12.3020408163265 0.0
12.3061224489796 0.0
12.3102040816327 0.0
12.3142857142857 0.0
12.3183673469388 0.0
12.3224489795918 0.0
12.3265306122449 0.972569
12.330612244898 10.8351
12.334693877551 10.4631
12.3387755102041 41.4552
12.3428571428571 15.7911
12.3469387755102 40.1865
12.3510204081633 40.6765
12.3551020408163 28.2167
12.3591836734694 24.5222
12.3632653061224 6.94247
12.3673469387755 7.74753
12.3714285714286 7.65318
12.3755102040816 1.30689
12.3795918367347 2.90132
12.3836734693878 0.0
12.3877551020408 0.615537
12.3918367346939 0.0
12.3959183673469 0.0
12.4 0.0
12.4040816326531 0.0
12.4081632653061 0.0
12.4122448979592 0.0
12.4163265306122 0.0
12.4204081632653 0.0
12.4244897959184 0.0
12.4285714285714 0.0
12.4326530612245 0.0
12.4367346938776 0.0
12.4408163265306 0.0
12.4448979591837 0.0
12.4489795918367 0.0
12.4530612244898 0.0
12.4571428571429 0.0
12.4612244897959 0.0
12.465306122449 0.0
12.469387755102 0.0
12.4734693877551 0.428028
12.4775510204082 1.04962
12.4816326530612 0.57175
12.4857142857143 0.692457
12.4897959183673 5.05524
12.4938775510204 11.9548
12.4979591836735 25.1399
12.5020408163265 34.8792
12.5061224489796 42.1202
12.5102040816327 41.4988
12.5142857142857 38.0847
12.5183673469388 31.4712
12.5224489795918 27.0516
12.5265306122449 18.669
12.530612244898 8.85004
12.534693877551 1.30278
12.5387755102041 0.0
12.5428571428571 0.0
12.5469387755102 0.0
12.5510204081633 0.0
12.5551020408163 0.0
12.5591836734694 0.0
12.5632653061224 0.0
12.5673469387755 0.360787
12.5714285714286 2.14997
12.5755102040816 0.479411
12.5795918367347 0.0
12.5836734693878 0.0
12.5877551020408 0.0
12.5918367346939 0.0
12.5959183673469 0.0
12.6 0.0
12.6040816326531 0.0
12.6081632653061 0.0
12.6122448979592 0.0
12.6163265306122 0.0
12.6204081632653 0.0
12.6244897959184 0.0
12.6285714285714 0.0
12.6326530612245 0.0
12.6367346938776 0.0
12.6408163265306 0.0
12.6448979591837 0.0
12.6489795918367 0.0
12.6530612244898 0.0
12.6571428571429 0.0
12.6612244897959 0.0
12.665306122449 0.0
12.669387755102 0.0
12.6734693877551 0.0
12.6775510204082 0.0
12.6816326530612 0.0
12.6857142857143 0.0
12.6897959183673 0.0
12.6938775510204 0.0
12.6979591836735 0.0
12.7020408163265 0.0
12.7061224489796 0.0
12.7102040816327 0.0
12.7142857142857 0.0
12.7183673469388 0.0
12.7224489795918 0.0
12.7265306122449 0.0
12.730612244898 0.0
12.734693877551 0.0
12.7387755102041 0.0
12.7428571428571 0.0
12.7469387755102 0.0
12.7510204081633 0.0
12.7551020408163 7.22051
12.7591836734694 11.9727
12.7632653061224 2.27627
12.7673469387755 16.5747
12.7714285714286 15.8906
12.7755102040816 19.1895
12.7795918367347 30.9568
12.7836734693878 49.4639
12.7877551020408 71.621
12.7918367346939 73.9073
12.7959183673469 70.4171
12.8 78.0056
12.8040816326531 84.383
12.8081632653061 83.0672
12.8122448979592 79.1863
12.8163265306122 79.6131
12.8204081632653 82.1466
12.8244897959184 53.232
12.8285714285714 48.5951
12.8326530612245 37.7099
12.8367346938776 23.757
12.8408163265306 7.57897
12.8448979591837 0.0
12.8489795918367 0.0
12.8530612244898 0.0
12.8571428571429 0.0
12.8612244897959 0.0
12.865306122449 0.0
12.869387755102 0.0
12.8734693877551 0.0
12.8775510204082 0.0
12.8816326530612 0.0
12.8857142857143 0.0
12.8897959183673 0.0
12.8938775510204 0.0
12.8979591836735 0.0
12.9020408163265 0.0
12.9061224489796 0.0
12.9102040816327 0.0
12.9142857142857 0.0
12.9183673469388 0.0
12.9224489795918 0.0
12.9265306122449 0.0
12.930612244898 0.0
12.934693877551 0.0
12.9387755102041 0.0
12.9428571428571 0.0
12.9469387755102 0.0
12.9510204081633 0.0
12.9551020408163 0.0
12.9591836734694 0.0
12.9632653061224 0.0
12.9673469387755 0.0
12.9714285714286 0.0
12.9755102040816 0.0
12.9795918367347 0.0
12.9836734693878 0.0
12.9877551020408 0.0
12.9918367346939 0.0
12.9959183673469 0.0
13.0 0.0
13.0040816326531 0.0
13.0081632653061 0.0
13.0122448979592 0.0
13.0163265306122 0.0
13.0204081632653 0.0
13.0244897959184 0.0
13.0285714285714 0.0
13.0326530612245 0.0
13.0367346938776 4.24504
13.0408163265306 0.0
13.0448979591837 9.70829
13.0489795918367 0.0
13.0530612244898 0.0
13.0571428571429 0.0
13.0612244897959 0.0
13.065306122449 0.0
13.069387755102 0.0
13.0734693877551 0.0
13.0775510204082 0.0
13.0816326530612 0.0
13.0857142857143 0.0911951
13.0897959183673 0.0
13.0938775510204 0.0
13.0979591836735 0.0
13.1020408163265 4.3869
13.1061224489796 8.07899
13.1102040816327 40.9572
13.1142857142857 36.5397
13.1183673469388 80.9586
13.1224489795918 97.7848
13.1265306122449 108.181
13.130612244898 103.079
13.134693877551 82.6273
13.1387755102041 60.3945
13.1428571428571 47.902
13.1469387755102 36.4797
13.1510204081633 37.4899
13.1551020408163 14.5902
13.1591836734694 11.757
13.1632653061224 0.0
13.1673469387755 0.0
13.1714285714286 2.04334
13.1755102040816 0.0
13.1795918367347 0.0
13.1836734693878 0.0
13.1877551020408 0.0
13.1918367346939 0.0
13.1959183673469 0.0
13.2 0.0
13.2040816326531 0.0
13.2081632653061 0.0
13.2122448979592 0.0
13.2163265306122 0.0
13.2204081632653 0.0
13.2244897959184 0.0
13.2285714285714 0.0
13.2326530612245 0.0
13.2367346938776 0.0
13.2408163265306 0.0
13.2448979591837 0.0
13.2489795918367 0.0
13.2530612244898 13.1282
13.2571428571429 0.0
13.2612244897959 25.1822
13.265306122449 3.90771
13.269387755102 62.4914
13.2734693877551 95.6662
13.2775510204082 109.461
13.2816326530612 111.796
13.2857142857143 89.6124
13.2897959183673 77.0051
13.2938775510204 67.7986
13.2979591836735 44.0874
13.3020408163265 30.8249
13.3061224489796 12.316
13.3102040816327 0.00417233
13.3142857142857 0.0
13.3183673469388 0.0
13.3224489795918 0.0
13.3265306122449 0.0
13.330612244898 0.0
13.334693877551 0.0
13.3387755102041 0.0
13.3428571428571 0.0
13.3469387755102 0.0
13.3510204081633 0.0
13.3551020408163 0.0
13.3591836734694 0.0
13.3632653061224 0.0
13.3673469387755 0.0
13.3714285714286 0.0
13.3755102040816 0.0
13.3795918367347 0.0
13.3836734693878 0.0
13.3877551020408 4.62008
13.3918367346939 5.47731
13.3959183673469 7.85446
13.4 16.6597
13.4040816326531 28.5516
13.4081632653061 39.3685
13.4122448979592 55.7867
13.4163265306122 66.5065
13.4204081632653 58.8168
13.4244897959184 43.1268
13.4285714285714 29.6605
13.4326530612245 25.7198
13.4367346938776 16.8558
13.4408163265306 5.48926
13.4448979591837 0.58794
13.4489795918367 0.0
13.4530612244898 0.0
13.4571428571429 0.0
13.4612244897959 0.0
13.465306122449 0.0
13.469387755102 0.0
13.4734693877551 0.0
13.4775510204082 0.0
13.4816326530612 0.0
13.4857142857143 0.0
13.4897959183673 0.0
13.4938775510204 0.0
13.4979591836735 0.0
13.5020408163265 0.0
13.5061224489796 0.0
13.5102040816327 0.0
13.5142857142857 0.0
13.5183673469388 0.0
13.5224489795918 0.0
13.5265306122449 0.0
13.530612244898 0.0
13.534693877551 0.0
13.5387755102041 0.0
13.5428571428571 0.0
13.5469387755102 6.18106
13.5510204081633 16.9917
13.5551020408163 18.6022
13.5591836734694 27.8439
13.5632653061224 46.3176
13.5673469387755 23.3364
13.5714285714286 27.28
13.5755102040816 17.7194
13.5795918367347 7.39446
13.5836734693878 2.48578
13.5877551020408 0.0
13.5918367346939 0.0
13.5959183673469 0.0
13.6 0.0
13.6040816326531 0.0
13.6081632653061 0.0
13.6122448979592 0.0
13.6163265306122 0.0
13.6204081632653 0.0
13.6244897959184 2.95419
13.6285714285714 0.0
13.6326530612245 0.839978
13.6367346938776 2.50092
13.6408163265306 8.43936
13.6448979591837 33.1264
13.6489795918367 36.7998
13.6530612244898 29.4897
13.6571428571429 40.217
13.6612244897959 39.5566
13.665306122449 39.2591
13.669387755102 14.5248
13.6734693877551 6.66273
13.6775510204082 0.0
13.6816326530612 0.0
13.6857142857143 0.0
13.6897959183673 0.0
13.6938775510204 0.0
13.6979591836735 0.0
13.7020408163265 0.0
13.7061224489796 0.0
13.7102040816327 0.0
13.7142857142857 0.0
13.7183673469388 0.0
13.7224489795918 0.0
13.7265306122449 0.0
13.730612244898 0.0
13.734693877551 0.0
13.7387755102041 0.0
13.7428571428571 0.0
13.7469387755102 0.0
13.7510204081633 0.0
13.7551020408163 0.0
13.7591836734694 0.0
13.7632653061224 0.0
13.7673469387755 0.0
13.7714285714286 0.0
13.7755102040816 0.364065
13.7795918367347 1.83821
13.7836734693878 0.17029
13.7877551020408 1.08176
13.7918367346939 0.0
13.7959183673469 0.0
13.8 0.0
13.8040816326531 0.0
13.8081632653061 0.0
13.8122448979592 0.0
13.8163265306122 0.0
13.8204081632653 0.0
13.8244897959184 0.0
13.8285714285714 0.0
13.8326530612245 0.0
13.8367346938776 0.0
13.8408163265306 0.0
13.8448979591837 0.0
13.8489795918367 0.0
13.8530612244898 0.0
13.8571428571429 0.0
13.8612244897959 0.0
13.865306122449 0.0
13.869387755102 0.0
13.8734693877551 0.0
13.8775510204082 0.0
13.8816326530612 0.0
13.8857142857143 0.0
13.8897959183673 0.0
13.8938775510204 0.0
13.8979591836735 0.0
13.9020408163265 0.0
13.9061224489796 0.0
13.9102040816327 0.0
13.9142857142857 0.65279
13.9183673469388 10.5528
13.9224489795918 18.0753
13.9265306122449 29.3066
13.930612244898 40.8366
13.934693877551 51.7448
13.9387755102041 56.797
13.9428571428571 65.2475
13.9469387755102 50.3875
13.9510204081633 34.3661
13.9551020408163 14.748
13.9591836734694 6.76322
13.9632653061224 3.856
13.9673469387755 0.0
13.9714285714286 0.0
13.9755102040816 0.0
13.9795918367347 0.0
13.9836734693878 0.0
13.9877551020408 0.0
13.9918367346939 0.0
13.9959183673469 0.0
14.0 0.0
14.0040816326531 0.91213
14.0081632653061 32.7381
14.0122448979592 50.1672
14.0163265306122 74.9313
14.0204081632653 114.187
14.0244897959184 125.149
14.0285714285714 118.617
14.0326530612245 122.053
14.0367346938776 116.597
14.0408163265306 101.251
14.0448979591837 77.385
14.0489795918367 55.5694
14.0530612244898 34.5456
14.0571428571429 15.2392
14.0612244897959 1.56587
14.065306122449 0.0
14.069387755102 0.0
14.0734693877551 0.0
14.0775510204082 0.0
14.0816326530612 0.0
14.0857142857143 0.0
14.0897959183673 0.0
14.0938775510204 0.0
14.0979591836735 0.0
14.1020408163265 0.0
14.1061224489796 0.0
14.1102040816327 0.0
14.1142857142857 0.0
14.1183673469388 0.0
14.1224489795918 0.0
14.1265306122449 0.0
14.130612244898 0.0
14.134693877551 0.0
14.1387755102041 0.0
14.1428571428571 0.0
14.1469387755102 3.22282
14.1510204081633 0.462294
14.1551020408163 0.0
14.1591836734694 0.0
14.1632653061224 0.0
14.1673469387755 0.0
14.1714285714286 0.0
14.1755102040816 0.0
14.1795918367347 0.0
14.1836734693878 0.0
14.1877551020408 0.0
14.1918367346939 0.0
14.1959183673469 0.0
14.2 0.0
14.2040816326531 0.0
14.2081632653061 0.0
14.2122448979592 0.0
14.2163265306122 0.0
14.2204081632653 0.0
14.2244897959184 0.0
14.2285714285714 0.0
14.2326530612245 0.0
14.2367346938776 0.0
14.2408163265306 0.0
14.2448979591837 0.0
14.2489795918367 0.0
14.2530612244898 0.0
14.2571428571429 0.0
14.2612244897959 0.0
14.265306122449 0.0
14.269387755102 1.37624
14.2734693877551 0.83527
14.2775510204082 4.2814
14.2816326530612 4.529
14.2857142857143 4.02904
14.2897959183673 3.82158
14.2938775510204 9.37235
14.2979591836735 0.0
14.3020408163265 6.33635
14.3061224489796 7.22745
14.3102040816327 13.0575
14.3142857142857 37.9847
14.3183673469388 49.0392
14.3224489795918 63.0422
14.3265306122449 63.1365
14.330612244898 65.474
14.334693877551 59.1423
14.3387755102041 46.7397
14.3428571428571 32.7183
14.3469387755102 20.8446
14.3510204081633 8.28298
14.3551020408163 0.0
14.3591836734694 0.0
14.3632653061224 0.0
14.3673469387755 0.0
14.3714285714286 0.0
14.3755102040816 0.0
14.3795918367347 0.0
14.3836734693878 0.0
14.3877551020408 0.611544
14.3918367346939 17.7513
14.3959183673469 14.6811
14.4 18.8082
14.4040816326531 32.2185
14.4081632653061 33.6555
14.4122448979592 27.1326
14.4163265306122 28.0175
14.4204081632653 13.1626
14.4244897959184 2.56002
14.4285714285714 0.0
14.4326530612245 0.0
14.4367346938776 0.0
14.4408163265306 0.0
14.4448979591837 0.0
14.4489795918367 0.0
14.4530612244898 0.0
14.4571428571429 0.0
14.4612244897959 0.0
14.465306122449 0.0
14.469387755102 0.0
14.4734693877551 0.0
14.4775510204082 0.0
14.4816326530612 0.0
14.4857142857143 0.0
14.4897959183673 0.0
14.4938775510204 0.0
14.4979591836735 0.0
14.5020408163265 0.0
14.5061224489796 0.0
14.5102040816327 0.0
14.5142857142857 0.0
14.5183673469388 0.0
14.5224489795918 0.0
14.5265306122449 0.0
14.530612244898 0.0
14.534693877551 0.0
14.5387755102041 0.0
14.5428571428571 0.0
14.5469387755102 0.0
14.5510204081633 0.0
14.5551020408163 0.0
14.5591836734694 0.0
14.5632653061224 0.0
14.5673469387755 0.0
14.5714285714286 0.0
14.5755102040816 0.0
14.5795918367347 0.0
14.5836734693878 0.0
14.5877551020408 0.0
14.5918367346939 0.0
14.5959183673469 0.0
14.6 0.0
14.6040816326531 0.0
14.6081632653061 0.0
14.6122448979592 0.0
14.6163265306122 0.729918
14.6204081632653 2.05123
14.6244897959184 16.6422
14.6285714285714 68.5619
14.6326530612245 113.616
14.6367346938776 154.232
14.6408163265306 162.198
14.6448979591837 169.638
14.6489795918367 153.218
14.6530612244898 126.556
14.6571428571429 97.5944
14.6612244897959 75.548
14.665306122449 57.3057
14.669387755102 39.5024
14.6734693877551 22.5928
14.6775510204082 12.8347
14.6816326530612 4.77755
14.6857142857143 0.0
14.6897959183673 0.0
14.6938775510204 0.0
14.6979591836735 0.0
14.7020408163265 0.0
14.7061224489796 0.0
14.7102040816327 0.0
14.7142857142857 0.0
14.7183673469388 0.0
14.7224489795918 0.0
14.7265306122449 0.0
14.730612244898 0.0
14.734693877551 0.0
14.7387755102041 0.0
14.7428571428571 0.0
14.7469387755102 0.0
14.7510204081633 0.0
14.7551020408163 0.0
14.7591836734694 0.0
14.7632653061224 0.0
14.7673469387755 0.0
14.7714285714286 0.0
14.7755102040816 0.0
14.7795918367347 0.0
14.7836734693878 0.0
14.7877551020408 0.0
14.7918367346939 0.0
14.7959183673469 0.0
14.8 0.0
14.8040816326531 0.0
14.8081632653061 0.0
14.8122448979592 0.0
14.8163265306122 0.0
14.8204081632653 0.0
14.8244897959184 0.0
14.8285714285714 0.0
14.8326530612245 0.0
14.8367346938776 0.0
14.8408163265306 0.0
14.8448979591837 0.0
14.8489795918367 0.0
14.8530612244898 0.0
14.8571428571429 0.0
14.8612244897959 0.0
14.865306122449 0.0
14.869387755102 0.0
14.8734693877551 0.0
14.8775510204082 0.0
14.8816326530612 0.0
14.8857142857143 0.0
14.8897959183673 0.0
14.8938775510204 0.0
14.8979591836735 0.0
14.9020408163265 0.0
14.9061224489796 0.0
14.9102040816327 0.0
14.9142857142857 0.0
14.9183673469388 0.0
14.9224489795918 0.0
14.9265306122449 0.0
14.930612244898 0.0
14.934693877551 0.0
14.9387755102041 0.0
14.9428571428571 3.60775
14.9469387755102 19.823
14.9510204081633 62.6911
14.9551020408163 102.434
14.9591836734694 124.403
14.9632653061224 121.62
14.9673469387755 88.0828
14.9714285714286 82.1809
14.9755102040816 79.0753
14.9795918367347 57.0188
14.9836734693878 42.7788
14.9877551020408 25.8353
14.9918367346939 8.96643
14.9959183673469 0.0
15.0 0.0
15.0040816326531 0.0
15.0081632653061 0.0
15.0122448979592 0.0
15.0163265306122 0.0
15.0204081632653 0.0
15.0244897959184 0.0
15.0285714285714 0.0
