0.00408163265306122 2.01327
0.00816326530612245 0.511348
0.0122448979591837 2.15757
0.0163265306122449 2.55752
0.0204081632653061 4.15635
0.0244897959183673 4.92635
0.0285714285714286 5.28148
0.0326530612244898 1.60268
0.036734693877551 2.51451
0.0408163265306122 0.0
0.0448979591836735 0.0
0.0489795918367347 0.0
0.0530612244897959 0.0
0.0571428571428571 4.75734
0.0612244897959184 5.58388
0.0653061224489796 14.4457
0.0693877551020408 37.4082
0.073469387755102 66.333
0.0775510204081633 89.1468
0.0816326530612245 113.311
0.0857142857142857 122.297
0.0897959183673469 118.007
0.0938775510204082 112.019
0.0979591836734694 95.4991
0.102040816326531 77.9739
0.106122448979592 61.009
0.110204081632653 42.503
0.114285714285714 29.2665
0.118367346938776 16.959
0.122448979591837 6.3687
0.126530612244898 0.138402
0.130612244897959 0.0
0.13469387755102 0.0
0.138775510204082 0.0
0.142857142857143 0.0
0.146938775510204 0.0
0.151020408163265 0.0
0.155102040816327 0.0
0.159183673469388 0.0
0.163265306122449 0.0
0.16734693877551 0.0
0.171428571428571 0.0
0.175510204081633 0.0
0.179591836734694 0.0
0.183673469387755 0.0
0.187755102040816 0.0
0.191836734693878 0.0
0.195918367346939 0.0
0.2 0.0
0.204081632653061 0.0
0.208163265306122 0.0
0.212244897959184 0.0
0.216326530612245 0.0
0.220408163265306 0.0
0.224489795918367 0.0
0.228571428571429 0.0
0.23265306122449 0.0
0.236734693877551 0.0
0.240816326530612 0.0
0.244897959183673 0.0
0.248979591836735 0.0
0.253061224489796 0.0
0.257142857142857 0.0
0.261224489795918 0.0
0.26530612244898 0.0
0.269387755102041 0.0
0.273469387755102 0.0
0.277551020408163 0.0
0.281632653061224 0.0
0.285714285714286 0.0
0.289795918367347 0.0
0.293877551020408 0.0
0.297959183673469 0.0
0.302040816326531 0.0
0.306122448979592 0.0
0.310204081632653 0.0
0.314285714285714 0.0
0.318367346938775 0.0
0.322448979591837 0.0
0.326530612244898 0.0
0.330612244897959 0.0
0.33469387755102 0.0
0.338775510204082 0.0
0.342857142857143 0.0
0.346938775510204 0.0
0.351020408163265 0.0
0.355102040816327 0.0
0.359183673469388 0.0
0.363265306122449 0.0
0.36734693877551 0.425547
0.371428571428571 8.77649
0.375510204081633 18.7289
0.379591836734694 30.6382
0.383673469387755 46.1877
0.387755102040816 57.8762
0.391836734693878 65.798
0.395918367346939 69.7678
0.4 62.7438
0.404081632653061 57.1254
0.408163265306122 40.9867
0.412244897959184 31.1142
0.416326530612245 25.6388
0.420408163265306 14.6855
0.424489795918367 8.74381
0.428571428571429 2.18724
0.43265306122449 0.0
0.436734693877551 0.0
0.440816326530612 0.0
0.444897959183673 0.0
0.448979591836735 0.0
0.453061224489796 0.0
0.457142857142857 0.0
0.461224489795918 0.0
0.46530612244898 0.0
0.469387755102041 0.0
0.473469387755102 0.0
0.477551020408163 0.0
0.481632653061224 0.0
0.485714285714286 0.0
0.489795918367347 0.0
0.493877551020408 0.0
0.497959183673469 0.0
0.502040816326531 0.0
0.506122448979592 0.0
0.510204081632653 0.0
0.514285714285714 0.0
0.518367346938776 0.0
0.522448979591837 8.11966
0.526530612244898 12.596
0.530612244897959 15.3576
0.53469387755102 17.6606
0.538775510204082 18.8792
0.542857142857143 17.4501
0.546938775510204 13.7383
0.551020408163265 9.776
0.555102040816327 5.60522
0.559183673469388 15.5903
0.563265306122449 6.52823
0.56734693877551 0.0
0.571428571428571 0.0
0.575510204081633 0.0
0.579591836734694 0.0
0.583673469387755 0.0
0.587755102040816 0.0
0.591836734693878 0.0
0.595918367346939 0.0
0.6 0.0
0.604081632653061 0.0
0.608163265306122 0.0
0.612244897959184 0.0
0.616326530612245 0.0
0.620408163265306 0.0
0.624489795918367 0.0
0.628571428571429 0.0
0.63265306122449 0.0
0.636734693877551 0.0
0.640816326530612 0.0
0.644897959183673 0.0
0.648979591836735 0.0
0.653061224489796 0.0
0.657142857142857 0.0
0.661224489795918 0.0
0.66530612244898 0.0
0.669387755102041 0.0
0.673469387755102 0.0
0.677551020408163 0.0
0.681632653061224 0.0
0.685714285714286 0.0
0.689795918367347 0.557423
0.693877551020408 5.9185
0.697959183673469 18.1648
0.702040816326531 53.638
0.706122448979592 102.808
0.710204081632653 121.016
0.714285714285714 121.933
0.718367346938775 106.562
0.722448979591837 95.5503
0.726530612244898 78.2088
0.730612244897959 60.4662
0.73469387755102 45.6723
0.738775510204082 31.8208
0.742857142857143 21.0785
0.746938775510204 14.5942
0.751020408163265 3.06737
0.755102040816326 0.0
0.759183673469388 0.0
0.763265306122449 0.0
0.76734693877551 0.0
0.771428571428571 0.0
0.775510204081633 0.0
0.779591836734694 0.0
0.783673469387755 0.0
0.787755102040816 0.0
0.791836734693877 0.0530481
0.795918367346939 0.0
0.8 0.0
0.804081632653061 0.0
0.808163265306122 0.0
0.812244897959184 0.0
0.816326530612245 0.0
0.820408163265306 0.0
0.824489795918367 0.0
0.828571428571429 0.0
0.83265306122449 0.0
0.836734693877551 0.0
0.840816326530612 0.0
0.844897959183673 0.0
0.848979591836735 0.0
0.853061224489796 0.0
0.857142857142857 0.0
0.861224489795918 0.0
0.86530612244898 0.0
0.869387755102041 0.0
0.873469387755102 0.0
0.877551020408163 0.0
0.881632653061225 0.0
0.885714285714286 0.0
0.889795918367347 0.0
0.893877551020408 0.0
0.897959183673469 0.0
0.902040816326531 0.0
0.906122448979592 0.0
0.910204081632653 0.0
0.914285714285714 0.0
0.918367346938776 0.0
0.922448979591837 0.0
0.926530612244898 0.0
0.930612244897959 0.0
0.93469387755102 0.0
0.938775510204082 0.0
0.942857142857143 0.0
0.946938775510204 0.0
0.951020408163265 0.0
0.955102040816327 0.0
0.959183673469388 0.0
0.963265306122449 0.0
0.96734693877551 0.0
0.971428571428571 0.0
0.975510204081633 0.0
0.979591836734694 0.0
0.983673469387755 0.0
0.987755102040816 0.0
0.991836734693878 0.0
0.995918367346939 0.0
1.0 5.12421
1.00408163265306 14.6912
1.00816326530612 21.8945
1.01224489795918 50.0009
1.01632653061224 62.0604
1.02040816326531 71.4644
1.02448979591837 66.1663
1.02857142857143 58.6952
1.03265306122449 45.0537
1.03673469387755 30.0318
1.04081632653061 21.0511
1.04489795918367 6.616
1.04897959183673 0.0
1.0530612244898 0.0
1.05714285714286 0.0
1.06122448979592 0.0
1.06530612244898 0.0
1.06938775510204 0.0
1.0734693877551 0.0
1.07755102040816 0.0
1.08163265306122 0.0
1.08571428571429 0.0
1.08979591836735 0.0
1.09387755102041 0.0
1.09795918367347 0.0
1.10204081632653 0.0
1.10612244897959 0.0
1.11020408163265 0.0
1.11428571428571 0.0
1.11836734693878 0.0
1.12244897959184 0.0
1.1265306122449 3.80871
1.13061224489796 11.7555
1.13469387755102 9.0065
1.13877551020408 9.60767
1.14285714285714 8.39347
1.1469387755102 15.5991
1.15102040816327 14.3011
1.15510204081633 17.4571
1.15918367346939 15.2561
1.16326530612245 11.3381
1.16734693877551 5.20253
1.17142857142857 0.425875
1.17551020408163 0.0
1.17959183673469 0.0
1.18367346938776 0.0
1.18775510204082 0.0
1.19183673469388 0.0
1.19591836734694 0.0
1.2 0.0
1.20408163265306 0.0
1.20816326530612 0.0
1.21224489795918 0.0
1.21632653061224 0.0
1.22040816326531 0.0
1.22448979591837 0.0
1.22857142857143 0.0
1.23265306122449 0.0
1.23673469387755 0.0
1.24081632653061 0.0
1.24489795918367 0.0
1.24897959183673 0.0
1.2530612244898 0.0
1.25714285714286 0.0
1.26122448979592 0.0
1.26530612244898 0.0
1.26938775510204 0.0
1.2734693877551 0.0
1.27755102040816 0.0
1.28163265306122 0.0
1.28571428571429 0.0
1.28979591836735 0.0
1.29387755102041 0.0
1.29795918367347 0.0
1.30204081632653 3.1485
1.30612244897959 12.8047
1.31020408163265 28.5102
1.31428571428571 83.4571
1.31836734693878 118.504
1.32244897959184 136.173
1.3265306122449 127.253
1.33061224489796 128.809
1.33469387755102 108.127
1.33877551020408 96.1473
1.34285714285714 80.154
1.3469387755102 67.1705
1.35102040816327 50.3817
1.35510204081633 37.4953
1.35918367346939 26.5021
1.36326530612245 18.0618
1.36734693877551 2.23279
1.37142857142857 0.0
1.37551020408163 0.0
1.37959183673469 0.0
1.38367346938776 0.0
1.38775510204082 0.0
1.39183673469388 0.0
1.39591836734694 0.0
1.4 0.0
1.40408163265306 0.0
1.40816326530612 0.0
1.41224489795918 0.0
1.41632653061225 0.0
1.42040816326531 0.0
1.42448979591837 0.0
1.42857142857143 0.0
1.43265306122449 0.0
1.43673469387755 0.0
1.44081632653061 0.0
1.44489795918367 0.39053
1.44897959183673 0.923634
1.4530612244898 0.632524
1.45714285714286 0.28193
1.46122448979592 0.0
1.46530612244898 0.0
1.46938775510204 0.0
1.4734693877551 0.0
1.47755102040816 0.0
1.48163265306122 0.0
1.48571428571429 0.0
1.48979591836735 0.0
1.49387755102041 0.0
1.49795918367347 0.0
1.50204081632653 0.0
1.50612244897959 0.0
1.51020408163265 0.0
1.51428571428571 0.0
1.51836734693878 0.0
1.52244897959184 0.0
1.5265306122449 0.0
1.53061224489796 0.0
1.53469387755102 0.0
1.53877551020408 0.0
1.54285714285714 0.0
1.5469387755102 0.0
1.55102040816327 0.0
1.55510204081633 0.0
1.55918367346939 0.0
1.56326530612245 0.0
1.56734693877551 0.0
1.57142857142857 0.0
1.57551020408163 0.0
1.57959183673469 0.0
1.58367346938775 0.0
1.58775510204082 0.0
1.59183673469388 0.0
1.59591836734694 0.0
1.6 0.0
1.60408163265306 0.0
1.60816326530612 0.0
1.61224489795918 0.356087
1.61632653061224 0.0
1.62040816326531 0.387738
1.62448979591837 1.63016
1.62857142857143 0.0
1.63265306122449 0.0
1.63673469387755 0.0
1.64081632653061 0.0
1.64489795918367 0.0
1.64897959183673 0.0
1.6530612244898 1.22988
1.65714285714286 5.31101
1.66122448979592 9.91869
1.66530612244898 9.76987
1.66938775510204 11.2936
1.6734693877551 10.6461
1.67755102040816 9.89258
1.68163265306122 4.56262
1.68571428571429 4.11302
1.68979591836735 0.0
1.69387755102041 0.0
1.69795918367347 0.0
1.70204081632653 0.0
1.70612244897959 0.0
1.71020408163265 0.0
1.71428571428571 0.0
1.71836734693878 0.0
1.72244897959184 0.0
1.7265306122449 0.0
1.73061224489796 0.0
1.73469387755102 0.0
1.73877551020408 0.0
1.74285714285714 0.0
1.7469387755102 0.0
1.75102040816327 0.0
1.75510204081633 0.0
1.75918367346939 0.0
1.76326530612245 0.0
1.76734693877551 0.0
1.77142857142857 0.0
1.77551020408163 0.0
1.77959183673469 0.0
1.78367346938776 0.0
1.78775510204082 0.0
1.79183673469388 1.039
1.79591836734694 1.33371
1.8 0.900924
1.80408163265306 9.83083
1.80816326530612 18.8805
1.81224489795918 20.984
1.81632653061224 32.1279
1.82040816326531 29.4265
1.82448979591837 27.5857
1.82857142857143 29.0406
1.83265306122449 28.69
1.83673469387755 16.9822
1.84081632653061 5.04911
1.84489795918367 4.10098
1.84897959183673 0.0
1.8530612244898 0.0
1.85714285714286 0.0
1.86122448979592 0.0
1.86530612244898 0.0
1.86938775510204 0.0
1.8734693877551 0.0
1.87755102040816 0.0
1.88163265306122 0.0
1.88571428571429 0.0
1.88979591836735 0.0
1.89387755102041 0.0
1.89795918367347 0.0
1.90204081632653 0.0
1.90612244897959 0.0
1.91020408163265 0.0
1.91428571428571 0.0
1.91836734693878 0.0
1.92244897959184 0.0
1.9265306122449 0.0
1.93061224489796 0.0
1.93469387755102 0.0
1.93877551020408 0.0
1.94285714285714 0.824094
1.9469387755102 8.84008
1.95102040816327 20.3413
1.95510204081633 22.2446
1.95918367346939 33.8319
1.96326530612245 43.9716
1.96734693877551 35.1669
1.97142857142857 31.5877
1.97551020408163 18.4279
1.97959183673469 18.3523
1.98367346938776 3.65966
1.98775510204082 7.33772
1.99183673469388 4.76903
1.99591836734694 0.0
2.0 0.0
2.00408163265306 0.0
2.00816326530612 0.0
2.01224489795918 0.0
2.01632653061225 0.0
2.02040816326531 0.0
2.02448979591837 0.0
2.02857142857143 0.0
2.03265306122449 0.0
2.03673469387755 0.0
2.04081632653061 0.0
2.04489795918367 0.0
2.04897959183673 0.0
2.0530612244898 0.0
2.05714285714286 0.0
2.06122448979592 0.0
2.06530612244898 0.0
2.06938775510204 0.0
2.0734693877551 0.0
2.07755102040816 0.0
2.08163265306122 0.0
2.08571428571429 0.0
2.08979591836735 0.0
2.09387755102041 0.0
2.09795918367347 0.0
2.10204081632653 0.0
2.10612244897959 0.0
2.11020408163265 0.0
2.11428571428571 0.0
2.11836734693878 0.0
2.12244897959184 2.28393
2.1265306122449 11.474
2.13061224489796 10.2032
2.13469387755102 37.677
2.13877551020408 44.7888
2.14285714285714 42.3726
2.1469387755102 30.3866
2.15102040816327 33.2325
2.15510204081633 22.1408
2.15918367346939 6.82598
2.16326530612245 3.99709
2.16734693877551 0.97239
2.17142857142857 0.0
2.17551020408163 0.0
2.17959183673469 0.0
2.18367346938776 0.0
2.18775510204082 0.0
2.19183673469388 0.0
2.19591836734694 0.0
2.2 0.0
2.20408163265306 0.0
2.20816326530612 0.0
2.21224489795918 0.0
2.21632653061224 0.0
2.22040816326531 0.0
2.22448979591837 0.0
2.22857142857143 0.0
2.23265306122449 0.0
2.23673469387755 0.0
2.24081632653061 0.0
2.24489795918367 0.888705
2.24897959183673 7.93874
2.2530612244898 10.4089
2.25714285714286 12.4568
2.26122448979592 29.4036
2.26530612244898 26.6377
2.26938775510204 27.4374
2.2734693877551 29.3399
2.27755102040816 25.6536
2.28163265306122 20.3503
2.28571428571429 10.6816
2.28979591836735 6.70075
2.29387755102041 0.262961
2.29795918367347 0.0
2.30204081632653 0.0
2.30612244897959 0.0
2.31020408163265 0.0
2.31428571428571 0.0
2.31836734693878 0.0
2.32244897959184 0.0
2.3265306122449 0.0
2.33061224489796 5.06167
2.33469387755102 10.4135
2.33877551020408 20.1318
2.34285714285714 10.1541
2.3469387755102 6.53291
2.35102040816327 4.32265
2.35510204081633 2.27547
2.35918367346939 6.90043
2.36326530612245 13.335
2.36734693877551 14.2285
2.37142857142857 11.144
2.37551020408163 3.23486
2.37959183673469 0.0
2.38367346938776 0.0
2.38775510204082 0.0
2.39183673469388 0.0
2.39591836734694 0.0
2.4 0.0
2.40408163265306 0.0
2.40816326530612 0.0
2.41224489795918 0.0
2.41632653061225 0.0
2.42040816326531 0.0
2.42448979591837 0.0
2.42857142857143 0.0
2.43265306122449 0.0
2.43673469387755 0.0
2.44081632653061 0.0
2.44489795918367 0.0
2.44897959183673 0.0
2.4530612244898 0.0
2.45714285714286 0.0
2.46122448979592 0.0
2.46530612244898 0.0
2.46938775510204 0.0
2.4734693877551 0.0
2.47755102040816 0.0
2.48163265306122 0.0
2.48571428571429 0.0
2.48979591836735 0.0
2.49387755102041 0.0
2.49795918367347 0.0
2.50204081632653 0.0
2.50612244897959 0.0
2.51020408163265 0.0
2.51428571428571 0.0
2.51836734693878 0.0
2.52244897959184 0.0
2.5265306122449 0.0
2.53061224489796 0.0
2.53469387755102 0.0
2.53877551020408 0.0
2.54285714285714 0.0
2.5469387755102 0.0
2.55102040816327 0.0
2.55510204081633 0.880003
2.55918367346939 46.0602
2.56326530612245 62.8021
2.56734693877551 74.3454
2.57142857142857 90.2166
2.57551020408163 93.4265
2.57959183673469 87.2415
2.58367346938775 85.3596
2.58775510204082 66.5594
2.59183673469388 51.0591
2.59591836734694 36.2294
2.6 21.3722
2.60408163265306 10.3017
2.60816326530612 0.684023
2.61224489795918 0.0
2.61632653061224 0.0
2.62040816326531 0.0
2.62448979591837 0.0
2.62857142857143 0.0
2.63265306122449 0.0
2.63673469387755 0.0
2.64081632653061 0.0
2.64489795918367 0.0
2.64897959183673 0.0
2.6530612244898 0.0
2.65714285714286 0.0
2.66122448979592 0.0
2.66530612244898 0.0
2.66938775510204 0.0
2.6734693877551 0.0
2.67755102040816 0.0
2.68163265306122 0.0
2.68571428571429 0.0
2.68979591836735 0.0
2.69387755102041 0.0
2.69795918367347 0.0
2.70204081632653 0.0
2.70612244897959 0.0
2.71020408163265 0.0
2.71428571428571 0.0
2.71836734693878 0.0
2.72244897959184 0.0
2.7265306122449 0.0
2.73061224489796 0.0
2.73469387755102 0.0
2.73877551020408 0.0
2.74285714285714 0.0
2.7469387755102 0.0
2.75102040816327 0.0
2.75510204081633 1.30248
2.75918367346939 0.0
2.76326530612245 0.0
2.76734693877551 0.0
2.77142857142857 0.0
2.77551020408163 0.0
2.77959183673469 0.0
2.78367346938776 0.0
2.78775510204082 0.0
2.79183673469388 0.0
2.79591836734694 0.0
2.8 0.0
2.80408163265306 0.0
2.80816326530612 0.0
2.81224489795918 0.0
2.81632653061224 0.0
2.82040816326531 0.0
2.82448979591837 0.0
2.82857142857143 0.0
2.83265306122449 0.0
2.83673469387755 0.0
2.84081632653061 0.0
2.84489795918367 0.0
2.84897959183673 0.0
2.8530612244898 0.0
2.85714285714286 0.0
2.86122448979592 0.0
2.86530612244898 0.0
2.86938775510204 1.39439
2.8734693877551 0.0
2.87755102040816 12.2927
2.88163265306122 19.4072
2.88571428571429 23.8569
2.88979591836735 26.7489
2.89387755102041 25.2443
2.89795918367347 23.9455
2.90204081632653 23.0276
2.90612244897959 11.3182
2.91020408163265 8.98896
2.91428571428571 12.0656
2.91836734693878 0.0652075
2.92244897959184 0.0
2.9265306122449 0.0
2.93061224489796 0.0
2.93469387755102 0.0
2.93877551020408 0.0
2.94285714285714 0.0
2.9469387755102 0.0
2.95102040816327 0.0
2.95510204081633 0.0
2.95918367346939 0.0
2.96326530612245 0.0
2.96734693877551 0.0
2.97142857142857 0.0
2.97551020408163 0.0
2.97959183673469 0.0
2.98367346938775 0.0
2.98775510204082 0.0
2.99183673469388 0.0
2.99591836734694 0.0
3.0 0.0
3.00408163265306 0.0
3.00816326530612 0.0
3.01224489795918 0.0
3.01632653061225 0.0
3.02040816326531 0.0
3.02448979591837 3.90159
3.02857142857143 0.0
3.03265306122449 5.86522
3.03673469387755 4.71318
3.04081632653061 12.256
3.04489795918367 24.9818
3.04897959183673 38.2112
3.0530612244898 40.4984
3.05714285714286 52.595
3.06122448979592 55.3317
3.06530612244898 54.3827
3.06938775510204 49.4741
3.0734693877551 48.9845
3.07755102040816 45.2593
3.08163265306122 34.3959
3.08571428571429 26.3268
3.08979591836735 16.5353
3.09387755102041 7.9008
3.09795918367347 3.66512
3.10204081632653 0.0
3.10612244897959 0.0
3.11020408163265 0.0
3.11428571428571 0.0
3.11836734693878 0.0
3.12244897959184 0.0
3.1265306122449 0.0
3.13061224489796 0.0
3.13469387755102 0.0
3.13877551020408 0.0
3.14285714285714 0.0
3.1469387755102 0.0
3.15102040816327 0.0
3.15510204081633 0.0
3.15918367346939 0.0
3.16326530612245 0.0
3.16734693877551 0.0
3.17142857142857 0.0
3.17551020408163 0.0
3.17959183673469 0.0
3.18367346938776 0.0
3.18775510204082 0.0
3.19183673469388 0.0
3.19591836734694 0.0
3.2 0.0
3.20408163265306 0.0
3.20816326530612 0.0
3.21224489795918 0.0
3.21632653061224 0.0
3.22040816326531 0.0
3.22448979591837 0.0
3.22857142857143 0.0
3.23265306122449 0.0
3.23673469387755 0.0
3.24081632653061 0.0
3.24489795918367 0.0
3.24897959183673 0.0
3.2530612244898 0.0
3.25714285714286 0.0
3.26122448979592 0.0
3.26530612244898 0.0
3.26938775510204 0.0
3.2734693877551 3.04729
3.27755102040816 0.0
3.28163265306122 0.0
3.28571428571429 0.0
3.28979591836735 0.0
3.29387755102041 0.0
3.29795918367347 0.0
3.30204081632653 0.0
3.30612244897959 0.0
3.31020408163265 0.0
3.31428571428571 0.0
3.31836734693878 0.0
3.32244897959184 0.0
3.3265306122449 0.0
3.33061224489796 0.0
3.33469387755102 0.0
3.33877551020408 0.0
3.34285714285714 0.0
3.3469387755102 0.0
3.35102040816327 11.6614
3.35510204081633 0.0
3.35918367346939 8.59654
3.36326530612245 17.2058
3.36734693877551 19.5939
3.37142857142857 25.8559
3.37551020408163 18.8117
3.37959183673469 19.4708
3.38367346938776 19.0147
3.38775510204082 20.7376
3.39183673469388 14.9229
3.39591836734694 7.13438
3.4 2.71922
3.40408163265306 0.0
3.40816326530612 0.0
3.41224489795918 0.0
3.41632653061225 0.0
3.42040816326531 0.0
3.42448979591837 0.0
3.42857142857143 0.748277
3.43265306122449 0.010848
3.43673469387755 0.108272
3.44081632653061 0.0
3.44489795918367 3.65962
3.44897959183673 5.39041
3.4530612244898 0.469387
3.45714285714286 0.0
3.46122448979592 0.0
3.46530612244898 0.0
3.46938775510204 0.0
3.4734693877551 18.3203
3.47755102040816 0.0
3.48163265306122 28.1066
3.48571428571429 65.0577
3.48979591836735 97.6176
3.49387755102041 116.829
3.49795918367347 122.807
3.50204081632653 107.882
3.50612244897959 102.608
3.51020408163265 91.6357
3.51428571428571 73.7188
3.51836734693878 57.8154
3.52244897959184 37.9647
3.5265306122449 14.3702
3.53061224489796 8.48478
3.53469387755102 3.85153
3.53877551020408 0.0
3.54285714285714 4.39329
3.5469387755102 7.74628
3.55102040816327 10.0411
3.55510204081633 4.79937
3.55918367346939 0.0
3.56326530612245 7.2732
3.56734693877551 15.201
3.57142857142857 2.98783
3.57551020408163 0.0
3.57959183673469 0.0
3.58367346938775 0.0
3.58775510204082 0.0
3.59183673469388 0.0
3.59591836734694 0.0
3.6 0.0
3.60408163265306 0.0
3.60816326530612 0.0
3.61224489795918 0.0
3.61632653061224 0.0
3.62040816326531 0.0
3.62448979591837 0.0
3.62857142857143 0.0
3.63265306122449 0.0
3.63673469387755 0.0
3.64081632653061 0.0
3.64489795918367 0.0
3.64897959183673 6.99212
3.6530612244898 2.90231
3.65714285714286 2.42114
3.66122448979592 7.0461
3.66530612244898 5.84245
3.66938775510204 3.23367
3.6734693877551 0.0
3.67755102040816 0.0
3.68163265306122 0.0
3.68571428571429 0.0
3.68979591836735 0.0
3.69387755102041 0.0
3.69795918367347 0.0
3.70204081632653 0.0
3.70612244897959 0.0
3.71020408163265 0.0
3.71428571428571 0.0
3.71836734693878 0.0
3.72244897959184 0.0
3.7265306122449 0.0
3.73061224489796 0.0
3.73469387755102 0.0
3.73877551020408 0.0
3.74285714285714 0.0
3.7469387755102 0.0
3.75102040816327 0.0
3.75510204081633 0.0
3.75918367346939 0.0
3.76326530612245 0.0
3.76734693877551 0.0
3.77142857142857 0.0
3.77551020408163 0.0
3.77959183673469 0.0
3.78367346938776 4.15301
3.78775510204082 30.1045
3.79183673469388 123.394
3.79591836734694 178.345
3.8 180.658
3.80408163265306 171.542
3.80816326530612 168.826
3.81224489795918 141.647
3.81632653061224 134.725
3.82040816326531 112.287
3.82448979591837 89.6755
3.82857142857143 68.4551
3.83265306122449 49.2209
3.83673469387755 30.2716
3.84081632653061 13.1521
3.84489795918367 1.80876
3.84897959183673 0.0
3.8530612244898 0.0
3.85714285714286 0.0
3.86122448979592 0.0
3.86530612244898 0.0
3.86938775510204 0.0
3.8734693877551 0.0
3.87755102040816 0.0
3.88163265306122 0.0
3.88571428571429 0.0
3.88979591836735 0.0
3.89387755102041 0.0
3.89795918367347 0.0
3.90204081632653 0.0
3.90612244897959 0.0
3.91020408163265 0.0
3.91428571428571 0.0
3.91836734693878 0.0
3.92244897959184 0.0
3.9265306122449 0.0
3.93061224489796 0.0
3.93469387755102 0.0
3.93877551020408 0.0
3.94285714285714 0.0
3.9469387755102 0.0
3.95102040816327 0.0
3.95510204081633 0.0
3.95918367346939 0.0
3.96326530612245 0.0
3.96734693877551 0.0
3.97142857142857 0.0
3.97551020408163 0.0
3.97959183673469 0.0
3.98367346938775 0.0
3.98775510204082 0.0
3.99183673469388 0.0
3.99591836734694 0.0
4.0 0.0
4.00408163265306 0.0
4.00816326530612 0.0
4.01224489795918 1.2421
4.01632653061225 2.64239
4.02040816326531 0.893667
4.02448979591837 0.0
4.02857142857143 0.0
4.03265306122449 0.0
4.03673469387755 0.0
4.04081632653061 0.0
4.04489795918367 0.0
4.04897959183673 0.0
4.0530612244898 0.0
4.05714285714286 0.0
4.06122448979592 0.0
4.06530612244898 0.0
4.06938775510204 0.0
4.0734693877551 1.57166
4.07755102040816 0.0
4.08163265306122 0.0
4.08571428571429 0.215098
4.08979591836735 0.0
4.09387755102041 0.0547767
4.09795918367347 6.5066
4.10204081632653 9.24205
4.10612244897959 16.8943
4.11020408163265 28.7915
4.11428571428571 46.5042
4.11836734693878 66.0349
4.12244897959184 77.0864
4.1265306122449 72.2625
4.13061224489796 58.2558
4.13469387755102 56.1421
4.13877551020408 50.5051
4.14285714285714 37.7114
4.1469387755102 25.8625
4.15102040816326 14.6276
4.15510204081633 5.87982
4.15918367346939 0.0
4.16326530612245 0.0
4.16734693877551 0.0
4.17142857142857 0.0
4.17551020408163 0.0
4.17959183673469 0.0
4.18367346938776 0.0
4.18775510204082 0.0
4.19183673469388 0.0
4.19591836734694 0.0
4.2 0.0
4.20408163265306 0.0
4.20816326530612 0.0
4.21224489795918 0.0
4.21632653061225 0.0
4.22040816326531 0.0
4.22448979591837 0.0
4.22857142857143 0.0
4.23265306122449 0.0
4.23673469387755 0.0
4.24081632653061 0.0
4.24489795918367 0.0
4.24897959183673 0.0
4.2530612244898 0.0
4.25714285714286 0.0
4.26122448979592 0.0
4.26530612244898 0.0
4.26938775510204 0.0
4.2734693877551 0.0
4.27755102040816 0.0
4.28163265306122 0.0
4.28571428571429 0.0
4.28979591836735 0.0
4.29387755102041 0.0
4.29795918367347 0.0
4.30204081632653 1.07525
4.30612244897959 0.751019
4.31020408163265 0.0
4.31428571428571 0.149786
4.31836734693878 0.0
4.32244897959184 0.0
4.3265306122449 0.0
4.33061224489796 0.0
4.33469387755102 0.0
4.33877551020408 0.0
4.34285714285714 0.0
4.3469387755102 0.0
4.35102040816327 0.0
4.35510204081633 0.0
4.35918367346939 0.0
4.36326530612245 0.0
4.36734693877551 0.0
4.37142857142857 0.0
4.37551020408163 2.06214
4.37959183673469 0.0
4.38367346938776 0.0
4.38775510204082 0.0
4.39183673469388 3.99322
4.39591836734694 0.500381
4.4 2.05466
4.40408163265306 7.93614
4.40816326530612 17.9287
4.41224489795918 22.9196
4.41632653061224 50.2143
4.42040816326531 101.607
4.42448979591837 127.668
4.42857142857143 150.344
4.43265306122449 150.427
4.43673469387755 149.978
4.44081632653061 124.99
4.44489795918367 103.954
4.44897959183673 86.1244
4.4530612244898 66.0991
4.45714285714286 44.7213
4.46122448979592 31.6759
4.46530612244898 12.9277
4.46938775510204 1.66446
4.4734693877551 0.92119
4.47755102040816 0.0
4.48163265306122 0.0
4.48571428571429 0.0
4.48979591836735 0.0
4.49387755102041 0.0
4.49795918367347 0.0
4.50204081632653 0.0
4.50612244897959 0.0
4.51020408163265 0.0
4.51428571428571 0.0
4.51836734693878 0.0
4.52244897959184 0.0
4.5265306122449 0.0
4.53061224489796 0.0
4.53469387755102 0.0
4.53877551020408 0.0
4.54285714285714 0.0
4.5469387755102 0.0
4.55102040816327 0.0
4.55510204081633 0.0
4.55918367346939 0.0
4.56326530612245 0.0
4.56734693877551 0.0
4.57142857142857 0.0
4.57551020408163 0.0
4.57959183673469 0.0
4.58367346938776 0.0
4.58775510204082 0.0
4.59183673469388 0.0
4.59591836734694 0.0
4.6 0.0
4.60408163265306 0.0
4.60816326530612 0.0
4.61224489795918 0.0
4.61632653061224 0.0
4.62040816326531 0.0
4.62448979591837 0.0
4.62857142857143 0.0
4.63265306122449 0.0
4.63673469387755 0.0
4.64081632653061 0.0
4.64489795918367 0.0
4.64897959183673 0.0
4.6530612244898 0.0
4.65714285714286 0.0
4.66122448979592 0.0
4.66530612244898 0.0
4.66938775510204 0.0
4.6734693877551 0.0
4.67755102040816 0.0
4.68163265306122 0.0
4.68571428571429 0.0
4.68979591836735 0.0
4.69387755102041 0.0
4.69795918367347 0.0
4.70204081632653 0.0
4.70612244897959 0.0
4.71020408163265 0.0
4.71428571428571 0.0
4.71836734693878 0.332952
4.72244897959184 6.1453
4.7265306122449 13.2484
4.73061224489796 28.844
4.73469387755102 42.5645
4.73877551020408 44.3247
4.74285714285714 47.5749
4.7469387755102 50.2442
4.75102040816327 47.8077
4.75510204081633 33.461
4.75918367346939 24.2627
4.76326530612245 20.0636
4.76734693877551 11.492
4.77142857142857 2.91789
4.77551020408163 0.0
4.77959183673469 0.0
4.78367346938775 0.0
4.78775510204082 0.0
4.79183673469388 0.0
4.79591836734694 0.0
4.8 0.0
4.80408163265306 0.0
4.80816326530612 0.0
4.81224489795918 0.0
4.81632653061224 0.0
4.82040816326531 0.0
4.82448979591837 0.0
4.82857142857143 0.0
4.83265306122449 0.0
4.83673469387755 0.0
4.84081632653061 0.0
4.84489795918367 0.365362
4.84897959183674 0.169143
4.8530612244898 4.5948
4.85714285714286 1.05481
4.86122448979592 4.35388
4.86530612244898 3.07393
4.86938775510204 5.15711
4.8734693877551 4.76666
4.87755102040816 5.76316
4.88163265306122 5.22423
4.88571428571429 2.52661
4.88979591836735 3.61863
4.89387755102041 0.0
4.89795918367347 0.0
4.90204081632653 0.0
4.90612244897959 0.0
4.91020408163265 0.0
4.91428571428571 0.0
4.91836734693878 0.0
4.92244897959184 0.0
4.9265306122449 0.0
4.93061224489796 0.0
4.93469387755102 0.0
4.93877551020408 0.0
4.94285714285714 0.0
4.9469387755102 0.0
4.95102040816327 0.0
4.95510204081633 0.0
4.95918367346939 0.0
4.96326530612245 0.0
4.96734693877551 0.44411
4.97142857142857 0.0
4.97551020408163 0.0
4.97959183673469 0.0
4.98367346938775 0.0
4.98775510204082 0.0
4.99183673469388 0.0
4.99591836734694 0.0
5.0 0.0
5.00408163265306 0.0
5.00816326530612 0.0
5.01224489795918 0.0
5.01632653061225 0.249773
5.02040816326531 0.756502
5.02448979591837 0.507593
5.02857142857143 0.0
5.03265306122449 0.0
5.03673469387755 0.0
5.04081632653061 2.11525
5.04489795918367 7.02035
5.04897959183673 27.994
5.0530612244898 61.3556
5.05714285714286 88.971
5.06122448979592 113.56
5.06530612244898 119.216
5.06938775510204 108.032
5.0734693877551 94.4189
5.07755102040816 90.6263
5.08163265306122 79.1726
5.08571428571429 64.8534
5.08979591836735 51.825
5.09387755102041 37.4122
5.09795918367347 30.5654
5.10204081632653 16.5377
5.10612244897959 5.76723
5.11020408163265 0.740618
5.11428571428571 0.0
5.11836734693878 0.0
5.12244897959184 0.0
5.1265306122449 0.0
5.13061224489796 0.0
5.13469387755102 0.0
5.13877551020408 0.0
5.14285714285714 0.0
5.1469387755102 0.0
5.15102040816326 0.0
5.15510204081633 0.0
5.15918367346939 0.0
5.16326530612245 0.0
5.16734693877551 0.0
5.17142857142857 0.0
5.17551020408163 0.0
5.17959183673469 0.0
5.18367346938776 0.0
5.18775510204082 0.0
5.19183673469388 0.0
5.19591836734694 0.0
5.2 0.0
5.20408163265306 0.0
5.20816326530612 0.0
5.21224489795918 0.0
5.21632653061225 0.0
5.22040816326531 0.0
5.22448979591837 0.0
5.22857142857143 0.0
5.23265306122449 0.0
5.23673469387755 0.0
5.24081632653061 0.0
5.24489795918367 0.0
5.24897959183673 0.0
5.2530612244898 0.0
5.25714285714286 0.0
5.26122448979592 0.0
5.26530612244898 0.0
5.26938775510204 0.0
5.2734693877551 0.0
5.27755102040816 0.0
5.28163265306122 0.0
5.28571428571429 0.0
5.28979591836735 0.0
5.29387755102041 0.0
5.29795918367347 0.0
5.30204081632653 0.0
5.30612244897959 0.0
5.31020408163265 0.0
5.31428571428571 0.0
5.31836734693878 0.390023
5.32244897959184 0.0
5.3265306122449 0.0
5.33061224489796 0.0
5.33469387755102 0.0
5.33877551020408 0.0
5.34285714285714 0.0
5.3469387755102 3.54213
5.35102040816327 4.27973
5.35510204081633 19.2443
5.35918367346939 25.7827
5.36326530612245 32.2551
5.36734693877551 36.268
5.37142857142857 39.0399
5.37551020408163 38.3858
5.37959183673469 38.1154
5.38367346938776 36.1689
5.38775510204082 31.1482
5.39183673469388 25.766
5.39591836734694 14.2579
5.4 10.54
5.40408163265306 2.53749
5.40816326530612 0.0
5.41224489795918 0.0
5.41632653061224 0.0
5.42040816326531 0.0
5.42448979591837 0.0
5.42857142857143 0.0
5.43265306122449 0.0
5.43673469387755 0.0
5.44081632653061 0.0
5.44489795918367 0.0
5.44897959183673 0.0
5.4530612244898 0.0
5.45714285714286 0.0
5.46122448979592 0.0
5.46530612244898 0.0
5.46938775510204 0.0
5.4734693877551 0.0
5.47755102040816 0.0
5.48163265306122 0.0
5.48571428571429 1.82498
5.48979591836735 0.0
5.49387755102041 0.0
5.49795918367347 2.03061
5.50204081632653 19.8187
5.50612244897959 29.8593
5.51020408163265 36.7886
5.51428571428571 36.9306
5.51836734693878 37.8084
5.52244897959184 31.9833
5.5265306122449 20.862
5.53061224489796 16.2539
5.53469387755102 1.984
5.53877551020408 0.0
5.54285714285714 0.0
5.5469387755102 0.0
5.55102040816327 0.0
5.55510204081633 0.0
5.55918367346939 0.0
5.56326530612245 0.0
5.56734693877551 0.0
5.57142857142857 0.0
5.57551020408163 0.0
5.57959183673469 0.0
5.58367346938776 0.0
5.58775510204082 0.0
5.59183673469388 0.0
5.59591836734694 0.0
5.6 0.0
5.60408163265306 0.0
5.60816326530612 0.0
5.61224489795918 0.0
5.61632653061224 0.0
5.62040816326531 0.0
5.62448979591837 0.0
5.62857142857143 0.0
5.63265306122449 0.0
5.63673469387755 0.0
5.64081632653061 0.0
5.64489795918367 0.0
5.64897959183673 0.0
5.6530612244898 0.0
5.65714285714286 0.0
5.66122448979592 16.7449
5.66530612244898 10.6457
5.66938775510204 57.3934
5.6734693877551 74.7991
5.67755102040816 106.109
5.68163265306122 112.069
5.68571428571429 114.742
5.68979591836735 110.798
5.69387755102041 97.9564
5.69795918367347 77.6097
5.70204081632653 61.1593
5.70612244897959 46.8593
5.71020408163265 31.993
5.71428571428571 14.7992
5.71836734693878 0.957966
5.72244897959184 0.0
5.7265306122449 0.0
5.73061224489796 0.0
5.73469387755102 0.0
5.73877551020408 0.0
5.74285714285714 0.0
5.7469387755102 0.0
5.75102040816327 0.0
5.75510204081633 0.0
5.75918367346939 2.40153
5.76326530612245 0.528276
5.76734693877551 0.0
5.77142857142857 0.0
5.77551020408163 0.0
5.77959183673469 0.0
5.78367346938775 0.0
5.78775510204082 0.0
5.79183673469388 0.0
5.79591836734694 0.0
5.8 0.0
5.80408163265306 0.0
5.80816326530612 0.0
5.81224489795918 0.0
5.81632653061224 0.0
5.82040816326531 0.0
5.82448979591837 0.0
5.82857142857143 0.0
5.83265306122449 0.0
5.83673469387755 0.0
5.84081632653061 0.0
5.84489795918367 0.0
5.84897959183674 0.0
5.8530612244898 0.0
5.85714285714286 0.0
5.86122448979592 0.0
5.86530612244898 0.0
5.86938775510204 0.0
5.8734693877551 0.0
5.87755102040816 0.0
5.88163265306122 0.0
5.88571428571429 0.0
5.88979591836735 0.0
5.89387755102041 0.0
5.89795918367347 0.0
5.90204081632653 0.0
5.90612244897959 0.0
5.91020408163265 0.0
5.91428571428571 0.0
5.91836734693878 0.0
5.92244897959184 0.0
5.9265306122449 0.0
5.93061224489796 0.0
5.93469387755102 0.0
5.93877551020408 0.0
5.94285714285714 0.0
5.9469387755102 0.0
5.95102040816327 0.0
5.95510204081633 0.0
5.95918367346939 2.97511
5.96326530612245 1.61886
5.96734693877551 2.90076
5.97142857142857 0.511467
5.97551020408163 5.35002
5.97959183673469 0.595033
5.98367346938775 13.6485
5.98775510204082 18.0219
5.99183673469388 25.1412
5.99591836734694 38.8386
6.0 41.1227
6.00408163265306 30.6876
6.00816326530612 24.3383
6.01224489795918 26.4797
6.01632653061225 24.7456
6.02040816326531 16.34
6.02448979591837 6.62515
6.02857142857143 0.0
6.03265306122449 0.0
6.03673469387755 0.0
6.04081632653061 0.0
6.04489795918367 0.0
6.04897959183673 0.0
6.0530612244898 0.0
6.05714285714286 0.0
6.06122448979592 0.0
6.06530612244898 0.0
6.06938775510204 0.0
6.0734693877551 0.0
6.07755102040816 0.0
6.08163265306122 0.0
6.08571428571429 0.0
6.08979591836735 0.0
6.09387755102041 0.0
6.09795918367347 0.0
6.10204081632653 0.0
6.10612244897959 4.77549
6.11020408163265 24.6605
6.11428571428571 35.0958
6.11836734693878 39.0971
6.12244897959184 43.9295
6.1265306122449 42.4663
6.13061224489796 40.4229
6.13469387755102 30.2292
6.13877551020408 18.8968
6.14285714285714 8.02958
6.1469387755102 0.0
6.15102040816326 0.0
6.15510204081633 0.0
6.15918367346939 0.0
6.16326530612245 0.0
6.16734693877551 0.0
6.17142857142857 0.0
6.17551020408163 0.0
6.17959183673469 0.0
6.18367346938776 0.0
6.18775510204082 0.0
6.19183673469388 0.0
6.19591836734694 0.0
6.2 0.0
6.20408163265306 0.0
6.20816326530612 0.0
6.21224489795918 0.0
6.21632653061225 0.0
6.22040816326531 0.0
6.22448979591837 0.0
6.22857142857143 0.0
6.23265306122449 0.0
6.23673469387755 0.837505
6.24081632653061 1.16169
6.24489795918367 5.63532
6.24897959183673 3.26647
6.2530612244898 1.65474
6.25714285714286 0.450894
6.26122448979592 0.0
6.26530612244898 0.0
6.26938775510204 0.0
6.2734693877551 0.0
6.27755102040816 0.0
6.28163265306122 0.0
6.28571428571429 0.0
6.28979591836735 10.1953
6.29387755102041 32.6349
6.29795918367347 58.7444
6.30204081632653 89.2441
6.30612244897959 104.914
6.31020408163265 123.418
6.31428571428571 116.419
6.31836734693878 101.909
6.32244897959184 84.4399
6.3265306122449 74.76
6.33061224489796 59.9861
6.33469387755102 43.963
6.33877551020408 27.177
6.34285714285714 14.5965
6.3469387755102 4.59516
6.35102040816327 0.0
6.35510204081633 0.0
6.35918367346939 0.0
6.36326530612245 0.0
6.36734693877551 0.0
6.37142857142857 0.0
6.37551020408163 0.0
6.37959183673469 0.0
6.38367346938776 0.0
6.38775510204082 0.0
6.39183673469388 0.0
6.39591836734694 0.0
6.4 0.0
6.40408163265306 0.0
6.40816326530612 0.0
6.41224489795918 0.0
6.41632653061224 0.0
6.42040816326531 0.0
6.42448979591837 0.0
6.42857142857143 0.0
6.43265306122449 0.0
6.43673469387755 0.0
6.44081632653061 0.0
6.44489795918367 0.0
6.44897959183673 0.0
6.4530612244898 0.0
6.45714285714286 0.0
6.46122448979592 0.0
6.46530612244898 0.0
6.46938775510204 0.0
6.4734693877551 0.0
6.47755102040816 0.0
6.48163265306122 0.0
6.48571428571429 0.0
6.48979591836735 0.0
6.49387755102041 0.0
6.49795918367347 0.0
6.50204081632653 0.0
6.50612244897959 0.0
6.51020408163265 0.0
6.51428571428571 0.0
6.51836734693878 0.0
6.52244897959184 0.0
6.5265306122449 0.0
6.53061224489796 0.0
6.53469387755102 0.0
6.53877551020408 0.0
6.54285714285714 0.0
6.5469387755102 0.0
6.55102040816327 0.0
6.55510204081633 0.0
6.55918367346939 0.0
6.56326530612245 0.0
6.56734693877551 0.0
6.57142857142857 0.0
6.57551020408163 0.0
6.57959183673469 0.0
6.58367346938776 0.0
6.58775510204082 0.0
6.59183673469388 0.0
6.59591836734694 0.0
6.6 0.0
6.60408163265306 0.0
6.60816326530612 2.92756
6.61224489795918 5.61114
6.61632653061224 6.43461
6.62040816326531 8.81194
6.62448979591837 6.7376
6.62857142857143 7.45726
6.63265306122449 0.0
6.63673469387755 0.0
6.64081632653061 0.0
6.64489795918367 0.0
6.64897959183673 0.0
6.6530612244898 0.0
6.65714285714286 0.0
6.66122448979592 0.0
6.66530612244898 0.0
6.66938775510204 0.0603199
6.6734693877551 0.0
6.67755102040816 0.0
6.68163265306122 0.0
6.68571428571429 0.0
6.68979591836735 0.0
6.69387755102041 0.0
6.69795918367347 0.643253
6.70204081632653 0.0
6.70612244897959 0.0
6.71020408163265 1.22297
6.71428571428571 0.0
6.71836734693878 0.0
6.72244897959184 0.0
6.7265306122449 0.0
6.73061224489796 0.0
6.73469387755102 0.0
6.73877551020408 0.0
6.74285714285714 0.0
6.7469387755102 0.0
6.75102040816327 0.0
6.75510204081633 2.25665
6.75918367346939 2.23446
6.76326530612245 5.54767
6.76734693877551 15.3153
6.77142857142857 27.4799
6.77551020408163 15.091
6.77959183673469 24.2371
6.78367346938775 25.1828
6.78775510204082 23.48
6.79183673469388 21.8871
6.79591836734694 18.5308
6.8 6.50257
6.80408163265306 3.07012
6.80816326530612 0.0
6.81224489795918 0.0
6.81632653061224 0.0
6.82040816326531 0.0
6.82448979591837 0.0
6.82857142857143 0.0
6.83265306122449 0.0
6.83673469387755 0.0
6.84081632653061 0.0
6.84489795918367 0.0
6.84897959183674 0.0
6.8530612244898 0.0
6.85714285714286 0.0
6.86122448979592 0.0
6.86530612244898 0.0
6.86938775510204 0.0
6.8734693877551 0.0
6.87755102040816 0.0
6.88163265306122 0.0
6.88571428571429 0.0
6.88979591836735 0.96488
6.89387755102041 2.7526
6.89795918367347 0.0
6.90204081632653 0.0
6.90612244897959 0.0
6.91020408163265 0.0
6.91428571428571 0.0
6.91836734693878 0.0
6.92244897959184 0.0
6.9265306122449 0.0
6.93061224489796 0.0
6.93469387755102 0.0
6.93877551020408 0.0
6.94285714285714 0.0
6.9469387755102 0.113249
6.95102040816327 24.3174
6.95510204081633 31.3568
6.95918367346939 26.5438
6.96326530612245 17.8172
6.96734693877551 10.8246
6.97142857142857 6.75961
6.97551020408163 3.36757
6.97959183673469 3.17453
6.98367346938775 0.0
6.98775510204082 0.0
6.99183673469388 0.0
6.99591836734694 0.0
7.0 0.0
7.00408163265306 0.0
7.00816326530612 0.0
7.01224489795918 0.0
7.01632653061225 0.0
7.02040816326531 0.0
7.02448979591837 0.0
7.02857142857143 0.0
7.03265306122449 0.0
7.03673469387755 0.0
7.04081632653061 0.0
7.04489795918367 0.0
7.04897959183673 0.0
7.0530612244898 0.0
7.05714285714286 0.0
7.06122448979592 0.0
7.06530612244898 0.0
7.06938775510204 0.0
7.0734693877551 0.0
7.07755102040816 1.65683
7.08163265306122 11.3658
7.08571428571429 17.5942
7.08979591836735 33.445
7.09387755102041 25.079
7.09795918367347 35.1862
7.10204081632653 28.6639
7.10612244897959 32.1043
7.11020408163265 30.8164
7.11428571428571 18.5222
7.11836734693878 16.0234
7.12244897959184 13.8792
7.1265306122449 1.42539
7.13061224489796 0.28652
7.13469387755102 0.0
7.13877551020408 0.0
7.14285714285714 0.0
7.1469387755102 0.0
7.15102040816326 0.0
7.15510204081633 0.0
7.15918367346939 0.0
7.16326530612245 0.0
7.16734693877551 0.0
7.17142857142857 0.0
7.17551020408163 0.0
7.17959183673469 0.0
7.18367346938776 0.0
7.18775510204082 0.0
7.19183673469388 0.0
7.19591836734694 0.0
7.2 0.0
7.20408163265306 0.0
7.20816326530612 0.0
7.21224489795918 0.0
7.21632653061225 0.0
7.22040816326531 0.0
7.22448979591837 0.0
7.22857142857143 0.0
7.23265306122449 0.0
7.23673469387755 2.57936
7.24081632653061 6.00407
7.24489795918367 20.5293
7.24897959183673 26.4821
7.2530612244898 24.412
7.25714285714286 19.3916
7.26122448979592 22.8131
7.26530612244898 23.6489
7.26938775510204 13.8726
7.2734693877551 7.53783
7.27755102040816 4.08119
7.28163265306122 6.2133
7.28571428571429 0.0
7.28979591836735 1.83729
7.29387755102041 0.721335
7.29795918367347 0.635147
7.30204081632653 0.0
7.30612244897959 0.717103
7.31020408163265 0.0
7.31428571428571 0.0
7.31836734693878 0.0
7.32244897959184 0.0
7.3265306122449 0.0
7.33061224489796 0.0
7.33469387755102 0.0
7.33877551020408 0.0
7.34285714285714 0.0
7.3469387755102 0.0
7.35102040816327 0.0
7.35510204081633 0.0
7.35918367346939 0.0
7.36326530612245 0.0
7.36734693877551 0.0
7.37142857142857 0.0
7.37551020408163 0.0
7.37959183673469 0.0
7.38367346938776 0.0
7.38775510204082 0.0
7.39183673469388 0.0
7.39591836734694 0.0
7.4 0.0
7.40408163265306 0.0
7.40816326530612 0.0
7.41224489795918 0.0
7.41632653061224 0.0
7.42040816326531 0.0
7.42448979591837 0.0
7.42857142857143 0.0
7.43265306122449 0.0
7.43673469387755 1.95867
7.44081632653061 0.0
7.44489795918367 0.768542
7.44897959183673 0.0
7.4530612244898 1.78798
7.45714285714286 0.724114
7.46122448979592 6.57475
7.46530612244898 11.2397
7.46938775510204 11.1581
7.4734693877551 3.73471
7.47755102040816 3.483
7.48163265306122 0.37384
7.48571428571429 0.0
7.48979591836735 2.30291
7.49387755102041 0.0
7.49795918367347 0.0
7.50204081632653 0.0
7.50612244897959 0.0
7.51020408163265 0.0
7.51428571428571 0.0
7.51836734693878 0.0
7.52244897959184 17.4832
7.5265306122449 20.5617
7.53061224489796 45.0385
7.53469387755102 53.6575
7.53877551020408 100.029
7.54285714285714 110.935
7.5469387755102 110.959
7.55102040816327 104.508
7.55510204081633 90.9392
7.55918367346939 83.7079
7.56326530612245 71.454
7.56734693877551 55.1209
7.57142857142857 44.8439
7.57551020408163 33.819
7.57959183673469 28.1014
7.58367346938776 17.2459
7.58775510204082 8.43348
7.59183673469388 1.10482
7.59591836734694 0.0
7.6 0.0
7.60408163265306 0.0
7.60816326530612 0.0
7.61224489795918 0.0
7.61632653061224 0.0
7.62040816326531 0.0
7.62448979591837 0.0
7.62857142857143 0.0
7.63265306122449 0.0
7.63673469387755 0.0
7.64081632653061 0.0
7.64489795918367 0.0
7.64897959183673 0.0
7.6530612244898 0.0
7.65714285714286 0.0
7.66122448979592 0.0
7.66530612244898 0.0
7.66938775510204 0.0
7.6734693877551 0.0
7.67755102040816 0.0
7.68163265306122 0.0
7.68571428571429 0.0
7.68979591836735 0.0
7.69387755102041 0.0
7.69795918367347 0.0
7.70204081632653 0.0
7.70612244897959 0.0
7.71020408163265 0.0
7.71428571428571 0.0
7.71836734693878 0.0
7.72244897959184 0.0
7.7265306122449 0.0
7.73061224489796 0.0
7.73469387755102 0.0
7.73877551020408 0.0
7.74285714285714 0.0
7.7469387755102 0.0
7.75102040816327 0.0
7.75510204081633 0.0
7.75918367346939 0.909552
7.76326530612245 1.90115
7.76734693877551 0.0
7.77142857142857 1.1692
7.77551020408163 0.0
7.77959183673469 0.0
7.78367346938775 0.0
7.78775510204082 0.0
7.79183673469388 0.0
7.79591836734694 0.485897
7.8 0.0
7.80408163265306 0.0
7.80816326530612 3.27957
7.81224489795918 0.0
7.81632653061224 0.0
7.82040816326531 2.83933
7.82448979591837 0.0
7.82857142857143 1.35963
7.83265306122449 4.74529
7.83673469387755 7.14383
7.84081632653061 12.2721
7.84489795918367 17.0811
7.84897959183674 17.5194
7.8530612244898 15.3221
7.85714285714286 17.5855
7.86122448979592 13.8953
7.86530612244898 1.68058
7.86938775510204 2.61328
7.8734693877551 0.347137
7.87755102040816 0.0
7.88163265306122 0.0
7.88571428571429 0.0
7.88979591836735 0.0
7.89387755102041 0.0
7.89795918367347 0.0
7.90204081632653 0.0
7.90612244897959 0.0
7.91020408163265 0.0
7.91428571428571 0.0
7.91836734693878 0.0
7.92244897959184 0.0
7.9265306122449 0.0
7.93061224489796 0.0
7.93469387755102 2.76905
7.93877551020408 0.0171661
7.94285714285714 3.96246
7.9469387755102 0.0
7.95102040816327 0.0
7.95510204081633 4.30715
7.95918367346939 1.54909
7.96326530612245 8.94746
7.96734693877551 10.4259
7.97142857142857 56.5825
7.97551020408163 57.8595
7.97959183673469 78.2689
7.98367346938775 77.5404
7.98775510204082 77.7027
7.99183673469388 76.6834
7.99591836734694 68.0265
8.0 55.421
8.00408163265306 30.8666
8.00816326530612 19.9028
8.01224489795918 9.33462
8.01632653061225 0.0
8.02040816326531 0.0
8.02448979591837 0.0
8.02857142857143 0.0
8.03265306122449 0.0
8.03673469387755 0.0
8.04081632653061 0.0
8.04489795918367 0.0
8.04897959183674 0.0
8.0530612244898 0.0
8.05714285714286 0.0
8.06122448979592 0.0
8.06530612244898 0.0
8.06938775510204 0.0
8.0734693877551 0.0
8.07755102040816 0.0
8.08163265306122 0.0
8.08571428571429 0.0
8.08979591836735 0.0
8.09387755102041 0.0
8.09795918367347 0.0
8.10204081632653 0.0
8.10612244897959 0.0
8.11020408163265 0.0
8.11428571428571 0.0
8.11836734693878 0.0
8.12244897959184 0.0
8.1265306122449 0.0
8.13061224489796 3.97183
8.13469387755102 3.67533
8.13877551020408 25.7832
8.14285714285714 15.5093
8.1469387755102 26.1183
8.15102040816327 21.5855
8.15510204081633 17.0433
8.15918367346939 16.5431
8.16326530612245 3.31116
8.16734693877551 8.07756
8.17142857142857 6.11917
8.17551020408163 2.52533
8.17959183673469 0.810385
8.18367346938776 0.438571
8.18775510204082 0.0
8.19183673469388 0.0
8.19591836734694 0.0
8.2 0.0
8.20408163265306 0.0
8.20816326530612 0.0
8.21224489795918 0.0
8.21632653061224 0.0
8.22040816326531 0.0
8.22448979591837 0.0
8.22857142857143 0.0
8.23265306122449 0.0
8.23673469387755 0.0
8.24081632653061 0.0
8.24489795918367 0.0
8.24897959183673 0.0
8.2530612244898 0.0
8.25714285714286 0.0
8.26122448979592 0.0
8.26530612244898 1.85215
8.26938775510204 0.0
8.2734693877551 0.0
8.27755102040816 0.0
8.28163265306122 0.283375
8.28571428571429 5.70369
8.28979591836735 2.53212
8.29387755102041 0.0
8.29795918367347 8.1979
8.30204081632653 3.7474
8.30612244897959 11.9135
8.31020408163265 11.3264
8.31428571428571 29.1706
8.31836734693877 37.8147
8.32244897959184 28.6944
8.3265306122449 20.3331
8.33061224489796 20.8517
8.33469387755102 12.3919
8.33877551020408 3.30376
8.34285714285714 4.76712
8.3469387755102 0.0
8.35102040816327 0.742048
8.35510204081633 0.0
8.35918367346939 0.0
8.36326530612245 0.52619
8.36734693877551 0.0
8.37142857142857 1.13362
8.37551020408163 0.0
8.37959183673469 0.161409
8.38367346938776 0.0
8.38775510204082 0.284433
8.39183673469388 2.03598
8.39591836734694 0.0
8.4 0.164732
8.40408163265306 1.54325
8.40816326530612 0.0
8.41224489795918 0.0
8.41632653061225 0.0
8.42040816326531 0.0
8.42448979591837 0.0
8.42857142857143 0.0
8.43265306122449 1.40944
8.43673469387755 6.20854
8.44081632653061 12.8414
8.44489795918367 22.0
8.44897959183673 21.5135
8.4530612244898 24.2707
8.45714285714286 26.88
8.46122448979592 21.7354
8.46530612244898 17.8781
8.46938775510204 10.2341
8.4734693877551 6.16388
8.47755102040816 3.10863
8.48163265306122 1.33601
8.48571428571429 0.74932
8.48979591836735 0.0895001
8.49387755102041 0.0
8.49795918367347 0.0
8.50204081632653 0.0
8.50612244897959 0.0
8.51020408163265 0.0
8.51428571428571 0.0
8.51836734693878 0.0
8.52244897959184 0.0
8.5265306122449 0.0
8.53061224489796 0.0
8.53469387755102 0.0
8.53877551020408 0.0
8.54285714285714 0.0
8.5469387755102 0.0
8.55102040816327 0.0
8.55510204081633 0.0
8.55918367346939 1.8338
8.56326530612245 1.22774
8.56734693877551 0.0
8.57142857142857 0.0
8.57551020408163 0.0
8.57959183673469 0.0
8.58367346938775 0.0
8.58775510204082 0.0
8.59183673469388 0.0
8.59591836734694 0.0
8.6 0.0
8.60408163265306 0.0
8.60816326530612 0.0
8.61224489795918 0.0
8.61632653061224 0.0
8.62040816326531 0.0
8.62448979591837 0.0
8.62857142857143 0.0
8.63265306122449 0.0
8.63673469387755 0.0
8.64081632653061 0.0
8.64489795918367 0.0
8.64897959183673 0.0
8.6530612244898 0.0
8.65714285714286 2.6685
8.66122448979592 0.462413
8.66530612244898 0.0
8.66938775510204 0.0
8.6734693877551 0.0
8.67755102040816 0.0
8.68163265306123 0.0
8.68571428571429 0.0
8.68979591836735 0.0
8.69387755102041 0.0
8.69795918367347 0.0
8.70204081632653 0.0
8.70612244897959 0.0
8.71020408163265 0.0
8.71428571428571 0.0
8.71836734693878 0.0
8.72244897959184 0.0
8.7265306122449 0.0
8.73061224489796 0.0
8.73469387755102 0.0
8.73877551020408 0.0
8.74285714285714 1.89692
8.7469387755102 2.8469
8.75102040816327 2.49469
8.75510204081633 11.1033
8.75918367346939 13.7622
8.76326530612245 13.4595
8.76734693877551 22.4608
8.77142857142857 46.6241
8.77551020408163 42.8562
8.77959183673469 42.4199
8.78367346938776 40.2856
8.78775510204082 54.5911
8.79183673469388 55.3106
8.79591836734694 46.0175
8.8 46.5221
8.80408163265306 38.3346
8.80816326530612 31.2232
8.81224489795918 23.7867
8.81632653061224 18.8165
8.82040816326531 19.0961
8.82448979591837 15.9399
8.82857142857143 9.31671
8.83265306122449 2.75409
8.83673469387755 2.09343
8.84081632653061 0.0
8.84489795918367 0.0
8.84897959183673 0.0
8.8530612244898 0.0
8.85714285714286 0.0
8.86122448979592 0.0
8.86530612244898 0.0
8.86938775510204 0.0
8.8734693877551 0.0
8.87755102040816 0.0
8.88163265306122 0.0
8.88571428571429 0.0
8.88979591836735 0.0
8.89387755102041 0.0
8.89795918367347 0.0
8.90204081632653 0.0
8.90612244897959 0.0
8.91020408163265 0.0
8.91428571428571 0.0
8.91836734693878 0.0
8.92244897959184 0.0
8.9265306122449 0.0
8.93061224489796 0.0
8.93469387755102 0.0
8.93877551020408 0.0
8.94285714285714 0.0
8.9469387755102 0.0
8.95102040816326 0.0
8.95510204081633 0.0
8.95918367346939 0.0
8.96326530612245 0.0
8.96734693877551 0.0
8.97142857142857 0.0
8.97551020408163 0.0
8.97959183673469 0.0
8.98367346938775 0.0
8.98775510204082 4.3324
8.99183673469388 4.55591
8.99591836734694 0.741661
9.0 3.72943
9.00408163265306 0.0
9.00816326530612 0.0
9.01224489795918 0.0
9.01632653061225 0.0
9.02040816326531 1.47235
9.02448979591837 0.0
9.02857142857143 1.54023
9.03265306122449 0.0
9.03673469387755 0.0
9.04081632653061 0.0
9.04489795918367 0.0
9.04897959183674 0.0
9.0530612244898 0.141978
9.05714285714286 0.0
9.06122448979592 0.0
9.06530612244898 0.0
9.06938775510204 0.0
9.0734693877551 0.0
9.07755102040816 0.0
9.08163265306122 0.0
9.08571428571429 0.0
9.08979591836735 0.0
9.09387755102041 0.515394
9.09795918367347 3.56686
9.10204081632653 2.50244
9.10612244897959 5.96801
9.11020408163265 0.319242
9.11428571428571 9.55461
9.11836734693878 0.0
9.12244897959184 3.94135
9.1265306122449 1.52928
9.13061224489796 0.902817
9.13469387755102 0.0
9.13877551020408 0.0
9.14285714285714 0.0
9.1469387755102 0.0
9.15102040816327 0.0
9.15510204081633 0.0
9.15918367346939 0.0
9.16326530612245 0.0
9.16734693877551 0.0
9.17142857142857 0.0
9.17551020408163 0.0
9.17959183673469 0.0
9.18367346938776 0.0
9.18775510204082 0.0
9.19183673469388 0.0
9.19591836734694 0.0
9.2 0.0
9.20408163265306 0.0
9.20816326530612 0.0
9.21224489795918 0.0
9.21632653061224 0.0
9.22040816326531 0.0
9.22448979591837 0.0
9.22857142857143 0.0
9.23265306122449 0.0
9.23673469387755 0.0
9.24081632653061 10.7449
9.24489795918367 20.4745
9.24897959183673 34.6397
9.2530612244898 39.9222
9.25714285714286 54.1211
9.26122448979592 54.1469
9.26530612244898 50.9905
9.26938775510204 47.4142
9.2734693877551 35.9342
9.27755102040816 25.4397
9.28163265306122 24.2545
9.28571428571429 17.29
9.28979591836735 9.17579
9.29387755102041 0.0
9.29795918367347 0.0
9.30204081632653 0.0
9.30612244897959 0.0
9.31020408163265 0.0
9.31428571428571 0.0
9.31836734693877 0.0
9.32244897959184 0.0
9.3265306122449 1.88136
9.33061224489796 0.357509
9.33469387755102 0.0
9.33877551020408 0.0
9.34285714285714 0.0
9.3469387755102 0.0
9.35102040816327 0.0
9.35510204081633 0.0
9.35918367346939 0.0
9.36326530612245 0.0
9.36734693877551 0.0
9.37142857142857 0.0
9.37551020408163 0.0
9.37959183673469 0.0
9.38367346938776 0.0
9.38775510204082 0.0
9.39183673469388 0.0
9.39591836734694 0.0
9.4 0.0
9.40408163265306 0.0
9.40816326530612 4.99946
9.41224489795918 0.0902414
9.41632653061225 6.52456
9.42040816326531 6.7337
9.42448979591837 11.588
9.42857142857143 9.48536
9.43265306122449 29.6531
9.43673469387755 11.9586
9.44081632653061 18.6187
9.44489795918367 22.489
9.44897959183673 23.7627
9.4530612244898 25.736
9.45714285714286 15.4676
9.46122448979592 19.2024
9.46530612244898 25.0863
9.46938775510204 13.3536
9.4734693877551 10.5191
9.47755102040816 5.82975
9.48163265306122 2.86153
9.48571428571429 0.0
9.48979591836735 0.0
9.49387755102041 0.0
9.49795918367347 0.0
9.50204081632653 0.0
9.50612244897959 0.0
9.51020408163265 0.0
9.51428571428571 0.0
9.51836734693878 0.0
9.52244897959184 0.0
9.5265306122449 0.0
9.53061224489796 0.0
9.53469387755102 0.0290275
9.53877551020408 0.0
9.54285714285714 0.0
9.5469387755102 0.0
9.55102040816327 0.0
9.55510204081633 0.0
9.55918367346939 0.0
9.56326530612245 0.0
9.56734693877551 0.0
9.57142857142857 0.0
9.57551020408163 0.0
9.57959183673469 0.0
9.58367346938775 0.0
9.58775510204082 0.0
9.59183673469388 0.0
9.59591836734694 0.0
9.6 0.310674
9.60408163265306 0.0
9.60816326530612 0.0
9.61224489795918 4.29618
9.61632653061224 6.51091
9.62040816326531 13.334
9.62448979591837 13.1635
9.62857142857143 12.9372
9.63265306122449 9.52192
9.63673469387755 4.69398
9.64081632653061 0.458002
9.64489795918367 0.108361
9.64897959183673 0.0
9.6530612244898 0.0
9.65714285714286 0.195123
9.66122448979592 0.0
9.66530612244898 1.28011
9.66938775510204 0.0
9.6734693877551 0.0
9.67755102040816 0.0
9.68163265306123 0.0
9.68571428571429 0.0
9.68979591836735 0.0
9.69387755102041 0.113249
9.69795918367347 0.0
9.70204081632653 3.3412
9.70612244897959 9.0155
9.71020408163265 2.30964
9.71428571428571 0.446677
9.71836734693878 0.0
9.72244897959184 0.0
9.7265306122449 0.0
9.73061224489796 0.0
9.73469387755102 0.0
9.73877551020408 3.26335
9.74285714285714 6.49333
9.7469387755102 7.19249
9.75102040816327 16.1715
9.75510204081633 17.9701
9.75918367346939 22.2832
9.76326530612245 22.0788
9.76734693877551 5.78406
9.77142857142857 0.678957
9.77551020408163 2.93343
9.77959183673469 1.82441
9.78367346938776 0.0
9.78775510204082 0.845432
9.79183673469388 0.0
9.79591836734694 1.21865
9.8 0.0
9.80408163265306 0.0
9.80816326530612 0.0
9.81224489795918 0.0
9.81632653061224 0.0
9.82040816326531 0.0
9.82448979591837 0.0
9.82857142857143 0.0
9.83265306122449 0.0
9.83673469387755 0.0
9.84081632653061 0.0
9.84489795918367 0.0
9.84897959183673 0.0
9.8530612244898 0.0
9.85714285714286 0.0
9.86122448979592 0.0
9.86530612244898 0.0
9.86938775510204 0.134289
9.8734693877551 0.0
9.87755102040816 0.0
9.88163265306122 0.0
9.88571428571429 0.0
9.88979591836735 0.0
9.89387755102041 0.0
9.89795918367347 0.0
9.90204081632653 0.0
9.90612244897959 7.78303
9.91020408163265 14.2041
9.91428571428571 26.0384
9.91836734693878 15.9568
9.92244897959184 31.2368
9.9265306122449 37.5259
9.93061224489796 37.4718
9.93469387755102 33.5192
9.93877551020408 24.1511
9.94285714285714 21.2526
9.9469387755102 6.99997
9.95102040816326 4.35861
9.95510204081633 5.78523
9.95918367346939 1.4385
9.96326530612245 0.0
9.96734693877551 0.0
9.97142857142857 0.0
9.97551020408163 0.0
9.97959183673469 0.0
9.98367346938775 3.1122
9.98775510204082 6.06241
9.99183673469388 18.5306
9.99591836734694 18.1892
10.0 16.9404
10.0040816326531 10.8966
10.0081632653061 2.5329
10.0122448979592 0.0
10.0163265306122 0.0
10.0204081632653 0.0
10.0244897959184 0.0
10.0285714285714 0.0
10.0326530612245 0.0
10.0367346938776 0.0
10.0408163265306 0.0
10.0448979591837 0.351667
10.0489795918367 0.0
10.0530612244898 0.0
10.0571428571429 0.0
10.0612244897959 0.0
10.065306122449 0.0
10.069387755102 0.0
10.0734693877551 0.0
10.0775510204082 0.0
10.0816326530612 0.0
10.0857142857143 0.0
10.0897959183673 0.0
10.0938775510204 0.0
10.0979591836735 0.0
10.1020408163265 0.0
10.1061224489796 0.0
10.1102040816327 0.0
10.1142857142857 1.16408
10.1183673469388 0.0
10.1224489795918 0.0
10.1265306122449 0.0
10.130612244898 0.0
10.134693877551 3.80275
10.1387755102041 0.0
10.1428571428571 0.0
10.1469387755102 0.0
10.1510204081633 0.0
10.1551020408163 0.0
10.1591836734694 0.0
10.1632653061224 0.0
10.1673469387755 0.0
10.1714285714286 0.0
10.1755102040816 0.0
10.1795918367347 0.0
10.1836734693878 0.0
10.1877551020408 0.0
10.1918367346939 0.0
10.1959183673469 0.0
10.2 0.0
10.2040816326531 0.0
10.2081632653061 0.0
10.2122448979592 0.0
10.2163265306122 0.0
10.2204081632653 0.0
10.2244897959184 0.0
10.2285714285714 0.0
10.2326530612245 0.0
10.2367346938776 0.0
10.2408163265306 0.0
10.2448979591837 0.0
10.2489795918367 0.0
10.2530612244898 0.0
10.2571428571429 0.0
10.2612244897959 0.0
10.265306122449 0.0
10.269387755102 0.0
10.2734693877551 0.0
10.2775510204082 0.0
10.2816326530612 0.0
10.2857142857143 0.312321
10.2897959183673 4.8885
10.2938775510204 0.466883
10.2979591836735 7.00542
10.3020408163265 7.07664
10.3061224489796 5.97768
10.3102040816327 10.0545
10.3142857142857 7.82414
10.3183673469388 13.4675
10.3224489795918 11.9163
10.3265306122449 9.90571
10.330612244898 10.6472
10.334693877551 2.95663
10.3387755102041 2.22819
10.3428571428571 0.0
10.3469387755102 0.0
10.3510204081633 0.0
10.3551020408163 0.0
10.3591836734694 0.0
10.3632653061224 0.0
10.3673469387755 0.0
10.3714285714286 0.0
10.3755102040816 0.0
10.3795918367347 0.709742
10.3836734693878 0.0
10.3877551020408 0.0
10.3918367346939 0.0
10.3959183673469 0.0
10.4 0.0
10.4040816326531 0.0
10.4081632653061 0.0
10.4122448979592 0.0
10.4163265306122 0.0
10.4204081632653 0.0
10.4244897959184 0.0
10.4285714285714 0.58794
10.4326530612245 2.40158
10.4367346938776 0.110745
10.4408163265306 0.84421
10.4448979591837 0.0
10.4489795918367 0.0
10.4530612244898 4.33216
10.4571428571429 1.63777
10.4612244897959 8.21716
10.465306122449 15.6564
10.469387755102 26.4443
10.4734693877551 46.1003
10.4775510204082 57.9813
10.4816326530612 64.6272
10.4857142857143 64.3485
10.4897959183673 63.0637
10.4938775510204 54.4719
10.4979591836735 42.3664
10.5020408163265 31.0954
10.5061224489796 19.1737
10.5102040816327 2.76688
10.5142857142857 0.0
10.5183673469388 0.0
10.5224489795918 0.0
10.5265306122449 0.0
10.530612244898 0.0
10.534693877551 0.0
10.5387755102041 0.0
10.5428571428571 3.95613
10.5469387755102 3.71015
10.5510204081633 7.65026
10.5551020408163 16.5983
10.5591836734694 11.7581
10.5632653061224 18.0447
10.5673469387755 13.7716
10.5714285714286 10.116
10.5755102040816 4.93047
10.5795918367347 5.97239
10.5836734693878 0.0784397
10.5877551020408 3.33044
10.5918367346939 0.0
10.5959183673469 0.0
10.6 0.0
10.6040816326531 0.0
10.6081632653061 0.0
10.6122448979592 0.0
10.6163265306122 0.0
10.6204081632653 0.0
10.6244897959184 0.0
10.6285714285714 0.0
10.6326530612245 0.0
10.6367346938776 0.0
10.6408163265306 0.0
10.6448979591837 0.0
10.6489795918367 0.0
10.6530612244898 0.0
10.6571428571429 0.0
10.6612244897959 0.0
10.665306122449 0.0
10.669387755102 0.0
10.6734693877551 0.0
10.6775510204082 0.0
10.6816326530612 0.0
10.6857142857143 0.0
10.6897959183673 0.0
10.6938775510204 0.0
10.6979591836735 0.0
10.7020408163265 0.0
10.7061224489796 0.0
10.7102040816327 0.0
10.7142857142857 0.0
10.7183673469388 0.0
10.7224489795918 0.0
10.7265306122449 0.0
10.730612244898 0.0
10.734693877551 0.0
10.7387755102041 0.0
10.7428571428571 0.0
10.7469387755102 0.0
10.7510204081633 0.0
10.7551020408163 0.0
10.7591836734694 0.662476
10.7632653061224 2.19691
10.7673469387755 5.7112
10.7714285714286 16.129
10.7755102040816 15.18
10.7795918367347 14.548
10.7836734693878 16.5769
10.7877551020408 23.3459
10.7918367346939 19.6895
10.7959183673469 18.3691
10.8 11.8851
10.8040816326531 6.30638
10.8081632653061 3.35377
10.8122448979592 6.54173
10.8163265306122 4.86928
10.8204081632653 4.97299
10.8244897959184 0.621229
10.8285714285714 0.0
10.8326530612245 1.22172
10.8367346938776 1.72433
10.8408163265306 0.551015
10.8448979591837 2.37182
10.8489795918367 1.63086
10.8530612244898 3.27598
10.8571428571429 3.7058
10.8612244897959 2.39229
10.865306122449 0.0
10.869387755102 0.0
10.8734693877551 0.0
10.8775510204082 0.0
10.8816326530612 0.0
10.8857142857143 0.0
10.8897959183673 0.0
10.8938775510204 0.0
10.8979591836735 0.0
10.9020408163265 0.0
10.9061224489796 0.0
10.9102040816327 0.0
10.9142857142857 0.0
10.9183673469388 0.176668
10.9224489795918 0.945449
10.9265306122449 0.0
10.930612244898 0.158548
10.934693877551 0.751011
10.9387755102041 2.48198
10.9428571428571 1.82647
10.9469387755102 0.0
10.9510204081633 0.00357628
10.9551020408163 0.0
10.9591836734694 0.0
10.9632653061224 0.0
10.9673469387755 0.0
10.9714285714286 0.0
10.9755102040816 0.0
10.9795918367347 0.0
10.9836734693878 0.0
10.9877551020408 0.0
10.9918367346939 0.0
10.9959183673469 0.0
11.0 0.0
11.0040816326531 0.0
11.0081632653061 0.0
11.0122448979592 0.0
11.0163265306122 0.0
11.0204081632653 0.0
11.0244897959184 0.0
11.0285714285714 0.0
11.0326530612245 0.0
11.0367346938776 0.0
11.0408163265306 0.0
11.0448979591837 0.0
11.0489795918367 0.0
11.0530612244898 0.0
11.0571428571429 0.0
11.0612244897959 0.0
11.065306122449 0.0
11.069387755102 0.0
11.0734693877551 0.0
11.0775510204082 0.0
11.0816326530612 0.0
11.0857142857143 0.0
11.0897959183673 0.0
11.0938775510204 0.0
11.0979591836735 0.0
11.1020408163265 0.0
11.1061224489796 0.0
11.1102040816327 0.0
11.1142857142857 0.0
11.1183673469388 0.0
11.1224489795918 0.0
11.1265306122449 0.0
11.130612244898 0.0
11.134693877551 0.0
11.1387755102041 0.0
11.1428571428571 0.0
11.1469387755102 0.0
11.1510204081633 0.0
11.1551020408163 0.0
11.1591836734694 0.0
11.1632653061224 0.806093
11.1673469387755 0.0144243
11.1714285714286 0.0
11.1755102040816 0.584126
11.1795918367347 0.0
11.1836734693878 0.0
11.1877551020408 0.0
11.1918367346939 8.2931
11.1959183673469 10.7654
11.2 20.8562
11.2040816326531 19.0918
11.2081632653061 29.0773
11.2122448979592 18.1698
11.2163265306122 14.7736
11.2204081632653 9.65923
11.2244897959184 2.58805
11.2285714285714 0.120521
11.2326530612245 8.35347
11.2367346938776 0.0
11.2408163265306 2.76095
11.2448979591837 20.068
11.2489795918367 52.6725
11.2530612244898 80.3756
11.2571428571429 95.6677
11.2612244897959 104.993
11.265306122449 102.916
11.269387755102 108.106
11.2734693877551 98.0625
11.2775510204082 75.1252
11.2816326530612 71.3667
11.2857142857143 57.3265
11.2897959183673 41.687
11.2938775510204 27.0905
11.2979591836735 17.2928
11.3020408163265 11.4926
11.3061224489796 4.44469
11.3102040816327 1.85627
11.3142857142857 0.0
11.3183673469388 0.0
11.3224489795918 0.0
11.3265306122449 0.0
11.330612244898 0.0
11.334693877551 0.0
11.3387755102041 0.0
11.3428571428571 0.0
11.3469387755102 0.0
11.3510204081633 0.0
11.3551020408163 0.0
11.3591836734694 0.0
11.3632653061224 0.0
11.3673469387755 0.0
11.3714285714286 0.0
11.3755102040816 0.0
11.3795918367347 0.0
11.3836734693878 0.0
11.3877551020408 0.0
11.3918367346939 0.0
11.3959183673469 0.0
11.4 0.0
11.4040816326531 0.0
11.4081632653061 0.0
11.4122448979592 0.0
11.4163265306122 0.0
11.4204081632653 0.0
11.4244897959184 0.0
11.4285714285714 0.0
11.4326530612245 0.0
11.4367346938776 0.0
11.4408163265306 0.0
11.4448979591837 0.0
11.4489795918367 0.0
11.4530612244898 0.0
11.4571428571429 0.0
11.4612244897959 0.0
11.465306122449 0.0
11.469387755102 0.0
11.4734693877551 0.0
11.4775510204082 0.0
11.4816326530612 0.0
11.4857142857143 0.00226498
11.4897959183673 0.0
11.4938775510204 0.0
11.4979591836735 0.0
11.5020408163265 0.0
11.5061224489796 0.0
11.5102040816327 1.4779
11.5142857142857 0.683188
11.5183673469388 0.0
11.5224489795918 0.0
11.5265306122449 0.0
11.530612244898 0.0
11.534693877551 0.0
11.5387755102041 0.0
11.5428571428571 1.14583
11.5469387755102 2.55421
11.5510204081633 10.2182
11.5551020408163 24.9311
11.5591836734694 25.149
11.5632653061224 30.585
11.5673469387755 37.5466
11.5714285714286 45.7826
11.5755102040816 50.8502
11.5795918367347 51.3475
11.5836734693878 44.197
11.5877551020408 28.3456
11.5918367346939 24.5577
11.5959183673469 15.618
11.6 8.23237
11.6040816326531 0.0
11.6081632653061 0.0
11.6122448979592 0.0
11.6163265306122 0.0
11.6204081632653 0.0
11.6244897959184 0.0
11.6285714285714 0.0
11.6326530612245 0.0
11.6367346938776 0.0
11.6408163265306 0.0
11.6448979591837 0.0
11.6489795918367 0.0
11.6530612244898 0.0
11.6571428571429 0.0
11.6612244897959 0.0
11.665306122449 0.0
11.669387755102 0.0
11.6734693877551 0.0
11.6775510204082 0.0
11.6816326530612 0.0
11.6857142857143 0.0
11.6897959183673 0.0
11.6938775510204 0.0
11.6979591836735 0.0
11.7020408163265 0.0
11.7061224489796 0.0
11.7102040816327 0.0
11.7142857142857 0.0
11.7183673469388 0.0
11.7224489795918 0.0
11.7265306122449 0.0
11.730612244898 0.0
11.734693877551 0.0
11.7387755102041 0.0
11.7428571428571 0.0
11.7469387755102 0.0
11.7510204081633 0.0
11.7551020408163 0.0
11.7591836734694 0.0
11.7632653061224 0.0
11.7673469387755 0.0
11.7714285714286 0.0
11.7755102040816 0.0
11.7795918367347 0.0
11.7836734693878 0.0
11.7877551020408 0.0
11.7918367346939 0.0
11.7959183673469 0.0
11.8 0.0
11.8040816326531 0.0
11.8081632653061 3.76853
11.8122448979592 15.3329
11.8163265306122 12.3499
11.8204081632653 10.0453
11.8244897959184 9.22719
11.8285714285714 7.51409
11.8326530612245 5.7731
11.8367346938776 0.820845
11.8408163265306 0.0
11.8448979591837 0.0
11.8489795918367 0.0
11.8530612244898 0.0
11.8571428571429 0.0
11.8612244897959 0.0
11.865306122449 3.92136
11.869387755102 18.5725
11.8734693877551 31.0242
11.8775510204082 67.1605
11.8816326530612 96.7188
11.8857142857143 113.297
11.8897959183673 105.824
11.8938775510204 106.458
11.8979591836735 96.6579
11.9020408163265 80.2693
11.9061224489796 71.4434
11.9102040816327 57.1018
11.9142857142857 40.6805
11.9183673469388 23.903
11.9224489795918 9.58443
11.9265306122449 2.52056
11.930612244898 0.0
11.934693877551 0.0
11.9387755102041 0.0
11.9428571428571 0.0
11.9469387755102 0.0
11.9510204081633 0.0
11.9551020408163 0.0
11.9591836734694 0.0
11.9632653061224 0.0
11.9673469387755 0.0
11.9714285714286 0.0
11.9755102040816 0.0
11.9795918367347 0.0
11.9836734693878 0.0
11.9877551020408 0.0
11.9918367346939 0.0
11.9959183673469 0.0
12.0 0.0
12.0040816326531 0.0
12.0081632653061 0.0
12.0122448979592 0.0
12.0163265306122 0.0
12.0204081632653 0.0
12.0244897959184 0.0
12.0285714285714 0.0
12.0326530612245 0.0
12.0367346938776 0.0
12.0408163265306 0.0
12.0448979591837 0.0
12.0489795918367 0.0
12.0530612244898 0.0
12.0571428571429 0.0
12.0612244897959 0.0
12.065306122449 0.0
12.069387755102 0.0
12.0734693877551 0.0
12.0775510204082 0.0
12.0816326530612 0.0
12.0857142857143 0.0
12.0897959183673 0.0
12.0938775510204 0.0
12.0979591836735 0.0
12.1020408163265 0.0
12.1061224489796 0.0
12.1102040816327 0.0
12.1142857142857 0.0
12.1183673469388 0.0
12.1224489795918 0.0
12.1265306122449 0.0
12.130612244898 0.0
12.134693877551 0.0
12.1387755102041 0.0
12.1428571428571 0.0
12.1469387755102 0.0
12.1510204081633 2.77781
12.1551020408163 0.0
12.1591836734694 0.0
12.1632653061224 0.0
12.1673469387755 0.0
12.1714285714286 0.0
12.1755102040816 0.0
12.1795918367347 0.0
12.1836734693878 0.0
12.1877551020408 0.0
12.1918367346939 0.0
12.1959183673469 0.0
12.2 6.52048
12.2040816326531 30.4179
12.2081632653061 22.4865
12.2122448979592 37.474
12.2163265306122 29.0822
12.2204081632653 35.9835
12.2244897959184 30.1964
12.2285714285714 19.2391
12.2326530612245 11.3769
12.2367346938776 4.12488
12.2408163265306 0.0
12.2448979591837 0.0
12.2489795918367 0.0
12.2530612244898 0.0
12.2571428571429 0.0
12.2612244897959 0.0
12.265306122449 0.0
12.269387755102 0.0
12.2734693877551 0.0
12.2775510204082 0.0
12.2816326530612 0.0
12.2857142857143 0.0
12.2897959183673 0.0
12.2938775510204 0.0
12.2979591836735 0.0
12.3020408163265 0.0
12.3061224489796 0.0
12.3102040816327 0.0
12.3142857142857 0.0
12.3183673469388 0.0
12.3224489795918 0.0
12.3265306122449 0.0
12.330612244898 0.0
12.334693877551 0.0
12.3387755102041 0.0
12.3428571428571 0.0
12.3469387755102 0.0
12.3510204081633 0.0
12.3551020408163 0.0
12.3591836734694 0.0
12.3632653061224 0.0
12.3673469387755 0.0
12.3714285714286 0.473499
12.3755102040816 0.0
12.3795918367347 0.0
12.3836734693878 0.0
12.3877551020408 0.0
12.3918367346939 0.0
12.3959183673469 0.0
12.4 0.0
12.4040816326531 0.0
12.4081632653061 0.0
12.4122448979592 0.0
12.4163265306122 0.0
12.4204081632653 0.0
12.4244897959184 0.0
12.4285714285714 0.0
12.4326530612245 0.0
12.4367346938776 3.8693
12.4408163265306 5.42027
12.4448979591837 11.91
12.4489795918367 10.7314
12.4530612244898 13.1598
12.4571428571429 10.6151
12.4612244897959 17.3406
12.465306122449 14.8716
12.469387755102 10.033
12.4734693877551 5.99366
12.4775510204082 2.67267
12.4816326530612 6.07358
12.4857142857143 6.52295
12.4897959183673 11.255
12.4938775510204 21.3783
12.4979591836735 30.7097
12.5020408163265 47.291
12.5061224489796 63.9314
12.5102040816327 56.8033
12.5142857142857 46.0063
12.5183673469388 48.5615
12.5224489795918 42.9891
12.5265306122449 36.398
12.530612244898 28.7301
12.534693877551 17.9863
12.5387755102041 12.0693
12.5428571428571 3.31017
12.5469387755102 5.20599
12.5510204081633 0.0676215
12.5551020408163 0.0
12.5591836734694 0.0
12.5632653061224 0.0
12.5673469387755 0.0
12.5714285714286 0.0
12.5755102040816 0.31364
12.5795918367347 0.300437
12.5836734693878 0.0
12.5877551020408 0.0
12.5918367346939 0.0
12.5959183673469 0.0
12.6 0.0
12.6040816326531 0.0
12.6081632653061 0.0
12.6122448979592 0.0
12.6163265306122 0.0
12.6204081632653 0.0
12.6244897959184 0.0
12.6285714285714 0.0
12.6326530612245 0.0
12.6367346938776 0.0
12.6408163265306 0.0
12.6448979591837 0.0
12.6489795918367 0.0
12.6530612244898 0.0
12.6571428571429 0.0
12.6612244897959 0.0
12.665306122449 0.0
12.669387755102 0.0
12.6734693877551 0.0
12.6775510204082 0.0
12.6816326530612 0.0
12.6857142857143 0.0
12.6897959183673 0.0
12.6938775510204 0.0
12.6979591836735 0.0
12.7020408163265 0.0
12.7061224489796 0.0
12.7102040816327 0.0
12.7142857142857 0.0
12.7183673469388 0.0
12.7224489795918 0.0
12.7265306122449 0.0
12.730612244898 0.0
12.734693877551 0.0
12.7387755102041 0.0
12.7428571428571 0.0
12.7469387755102 0.0
12.7510204081633 0.0
12.7551020408163 0.262201
12.7591836734694 4.78123
12.7632653061224 0.0
12.7673469387755 2.23792
12.7714285714286 9.1114
12.7755102040816 29.3536
12.7795918367347 34.5407
12.7836734693878 40.4907
12.7877551020408 47.2646
12.7918367346939 51.4371
12.7959183673469 57.4178
12.8 56.0963
12.8040816326531 58.8365
12.8081632653061 50.9307
12.8122448979592 42.4971
12.8163265306122 30.6145
12.8204081632653 19.6713
12.8244897959184 9.46322
12.8285714285714 15.4019
12.8326530612245 10.7778
12.8367346938776 7.73871
12.8408163265306 7.61092
12.8448979591837 0.0
12.8489795918367 0.0
12.8530612244898 0.0
12.8571428571429 0.0
12.8612244897959 0.0
12.865306122449 0.0
12.869387755102 0.0
12.8734693877551 0.0
12.8775510204082 0.0
12.8816326530612 0.0
12.8857142857143 0.0
12.8897959183673 0.0
12.8938775510204 0.0
12.8979591836735 0.0
12.9020408163265 0.0
12.9061224489796 0.0
12.9102040816327 0.0
12.9142857142857 0.0
12.9183673469388 0.0
12.9224489795918 0.0
12.9265306122449 0.0
12.930612244898 0.0
12.934693877551 0.0
12.9387755102041 0.0
12.9428571428571 0.0
12.9469387755102 0.0
12.9510204081633 0.0
12.9551020408163 0.0
12.9591836734694 0.0
12.9632653061224 0.0
12.9673469387755 0.0
12.9714285714286 0.0
12.9755102040816 0.0
12.9795918367347 0.0
12.9836734693878 0.0
12.9877551020408 1.67777
12.9918367346939 8.08501
12.9959183673469 3.34908
13.0 15.4983
13.0040816326531 8.5409
13.0081632653061 9.6899
13.0122448979592 7.85148
13.0163265306122 7.38826
13.0204081632653 12.5426
13.0244897959184 10.9227
13.0285714285714 17.5034
13.0326530612245 6.84175
13.0367346938776 5.23448
13.0408163265306 3.43072
13.0448979591837 2.34938
13.0489795918367 6.79198
13.0530612244898 0.0
13.0571428571429 0.0
13.0612244897959 0.0
13.065306122449 0.0
13.069387755102 0.0
13.0734693877551 0.0
13.0775510204082 0.0
13.0816326530612 0.0
13.0857142857143 0.0
13.0897959183673 0.0
13.0938775510204 0.0
13.0979591836735 0.0
13.1020408163265 0.0
13.1061224489796 0.0
13.1102040816327 0.0
13.1142857142857 0.0
13.1183673469388 0.0
13.1224489795918 0.0
13.1265306122449 0.517964
13.130612244898 3.05259
13.134693877551 16.1703
13.1387755102041 46.3386
13.1428571428571 38.2656
13.1469387755102 66.4719
13.1510204081633 68.6246
13.1551020408163 63.7711
13.1591836734694 55.0438
13.1632653061224 39.9619
13.1673469387755 34.5561
13.1714285714286 28.9376
13.1755102040816 19.603
13.1795918367347 9.0964
13.1836734693878 1.76823
13.1877551020408 0.0
13.1918367346939 0.0
13.1959183673469 0.0
13.2 0.0
13.2040816326531 0.0
13.2081632653061 0.0
13.2122448979592 0.0
13.2163265306122 0.0
13.2204081632653 0.0
13.2244897959184 0.0
13.2285714285714 0.0
13.2326530612245 0.0
13.2367346938776 0.0
13.2408163265306 0.0
13.2448979591837 0.0
13.2489795918367 0.0
13.2530612244898 0.0
13.2571428571429 0.0
13.2612244897959 0.0
13.265306122449 0.0
13.269387755102 0.0
13.2734693877551 0.0
13.2775510204082 0.0
13.2816326530612 0.0
13.2857142857143 0.0
13.2897959183673 0.0
13.2938775510204 0.0
13.2979591836735 0.0
13.3020408163265 0.0
13.3061224489796 0.0
13.3102040816327 0.0
13.3142857142857 0.0
13.3183673469388 0.0
13.3224489795918 0.0
13.3265306122449 0.0
13.330612244898 0.0
13.334693877551 0.0
13.3387755102041 0.0
13.3428571428571 0.0
13.3469387755102 0.0
13.3510204081633 0.0
13.3551020408163 0.0
13.3591836734694 0.0
13.3632653061224 0.0
13.3673469387755 0.0
13.3714285714286 0.0478029
13.3755102040816 0.0
13.3795918367347 0.0
13.3836734693878 0.0
13.3877551020408 0.0
13.3918367346939 0.0
13.3959183673469 0.0
13.4 0.0
13.4040816326531 0.0
13.4081632653061 0.0
13.4122448979592 0.0
13.4163265306122 0.0
13.4204081632653 0.0
13.4244897959184 0.0
13.4285714285714 0.0
13.4326530612245 0.0
13.4367346938776 0.0
13.4408163265306 0.0
13.4448979591837 0.0
13.4489795918367 0.0
13.4530612244898 0.0
13.4571428571429 0.0
13.4612244897959 0.0
13.465306122449 0.0
13.469387755102 1.12367
13.4734693877551 3.64155
13.4775510204082 17.2177
13.4816326530612 25.6512
13.4857142857143 35.5746
13.4897959183673 30.9246
13.4938775510204 18.0866
13.4979591836735 12.0186
13.5020408163265 1.65969
13.5061224489796 3.05343
13.5102040816327 0.0
13.5142857142857 0.0
13.5183673469388 0.0
13.5224489795918 0.0
13.5265306122449 0.0
13.530612244898 0.0
13.534693877551 0.0
13.5387755102041 0.0
13.5428571428571 0.0
13.5469387755102 0.0
13.5510204081633 0.0
13.5551020408163 0.0
13.5591836734694 0.0
13.5632653061224 0.0
13.5673469387755 0.0
13.5714285714286 0.0
13.5755102040816 0.0
13.5795918367347 0.0
13.5836734693878 0.0
13.5877551020408 0.0
13.5918367346939 0.0
13.5959183673469 0.0
13.6 0.0
13.6040816326531 0.0
13.6081632653061 0.0
13.6122448979592 14.4508
13.6163265306122 0.0
13.6204081632653 20.9248
13.6244897959184 25.2872
13.6285714285714 40.5781
13.6326530612245 65.3821
13.6367346938776 82.4169
13.6408163265306 90.5657
13.6448979591837 90.1438
13.6489795918367 72.8554
13.6530612244898 56.1627
13.6571428571429 47.4033
13.6612244897959 32.5871
13.665306122449 20.9851
13.669387755102 9.39059
13.6734693877551 0.0
13.6775510204082 0.0
13.6816326530612 0.0
13.6857142857143 0.0
13.6897959183673 0.0
13.6938775510204 0.0
13.6979591836735 0.0
13.7020408163265 0.0
13.7061224489796 0.0
13.7102040816327 0.0
13.7142857142857 0.0
13.7183673469388 0.0
13.7224489795918 0.0
13.7265306122449 0.0
13.730612244898 0.0
13.734693877551 0.0
13.7387755102041 0.0
13.7428571428571 0.0
13.7469387755102 1.28296
13.7510204081633 0.0
13.7551020408163 0.929832
13.7591836734694 0.0
13.7632653061224 0.0
13.7673469387755 1.17004
13.7714285714286 0.0
13.7755102040816 0.0
13.7795918367347 0.0
13.7836734693878 0.0
13.7877551020408 0.0
13.7918367346939 0.0
13.7959183673469 0.0
13.8 0.0
13.8040816326531 0.0
13.8081632653061 0.0
13.8122448979592 0.0
13.8163265306122 0.0
13.8204081632653 0.0
13.8244897959184 0.0
13.8285714285714 1.72287
13.8326530612245 0.0
13.8367346938776 0.0
13.8408163265306 0.0
13.8448979591837 0.0
13.8489795918367 0.0
13.8530612244898 1.64935
13.8571428571429 0.0
13.8612244897959 1.91981
13.865306122449 6.17772
13.869387755102 8.32045
13.8734693877551 7.72101
13.8775510204082 5.71674
13.8816326530612 2.8013
13.8857142857143 1.22434
13.8897959183673 0.736743
13.8938775510204 4.12762
13.8979591836735 0.0
13.9020408163265 0.0
13.9061224489796 0.0
13.9102040816327 0.0
13.9142857142857 0.0
13.9183673469388 0.0
13.9224489795918 0.0
13.9265306122449 0.0
13.930612244898 0.0
13.934693877551 0.0
13.9387755102041 2.0709
13.9428571428571 0.0
13.9469387755102 0.232458
13.9510204081633 0.0
13.9551020408163 0.0
13.9591836734694 2.58183
13.9632653061224 0.0
13.9673469387755 0.0
13.9714285714286 0.0
13.9755102040816 0.0
13.9795918367347 5.38194
13.9836734693878 2.35978
13.9877551020408 13.1933
13.9918367346939 15.9596
13.9959183673469 17.7262
14.0 26.8014
14.0040816326531 11.6859
14.0081632653061 15.324
14.0122448979592 9.94688
14.0163265306122 0.0
14.0204081632653 1.16682
14.0244897959184 0.0
14.0285714285714 0.0
14.0326530612245 0.0
14.0367346938776 0.0
14.0408163265306 0.0
14.0448979591837 0.0
14.0489795918367 0.0
14.0530612244898 0.0
14.0571428571429 0.0
14.0612244897959 0.0
14.065306122449 0.0
14.069387755102 0.0
14.0734693877551 0.0
14.0775510204082 0.0
14.0816326530612 0.0
14.0857142857143 0.0
14.0897959183673 0.0
14.0938775510204 0.0
14.0979591836735 0.0
14.1020408163265 0.0
14.1061224489796 0.0
14.1102040816327 0.0
14.1142857142857 0.0
14.1183673469388 0.0
14.1224489795918 0.0
14.1265306122449 0.0
14.130612244898 0.0
14.134693877551 0.0
14.1387755102041 0.0
14.1428571428571 0.0
14.1469387755102 0.0
14.1510204081633 0.0
14.1551020408163 0.0
14.1591836734694 0.860542
14.1632653061224 9.31922
14.1673469387755 54.159
14.1714285714286 37.5812
14.1755102040816 70.8193
14.1795918367347 74.5797
14.1836734693878 71.4201
14.1877551020408 71.5919
14.1918367346939 51.477
14.1959183673469 39.2373
14.2 36.433
14.2040816326531 24.7934
14.2081632653061 12.3674
14.2122448979592 3.92854
14.2163265306122 2.62052
14.2204081632653 0.0
14.2244897959184 0.0
14.2285714285714 0.0
14.2326530612245 0.0
14.2367346938776 0.0
14.2408163265306 0.0
14.2448979591837 0.0
14.2489795918367 0.0
14.2530612244898 0.0
14.2571428571429 0.0
14.2612244897959 0.0
14.265306122449 0.0
14.269387755102 0.0
14.2734693877551 0.0
14.2775510204082 0.0
14.2816326530612 0.0
14.2857142857143 0.0
14.2897959183673 0.0
14.2938775510204 0.0
14.2979591836735 0.0
14.3020408163265 0.0
14.3061224489796 0.0
14.3102040816327 0.0
14.3142857142857 1.21105
14.3183673469388 0.0
14.3224489795918 0.0
14.3265306122449 0.0
14.330612244898 0.0
14.334693877551 0.0
14.3387755102041 0.0
14.3428571428571 0.0
14.3469387755102 0.0
14.3510204081633 0.0
14.3551020408163 0.0
14.3591836734694 0.0
14.3632653061224 0.0
14.3673469387755 0.0
14.3714285714286 0.0
14.3755102040816 0.274837
14.3795918367347 0.0
14.3836734693878 0.0
14.3877551020408 0.0
14.3918367346939 0.0
14.3959183673469 0.0
14.4 0.0
14.4040816326531 0.0
14.4081632653061 0.0
14.4122448979592 0.0
14.4163265306122 0.0
14.4204081632653 0.0
14.4244897959184 0.0
14.4285714285714 0.0
14.4326530612245 0.0
14.4367346938776 8.38935
14.4408163265306 0.0
14.4448979591837 20.0647
14.4489795918367 0.0
14.4530612244898 0.0
14.4571428571429 3.38566
14.4612244897959 0.0
14.465306122449 2.12944
14.469387755102 0.0
14.4734693877551 0.0
14.4775510204082 0.0
14.4816326530612 0.0
14.4857142857143 10.6528
14.4897959183673 17.1752
14.4938775510204 35.0217
14.4979591836735 71.443
14.5020408163265 77.7751
14.5061224489796 105.857
14.5102040816327 122.724
14.5142857142857 101.067
14.5183673469388 86.6852
14.5224489795918 66.0984
14.5265306122449 43.9807
14.530612244898 29.4975
14.534693877551 10.7251
14.5387755102041 1.44708
14.5428571428571 0.0
14.5469387755102 0.0
14.5510204081633 0.0
14.5551020408163 0.0
14.5591836734694 0.0
14.5632653061224 0.0
14.5673469387755 0.0
14.5714285714286 0.0
14.5755102040816 0.0
14.5795918367347 0.0
14.5836734693878 0.0
14.5877551020408 0.0
14.5918367346939 0.0
14.5959183673469 0.0
14.6 0.0
14.6040816326531 0.0
14.6081632653061 0.0
14.6122448979592 0.0
14.6163265306122 0.0
14.6204081632653 0.0
14.6244897959184 0.0
14.6285714285714 0.0
14.6326530612245 0.0
14.6367346938776 0.0
14.6408163265306 0.0
14.6448979591837 0.0
14.6489795918367 0.0
14.6530612244898 0.0
14.6571428571429 0.0
14.6612244897959 0.0
14.665306122449 0.0
14.669387755102 0.0
14.6734693877551 0.0
14.6775510204082 0.0
14.6816326530612 0.0948906
14.6857142857143 0.0
14.6897959183673 0.0
14.6938775510204 0.0
14.6979591836735 0.0
14.7020408163265 1.60164
14.7061224489796 0.0
14.7102040816327 0.0
14.7142857142857 0.0
14.7183673469388 0.0
14.7224489795918 0.0
14.7265306122449 0.0
14.730612244898 0.0
14.734693877551 0.0
14.7387755102041 0.0
14.7428571428571 0.0
14.7469387755102 0.0
14.7510204081633 0.0
14.7551020408163 0.0
14.7591836734694 0.0
14.7632653061224 0.0
14.7673469387755 0.0
14.7714285714286 0.0
14.7755102040816 0.24581
14.7795918367347 0.0
14.7836734693878 0.261784
14.7877551020408 0.0
14.7918367346939 0.0
14.7959183673469 5.49084
14.8 0.0
14.8040816326531 0.0
14.8081632653061 0.0
14.8122448979592 0.0
14.8163265306122 0.0
14.8204081632653 0.0
14.8244897959184 0.0
14.8285714285714 0.0
14.8326530612245 0.0
14.8367346938776 0.0
14.8408163265306 0.0
14.8448979591837 0.0
14.8489795918367 0.0
14.8530612244898 0.0
14.8571428571429 3.26505
14.8612244897959 0.0
14.865306122449 1.38706
14.869387755102 0.0
14.8734693877551 0.0
14.8775510204082 5.95903
14.8816326530612 0.0
14.8857142857143 0.0
14.8897959183673 0.0
14.8938775510204 0.0
14.8979591836735 0.0
14.9020408163265 0.0
14.9061224489796 0.45532
14.9102040816327 0.0
14.9142857142857 0.0
14.9183673469388 8.7755
14.9224489795918 0.0
14.9265306122449 6.5766
14.930612244898 4.03273
14.934693877551 0.0
14.9387755102041 4.88125
14.9428571428571 0.0
14.9469387755102 0.0
14.9510204081633 0.0
14.9551020408163 0.0
14.9591836734694 0.0
14.9632653061224 0.0
14.9673469387755 0.0
14.9714285714286 0.0
14.9755102040816 0.0
14.9795918367347 5.17899
14.9836734693878 2.48176
14.9877551020408 0.733018
14.9918367346939 10.8616
14.9959183673469 0.0
15.0 6.09869
15.0040816326531 1.09535
15.0081632653061 0.0
15.0122448979592 0.0
15.0163265306122 0.0
15.0204081632653 0.0
15.0244897959184 0.0
15.0285714285714 0.0
