0.00408163265306122 13.9813
0.00816326530612245 7.16221
0.0122448979591837 0.0
0.0163265306122449 0.0
0.0204081632653061 0.0
0.0244897959183673 0.0
0.0285714285714286 0.0
0.0326530612244898 0.0
0.036734693877551 0.0
0.0408163265306122 0.680983
0.0448979591836735 6.66189
0.0489795918367347 6.57874
0.0530612244897959 19.9121
0.0571428571428571 9.50628
0.0612244897959184 13.3336
0.0653061224489796 3.2829
0.0693877551020408 2.05052
0.073469387755102 84.8815
0.0775510204081633 412.223
0.0816326530612245 164.093
0.0857142857142857 328.561
0.0897959183673469 322.403
0.0938775510204082 288.269
0.0979591836734694 237.588
0.102040816326531 193.475
0.106122448979592 155.238
0.110204081632653 119.85
0.114285714285714 87.3483
0.118367346938776 57.8968
0.122448979591837 29.6318
0.126530612244898 4.39629
0.130612244897959 0.0
0.13469387755102 0.0
0.138775510204082 0.0
0.142857142857143 0.0
0.146938775510204 0.0
0.151020408163265 0.0
0.155102040816327 0.0
0.159183673469388 0.0
0.163265306122449 0.0
0.16734693877551 0.0
0.171428571428571 0.0
0.175510204081633 0.0
0.179591836734694 0.0
0.183673469387755 0.0
0.187755102040816 0.0
0.191836734693878 0.0
0.195918367346939 0.0
0.2 0.0
0.204081632653061 0.0
0.208163265306122 0.0
0.212244897959184 0.0
0.216326530612245 6.83743
0.220408163265306 4.72909
0.224489795918367 1.08129
0.228571428571429 0.0
0.23265306122449 0.0
0.236734693877551 0.0
0.240816326530612 0.0
0.244897959183673 0.0
0.248979591836735 0.0
0.253061224489796 0.0
0.257142857142857 0.0
0.261224489795918 0.0
0.26530612244898 0.0
0.269387755102041 0.0
0.273469387755102 0.0
0.277551020408163 0.0
0.281632653061224 0.0
0.285714285714286 0.0
0.289795918367347 0.0
0.293877551020408 0.0
0.297959183673469 0.0
0.302040816326531 0.0
0.306122448979592 0.0
0.310204081632653 0.0
0.314285714285714 0.0
0.318367346938775 2.82598
0.322448979591837 23.4801
0.326530612244898 33.7742
0.330612244897959 50.3151
0.33469387755102 114.937
0.338775510204082 214.019
0.342857142857143 201.277
0.346938775510204 253.293
0.351020408163265 264.685
0.355102040816327 260.713
0.359183673469388 237.566
0.363265306122449 210.323
0.36734693877551 180.721
0.371428571428571 152.251
0.375510204081633 130.192
0.379591836734694 108.037
0.383673469387755 78.7482
0.387755102040816 58.3043
0.391836734693878 39.731
0.395918367346939 23.306
0.4 9.15414
0.404081632653061 0.0
0.408163265306122 0.0
0.412244897959184 0.0
0.416326530612245 0.0
0.420408163265306 0.0
0.424489795918367 0.0
0.428571428571429 0.0
0.43265306122449 0.0
0.436734693877551 0.0
0.440816326530612 0.0
0.444897959183673 0.0
0.448979591836735 0.0
0.453061224489796 0.0
0.457142857142857 0.0
0.461224489795918 0.0
0.46530612244898 0.0
0.469387755102041 0.0
0.473469387755102 0.0
0.477551020408163 0.0
0.481632653061224 0.0
0.485714285714286 0.0
0.489795918367347 0.0
0.493877551020408 0.0
0.497959183673469 0.0
0.502040816326531 0.0
0.506122448979592 0.0
0.510204081632653 0.0
0.514285714285714 0.0
0.518367346938776 0.0
0.522448979591837 0.0
0.526530612244898 0.0
0.530612244897959 0.0
0.53469387755102 0.0
0.538775510204082 0.0
0.542857142857143 0.0
0.546938775510204 0.0
0.551020408163265 0.0
0.555102040816327 0.0
0.559183673469388 0.0
0.563265306122449 0.0
0.56734693877551 0.0
0.571428571428571 0.0
0.575510204081633 0.0
0.579591836734694 0.0
0.583673469387755 0.0
0.587755102040816 4.32824
0.591836734693878 1.59806
0.595918367346939 81.7298
0.6 124.68
0.604081632653061 285.309
0.608163265306122 256.671
0.612244897959184 236.052
0.616326530612245 193.49
0.620408163265306 164.03
0.624489795918367 136.226
0.628571428571429 113.956
0.63265306122449 93.6125
0.636734693877551 70.7121
0.640816326530612 48.2194
0.644897959183673 28.4443
0.648979591836735 12.3084
0.653061224489796 2.84481
0.657142857142857 0.0
0.661224489795918 0.0
0.66530612244898 0.0
0.669387755102041 0.0
0.673469387755102 0.0
0.677551020408163 0.0
0.681632653061224 0.0
0.685714285714286 0.0
0.689795918367347 0.0
0.693877551020408 0.0
0.697959183673469 0.0
0.702040816326531 0.0
0.706122448979592 0.0
0.710204081632653 0.0
0.714285714285714 0.0
0.718367346938775 0.0
0.722448979591837 0.0
0.726530612244898 0.0
0.730612244897959 0.0
0.73469387755102 0.0
0.738775510204082 0.0
0.742857142857143 0.0
0.746938775510204 0.0
0.751020408163265 0.0
0.755102040816326 0.0
0.759183673469388 0.0
0.763265306122449 0.0
0.76734693877551 0.0
0.771428571428571 0.0
0.775510204081633 0.0
0.779591836734694 0.0
0.783673469387755 0.0
0.787755102040816 0.0
0.791836734693877 0.0
0.795918367346939 0.0
0.8 0.0
0.804081632653061 0.0
0.808163265306122 0.0
0.812244897959184 0.0
0.816326530612245 0.0
0.820408163265306 0.0
0.824489795918367 0.0
0.828571428571429 0.0
0.83265306122449 0.0
0.836734693877551 0.0
0.840816326530612 0.0
0.844897959183673 0.0
0.848979591836735 0.0
0.853061224489796 0.0
0.857142857142857 0.0
0.861224489795918 0.0
0.86530612244898 0.0
0.869387755102041 0.0
0.873469387755102 0.0
0.877551020408163 0.0
0.881632653061225 0.0
0.885714285714286 0.0
0.889795918367347 0.0
0.893877551020408 0.0
0.897959183673469 0.0
0.902040816326531 0.0
0.906122448979592 0.0
0.910204081632653 0.0
0.914285714285714 0.0
0.918367346938776 0.0
0.922448979591837 0.0
0.926530612244898 0.0
0.930612244897959 0.0
0.93469387755102 0.0
0.938775510204082 0.0
0.942857142857143 4.93318
0.946938775510204 67.0443
0.951020408163265 138.777
0.955102040816327 197.131
0.959183673469388 207.943
0.963265306122449 193.354
0.96734693877551 181.84
0.971428571428571 154.206
0.975510204081633 132.456
0.979591836734694 107.792
0.983673469387755 81.3425
0.987755102040816 62.5885
0.991836734693878 44.3539
0.995918367346939 24.5706
1.0 7.22229
1.00408163265306 0.0
1.00816326530612 0.0
1.01224489795918 0.0
1.01632653061224 0.0
1.02040816326531 0.0
1.02448979591837 0.0
1.02857142857143 0.0
1.03265306122449 0.0
1.03673469387755 0.0
1.04081632653061 0.0
1.04489795918367 0.0
1.04897959183673 0.0
1.0530612244898 0.0
1.05714285714286 0.0
1.06122448979592 0.0
1.06530612244898 0.0
1.06938775510204 0.0
1.0734693877551 0.0
1.07755102040816 0.0
1.08163265306122 0.0
1.08571428571429 0.0
1.08979591836735 18.9998
1.09387755102041 50.211
1.09795918367347 55.3064
1.10204081632653 70.7622
1.10612244897959 72.8317
1.11020408163265 66.8037
1.11428571428571 54.1597
1.11836734693878 35.9656
1.12244897959184 19.318
1.1265306122449 4.58926
1.13061224489796 0.0
1.13469387755102 0.0
1.13877551020408 0.0
1.14285714285714 0.0
1.1469387755102 0.0
1.15102040816327 0.0
1.15510204081633 0.0
1.15918367346939 0.0
1.16326530612245 0.0
1.16734693877551 0.0
1.17142857142857 0.0
1.17551020408163 0.0
1.17959183673469 0.0
1.18367346938776 0.0
1.18775510204082 0.0
1.19183673469388 0.0
1.19591836734694 0.0
1.2 0.0
1.20408163265306 0.0
1.20816326530612 0.0
1.21224489795918 0.0
1.21632653061224 0.0
1.22040816326531 0.0
1.22448979591837 0.0
1.22857142857143 0.0
1.23265306122449 0.0
1.23673469387755 0.0
1.24081632653061 0.0
1.24489795918367 0.0
1.24897959183673 0.0
1.2530612244898 0.0
1.25714285714286 0.0
1.26122448979592 0.0
1.26530612244898 0.0
1.26938775510204 0.0
1.2734693877551 0.0
1.27755102040816 0.0
1.28163265306122 0.0
1.28571428571429 0.0
1.28979591836735 0.0
1.29387755102041 0.0
1.29795918367347 0.0
1.30204081632653 0.0
1.30612244897959 0.0
1.31020408163265 0.0
1.31428571428571 2.31421
1.31836734693878 2.1919
1.32244897959184 0.0
1.3265306122449 0.0
1.33061224489796 0.0
1.33469387755102 6.65289
1.33877551020408 23.185
1.34285714285714 38.7355
1.3469387755102 148.55
1.35102040816327 158.353
1.35510204081633 179.231
1.35918367346939 257.146
1.36326530612245 285.917
1.36734693877551 272.844
1.37142857142857 231.911
1.37551020408163 199.348
1.37959183673469 170.414
1.38367346938776 142.781
1.38775510204082 120.351
1.39183673469388 94.9588
1.39591836734694 74.256
1.4 55.0993
1.40408163265306 36.6348
1.40816326530612 20.547
1.41224489795918 7.19994
1.41632653061225 1.21808
1.42040816326531 0.0
1.42448979591837 0.0
1.42857142857143 0.0
1.43265306122449 0.0
1.43673469387755 0.0
1.44081632653061 0.0
1.44489795918367 0.0
1.44897959183673 0.0
1.4530612244898 0.0
1.45714285714286 0.0
1.46122448979592 0.0
1.46530612244898 0.0
1.46938775510204 0.0
1.4734693877551 0.0
1.47755102040816 0.0
1.48163265306122 0.0
1.48571428571429 0.0
1.48979591836735 0.0
1.49387755102041 0.0
1.49795918367347 0.0
1.50204081632653 0.0
1.50612244897959 0.0
1.51020408163265 0.0
1.51428571428571 0.0
1.51836734693878 0.0
1.52244897959184 0.0
1.5265306122449 0.0
1.53061224489796 0.0
1.53469387755102 0.0
1.53877551020408 0.0
1.54285714285714 0.0
1.5469387755102 0.0
1.55102040816327 0.0
1.55510204081633 0.0
1.55918367346939 0.0
1.56326530612245 0.0
1.56734693877551 0.0
1.57142857142857 0.0
1.57551020408163 0.0
1.57959183673469 0.0
1.58367346938775 0.0
1.58775510204082 0.494123
1.59183673469388 23.615
1.59591836734694 30.0359
1.6 49.5369
1.60408163265306 35.1707
1.60816326530612 51.7794
1.61224489795918 58.8312
1.61632653061224 46.9615
1.62040816326531 31.0956
1.62448979591837 10.6398
1.62857142857143 9.89084
1.63265306122449 0.693768
1.63673469387755 1.12616
1.64081632653061 7.46347
1.64489795918367 18.8027
1.64897959183673 45.1887
1.6530612244898 66.6578
1.65714285714286 73.4991
1.66122448979592 69.7456
1.66530612244898 58.6243
1.66938775510204 49.9229
1.6734693877551 32.8654
1.67755102040816 25.6845
1.68163265306122 12.0312
1.68571428571429 6.33928
1.68979591836735 0.0
1.69387755102041 0.0
1.69795918367347 0.0
1.70204081632653 0.0
1.70612244897959 0.0
1.71020408163265 0.0
1.71428571428571 0.0
1.71836734693878 0.0
1.72244897959184 0.0
1.7265306122449 0.0
1.73061224489796 0.0
1.73469387755102 0.0
1.73877551020408 0.0
1.74285714285714 0.0
1.7469387755102 0.0
1.75102040816327 0.0
1.75510204081633 0.0
1.75918367346939 0.0
1.76326530612245 0.0
1.76734693877551 0.0
1.77142857142857 0.0
1.77551020408163 0.0
1.77959183673469 0.0
1.78367346938776 0.0
1.78775510204082 0.0
1.79183673469388 0.0
1.79591836734694 0.0
1.8 0.0
1.80408163265306 0.0
1.80816326530612 0.0
1.81224489795918 0.0
1.81632653061224 0.0
1.82040816326531 0.0
1.82448979591837 0.0
1.82857142857143 0.0
1.83265306122449 0.0
1.83673469387755 0.0
1.84081632653061 0.0
1.84489795918367 0.0
1.84897959183673 0.0
1.8530612244898 0.0950098
1.85714285714286 0.0
1.86122448979592 0.0
1.86530612244898 0.0
1.86938775510204 0.0
1.8734693877551 0.0
1.87755102040816 0.0
1.88163265306122 0.0
1.88571428571429 0.0
1.88979591836735 0.0
1.89387755102041 0.0
1.89795918367347 0.0
1.90204081632653 0.0
1.90612244897959 0.0
1.91020408163265 0.0
1.91428571428571 0.00599027
1.91836734693878 0.0
1.92244897959184 0.0
1.9265306122449 0.0
1.93061224489796 0.0
1.93469387755102 0.0997428
1.93877551020408 0.0
1.94285714285714 0.0
1.9469387755102 0.0
1.95102040816327 0.0
1.95510204081633 0.0
1.95918367346939 0.0
1.96326530612245 0.0
1.96734693877551 0.0
1.97142857142857 0.0
1.97551020408163 0.0
1.97959183673469 0.0
1.98367346938776 0.0
1.98775510204082 0.0
1.99183673469388 0.0
1.99591836734694 1.45316
2.0 0.0
2.00408163265306 0.709295
2.00816326530612 0.0
2.01224489795918 0.0
2.01632653061225 0.0
2.02040816326531 0.0
2.02448979591837 0.0
2.02857142857143 0.0
2.03265306122449 0.0
2.03673469387755 0.0
2.04081632653061 0.0
2.04489795918367 0.0
2.04897959183673 0.0
2.0530612244898 0.0
2.05714285714286 0.0
2.06122448979592 0.0
2.06530612244898 0.0
2.06938775510204 0.0
2.0734693877551 0.0
2.07755102040816 0.0
2.08163265306122 0.0
2.08571428571429 0.0
2.08979591836735 3.48132
2.09387755102041 0.0
2.09795918367347 2.35169
2.10204081632653 3.66722
2.10612244897959 10.0204
2.11020408163265 18.3865
2.11428571428571 36.5744
2.11836734693878 58.219
2.12244897959184 88.7829
2.1265306122449 101.73
2.13061224489796 102.987
2.13469387755102 100.864
2.13877551020408 100.791
2.14285714285714 90.91
2.1469387755102 80.5162
2.15102040816327 67.3045
2.15510204081633 47.4108
2.15918367346939 28.9254
2.16326530612245 8.1315
2.16734693877551 0.0
2.17142857142857 0.0
2.17551020408163 0.0
2.17959183673469 0.0
2.18367346938776 0.0
2.18775510204082 0.0
2.19183673469388 0.0
2.19591836734694 0.0
2.2 0.0
2.20408163265306 0.0
2.20816326530612 0.0
2.21224489795918 0.0
2.21632653061224 0.0
2.22040816326531 0.0
2.22448979591837 0.0
2.22857142857143 0.0
2.23265306122449 0.0
2.23673469387755 0.0
2.24081632653061 0.0
2.24489795918367 0.0
2.24897959183673 0.0
2.2530612244898 0.0
2.25714285714286 0.0
2.26122448979592 0.0
2.26530612244898 0.0
2.26938775510204 0.0
2.2734693877551 0.0
2.27755102040816 0.0
2.28163265306122 0.0
2.28571428571429 0.0
2.28979591836735 0.0
2.29387755102041 0.0
2.29795918367347 0.0
2.30204081632653 0.0
2.30612244897959 0.0
2.31020408163265 0.0
2.31428571428571 0.0
2.31836734693878 0.0
2.32244897959184 0.0
2.3265306122449 0.0
2.33061224489796 0.0
2.33469387755102 0.0
2.33877551020408 0.0
2.34285714285714 16.6539
2.3469387755102 32.6911
2.35102040816327 38.3855
2.35510204081633 40.9472
2.35918367346939 43.4547
2.36326530612245 41.0886
2.36734693877551 44.4398
2.37142857142857 44.2441
2.37551020408163 46.9833
2.37959183673469 50.5821
2.38367346938776 51.7789
2.38775510204082 52.6413
2.39183673469388 57.3256
2.39591836734694 67.7433
2.4 62.1053
2.40408163265306 52.8614
2.40816326530612 38.7771
2.41224489795918 29.3489
2.41632653061225 17.2352
2.42040816326531 6.4286
2.42448979591837 2.45637
2.42857142857143 0.0
2.43265306122449 0.0
2.43673469387755 0.0
2.44081632653061 0.0
2.44489795918367 0.0
2.44897959183673 0.0
2.4530612244898 0.0
2.45714285714286 0.0
2.46122448979592 0.0
2.46530612244898 0.612438
2.46938775510204 0.0
2.4734693877551 0.0
2.47755102040816 0.0
2.48163265306122 0.0
2.48571428571429 0.849485
2.48979591836735 0.0
2.49387755102041 0.0
2.49795918367347 1.34301
2.50204081632653 0.0846982
2.50612244897959 3.09607
2.51020408163265 3.06863
2.51428571428571 3.75792
2.51836734693878 4.06307
2.52244897959184 5.29253
2.5265306122449 10.1781
2.53061224489796 1.41937
2.53469387755102 0.335515
2.53877551020408 1.60909
2.54285714285714 0.0
2.5469387755102 0.445127
2.55102040816327 0.0
2.55510204081633 0.0
2.55918367346939 0.0
2.56326530612245 3.85511
2.56734693877551 9.40156
2.57142857142857 14.3738
2.57551020408163 30.4204
2.57959183673469 45.5073
2.58367346938775 46.1186
2.58775510204082 71.2284
2.59183673469388 72.6903
2.59591836734694 65.8839
2.6 64.5521
2.60408163265306 60.4872
2.60816326530612 50.2833
2.61224489795918 33.3653
2.61632653061224 24.7613
2.62040816326531 12.4193
2.62448979591837 4.48399
2.62857142857143 0.0
2.63265306122449 0.0
2.63673469387755 8.34867
2.64081632653061 33.6422
2.64489795918367 72.8059
2.64897959183673 53.419
2.6530612244898 79.8192
2.65714285714286 133.257
2.66122448979592 159.333
2.66530612244898 151.054
2.66938775510204 127.294
2.6734693877551 110.235
2.67755102040816 80.1344
2.68163265306122 78.1024
2.68571428571429 63.603
2.68979591836735 48.691
2.69387755102041 34.808
2.69795918367347 24.9015
2.70204081632653 12.2629
2.70612244897959 5.28088
2.71020408163265 0.0
2.71428571428571 0.0
2.71836734693878 0.0
2.72244897959184 0.0
2.7265306122449 0.0
2.73061224489796 0.0
2.73469387755102 0.0
2.73877551020408 0.0
2.74285714285714 0.0
2.7469387755102 0.0
2.75102040816327 0.0
2.75510204081633 0.0
2.75918367346939 0.0
2.76326530612245 0.0
2.76734693877551 0.0
2.77142857142857 0.0
2.77551020408163 0.0
2.77959183673469 0.0
2.78367346938776 0.0
2.78775510204082 0.0
2.79183673469388 0.0
2.79591836734694 0.0
2.8 0.0
2.80408163265306 0.0
2.80816326530612 0.0
2.81224489795918 0.0
2.81632653061224 0.0
2.82040816326531 0.0
2.82448979591837 0.0
2.82857142857143 0.0
2.83265306122449 0.0
2.83673469387755 0.0
2.84081632653061 0.0
2.84489795918367 0.0
2.84897959183673 0.0
2.8530612244898 0.0
2.85714285714286 0.0
2.86122448979592 0.0
2.86530612244898 0.0
2.86938775510204 0.0
2.8734693877551 0.0
2.87755102040816 0.0
2.88163265306122 0.0
2.88571428571429 0.0
2.88979591836735 0.0
2.89387755102041 0.0
2.89795918367347 0.0
2.90204081632653 0.0
2.90612244897959 0.0
2.91020408163265 0.0
2.91428571428571 0.0
2.91836734693878 0.0
2.92244897959184 0.0
2.9265306122449 0.0
2.93061224489796 0.0
2.93469387755102 0.0
2.93877551020408 0.0
2.94285714285714 0.0
2.9469387755102 0.0
2.95102040816327 0.0
2.95510204081633 0.0
2.95918367346939 0.0
2.96326530612245 0.0
2.96734693877551 0.0
2.97142857142857 0.0
2.97551020408163 0.0
2.97959183673469 0.0
2.98367346938775 0.0
2.98775510204082 0.0
2.99183673469388 0.0
2.99591836734694 0.0
3.0 0.0
3.00408163265306 0.0
3.00816326530612 0.0
3.01224489795918 0.0
3.01632653061225 0.0
3.02040816326531 0.0
3.02448979591837 11.5861
3.02857142857143 58.3674
3.03265306122449 107.7
3.03673469387755 159.634
3.04081632653061 185.719
3.04489795918367 207.526
3.04897959183673 190.438
3.0530612244898 169.02
3.05714285714286 146.408
3.06122448979592 119.859
3.06530612244898 94.3603
3.06938775510204 66.8448
3.0734693877551 49.0682
3.07755102040816 24.9436
3.08163265306122 12.5145
3.08571428571429 6.05923
3.08979591836735 0.330061
3.09387755102041 0.0
3.09795918367347 0.0
3.10204081632653 0.0
3.10612244897959 0.0
3.11020408163265 0.0
3.11428571428571 0.0
3.11836734693878 0.0
3.12244897959184 0.0
3.1265306122449 0.0
3.13061224489796 0.0
3.13469387755102 0.0
3.13877551020408 0.0
3.14285714285714 1.24466
3.1469387755102 5.2107
3.15102040816327 7.21253
3.15510204081633 15.3503
3.15918367346939 21.8688
3.16326530612245 28.8878
3.16734693877551 22.0441
3.17142857142857 9.77875
3.17551020408163 4.24507
3.17959183673469 0.0
3.18367346938776 0.0
3.18775510204082 0.0
3.19183673469388 0.0
3.19591836734694 0.0
3.2 0.0
3.20408163265306 0.0
3.20816326530612 0.0
3.21224489795918 0.0
3.21632653061224 0.0
3.22040816326531 0.0
3.22448979591837 0.0
3.22857142857143 0.0
3.23265306122449 0.0
3.23673469387755 0.0
3.24081632653061 0.0
3.24489795918367 0.0
3.24897959183673 0.0
3.2530612244898 0.0
3.25714285714286 0.0
3.26122448979592 0.0
3.26530612244898 0.0
3.26938775510204 0.0
3.2734693877551 0.0
3.27755102040816 0.0
3.28163265306122 0.0
3.28571428571429 0.0
3.28979591836735 0.0
3.29387755102041 0.0
3.29795918367347 0.0
3.30204081632653 0.0
3.30612244897959 0.0
3.31020408163265 0.0
3.31428571428571 0.0
3.31836734693878 0.13572
3.32244897959184 0.0
3.3265306122449 0.0
3.33061224489796 0.0
3.33469387755102 0.0
3.33877551020408 0.0
3.34285714285714 0.0
3.3469387755102 0.0
3.35102040816327 0.0
3.35510204081633 0.0
3.35918367346939 0.0
3.36326530612245 0.0
3.36734693877551 0.0
3.37142857142857 0.0
3.37551020408163 0.0
3.37959183673469 0.0
3.38367346938776 0.0
3.38775510204082 0.0
3.39183673469388 0.0
3.39591836734694 0.0
3.4 0.0
3.40408163265306 0.0
3.40816326530612 0.0
3.41224489795918 2.12407
3.41632653061225 5.11467
3.42040816326531 34.8074
3.42448979591837 90.9629
3.42857142857143 159.468
3.43265306122449 186.795
3.43673469387755 180.011
3.44081632653061 228.991
3.44489795918367 222.237
3.44897959183673 177.12
3.4530612244898 167.458
3.45714285714286 174.191
3.46122448979592 125.837
3.46530612244898 123.29
3.46938775510204 99.2211
3.4734693877551 85.9568
3.47755102040816 73.0759
3.48163265306122 57.1073
3.48571428571429 45.2079
3.48979591836735 33.0687
3.49387755102041 24.3846
3.49795918367347 18.2105
3.50204081632653 9.82946
3.50612244897959 2.70486
3.51020408163265 0.0
3.51428571428571 0.0
3.51836734693878 0.0
3.52244897959184 0.0
3.5265306122449 0.0
3.53061224489796 0.0
3.53469387755102 0.0
3.53877551020408 0.0
3.54285714285714 0.0
3.5469387755102 0.0
3.55102040816327 0.0
3.55510204081633 0.0
3.55918367346939 0.0
3.56326530612245 0.0
3.56734693877551 0.0
3.57142857142857 0.0
3.57551020408163 0.0
3.57959183673469 0.0
3.58367346938775 0.0
3.58775510204082 0.0
3.59183673469388 0.0
3.59591836734694 0.0
3.6 0.0
3.60408163265306 0.0
3.60816326530612 0.0
3.61224489795918 0.0
3.61632653061224 0.0
3.62040816326531 0.0
3.62448979591837 0.0
3.62857142857143 0.0
3.63265306122449 0.0
3.63673469387755 0.0
3.64081632653061 0.0
3.64489795918367 0.0
3.64897959183673 0.0
3.6530612244898 0.0
3.65714285714286 0.0
3.66122448979592 0.0
3.66530612244898 0.0
3.66938775510204 0.0
3.6734693877551 0.0
3.67755102040816 0.0
3.68163265306122 0.0
3.68571428571429 0.0
3.68979591836735 0.0
3.69387755102041 0.0
3.69795918367347 0.0
3.70204081632653 0.761449
3.70612244897959 0.0
3.71020408163265 3.25897
3.71428571428571 12.261
3.71836734693878 25.3827
3.72244897959184 38.5683
3.7265306122449 58.1895
3.73061224489796 35.674
3.73469387755102 58.0809
3.73877551020408 44.6708
3.74285714285714 48.201
3.7469387755102 42.6725
3.75102040816327 29.0824
3.75510204081633 22.8921
3.75918367346939 15.0434
3.76326530612245 8.6413
3.76734693877551 0.0
3.77142857142857 0.0
3.77551020408163 0.0
3.77959183673469 0.0
3.78367346938776 0.0
3.78775510204082 0.0
3.79183673469388 0.0
3.79591836734694 0.0
3.8 0.0
3.80408163265306 0.0
3.80816326530612 0.0
3.81224489795918 0.0
3.81632653061224 0.0
3.82040816326531 0.0
3.82448979591837 0.0
3.82857142857143 0.0
3.83265306122449 0.0
3.83673469387755 0.0
3.84081632653061 0.0
3.84489795918367 0.0
3.84897959183673 0.0
3.8530612244898 0.0
3.85714285714286 0.0
3.86122448979592 0.0
3.86530612244898 0.0
3.86938775510204 0.0
3.8734693877551 0.0
3.87755102040816 0.0
3.88163265306122 0.0
3.88571428571429 0.0
3.88979591836735 0.0
3.89387755102041 0.0
3.89795918367347 0.0
3.90204081632653 0.0
3.90612244897959 0.0
3.91020408163265 0.0
3.91428571428571 0.0
3.91836734693878 0.0
3.92244897959184 0.0
3.9265306122449 0.0
3.93061224489796 0.0
3.93469387755102 0.0
3.93877551020408 0.0
3.94285714285714 0.0
3.9469387755102 0.0
3.95102040816327 0.0
3.95510204081633 0.0
3.95918367346939 9.5141
3.96326530612245 0.0
3.96734693877551 11.6224
3.97142857142857 3.09253
3.97551020408163 0.0
3.97959183673469 7.58794
3.98367346938775 0.0
3.98775510204082 1.98013
3.99183673469388 1.87629
3.99591836734694 0.0
4.0 2.08098
4.00408163265306 4.69226
4.00816326530612 1.89716
4.01224489795918 0.0
4.01632653061225 1.18595
4.02040816326531 0.0
4.02448979591837 0.0
4.02857142857143 0.0
4.03265306122449 0.0
4.03673469387755 0.0
4.04081632653061 0.0
4.04489795918367 0.0
4.04897959183673 0.0
4.0530612244898 0.0
4.05714285714286 0.0
4.06122448979592 0.0
4.06530612244898 0.0
4.06938775510204 0.0
4.0734693877551 1.06746
4.07755102040816 0.0
4.08163265306122 1.17189
4.08571428571429 0.0
4.08979591836735 0.0
4.09387755102041 0.0
4.09795918367347 0.0
4.10204081632653 0.0
4.10612244897959 2.66826
4.11020408163265 5.17935
4.11428571428571 0.0
4.11836734693878 2.85771
4.12244897959184 0.0
4.1265306122449 0.0
4.13061224489796 1.32871
4.13469387755102 0.470459
4.13877551020408 0.0
4.14285714285714 0.518352
4.1469387755102 0.0
4.15102040816326 0.0
4.15510204081633 1.12987
4.15918367346939 0.0
4.16326530612245 1.39619
4.16734693877551 0.0
4.17142857142857 0.0
4.17551020408163 0.452183
4.17959183673469 0.975862
4.18367346938776 0.0
4.18775510204082 0.0
4.19183673469388 2.55835
4.19591836734694 2.11072
4.2 7.79122
4.20408163265306 3.30818
4.20816326530612 8.87275
4.21224489795918 18.1531
4.21632653061225 37.5637
4.22040816326531 98.8825
4.22448979591837 33.888
4.22857142857143 121.41
4.23265306122449 129.277
4.23673469387755 128.297
4.24081632653061 113.747
4.24489795918367 122.751
4.24897959183673 117.345
4.2530612244898 97.4776
4.25714285714286 75.5125
4.26122448979592 53.746
4.26530612244898 30.928
4.26938775510204 7.65177
4.2734693877551 0.0
4.27755102040816 0.0
4.28163265306122 0.0
4.28571428571429 0.0
4.28979591836735 0.0
4.29387755102041 0.0
4.29795918367347 0.0
4.30204081632653 0.0
4.30612244897959 0.0
4.31020408163265 0.0
4.31428571428571 0.0
4.31836734693878 0.0
4.32244897959184 0.0
4.3265306122449 0.0
4.33061224489796 1.4773
4.33469387755102 10.108
4.33877551020408 6.15799
4.34285714285714 0.0
4.3469387755102 0.0
4.35102040816327 0.0
4.35510204081633 0.0
4.35918367346939 0.0
4.36326530612245 0.0
4.36734693877551 0.0
4.37142857142857 0.0
4.37551020408163 0.0
4.37959183673469 0.0
4.38367346938776 0.0
4.38775510204082 0.0
4.39183673469388 0.0
4.39591836734694 0.0
4.4 0.0
4.40408163265306 0.0
4.40816326530612 0.0
4.41224489795918 0.0
4.41632653061224 0.0
4.42040816326531 0.0
4.42448979591837 0.0
4.42857142857143 0.0
4.43265306122449 0.0
4.43673469387755 0.0
4.44081632653061 0.0
4.44489795918367 0.0
4.44897959183673 0.0
4.4530612244898 4.65001
4.45714285714286 14.615
4.46122448979592 12.6187
4.46530612244898 1.03307
4.46938775510204 4.38023
4.4734693877551 46.3867
4.47755102040816 73.9223
4.48163265306122 81.681
4.48571428571429 138.48
4.48979591836735 141.434
4.49387755102041 220.411
4.49795918367347 219.338
4.50204081632653 197.205
4.50612244897959 157.459
4.51020408163265 146.664
4.51428571428571 111.66
4.51836734693878 89.1377
4.52244897959184 55.921
4.5265306122449 30.5323
4.53061224489796 18.5712
4.53469387755102 9.62973
4.53877551020408 0.0
4.54285714285714 0.0
4.5469387755102 0.0
4.55102040816327 0.0
4.55510204081633 0.0
4.55918367346939 0.0
4.56326530612245 0.0
4.56734693877551 0.0
4.57142857142857 0.0
4.57551020408163 0.0
4.57959183673469 0.0
4.58367346938776 2.1582
4.58775510204082 11.9147
4.59183673469388 8.79881
4.59591836734694 1.33958
4.6 0.0
4.60408163265306 0.0
4.60816326530612 0.0
4.61224489795918 0.0
4.61632653061224 0.0
4.62040816326531 0.0
4.62448979591837 0.0
4.62857142857143 0.0
4.63265306122449 0.0
4.63673469387755 0.0
4.64081632653061 0.0
4.64489795918367 0.0
4.64897959183673 0.0
4.6530612244898 0.0
4.65714285714286 0.0
4.66122448979592 0.0
4.66530612244898 0.0
4.66938775510204 0.0
4.6734693877551 0.0
4.67755102040816 0.0
4.68163265306122 0.0
4.68571428571429 0.0
4.68979591836735 0.0
4.69387755102041 0.0
4.69795918367347 0.0
4.70204081632653 0.530489
4.70612244897959 0.0
4.71020408163265 0.0
4.71428571428571 0.0
4.71836734693878 0.0
4.72244897959184 0.0
4.7265306122449 0.0
4.73061224489796 1.46404
4.73469387755102 0.0
4.73877551020408 5.12199
4.74285714285714 18.6359
4.7469387755102 64.3402
4.75102040816327 115.976
4.75510204081633 243.933
4.75918367346939 246.661
4.76326530612245 270.12
4.76734693877551 216.577
4.77142857142857 202.287
4.77551020408163 170.958
4.77959183673469 154.683
4.78367346938775 124.781
4.78775510204082 106.357
4.79183673469388 81.7371
4.79591836734694 59.0792
4.8 37.6452
4.80408163265306 19.1679
4.80816326530612 7.23864
4.81224489795918 3.64263
4.81632653061224 0.0
4.82040816326531 0.0
4.82448979591837 0.0
4.82857142857143 0.0
4.83265306122449 0.0
4.83673469387755 0.0
4.84081632653061 0.0
4.84489795918367 0.0
4.84897959183674 0.0
4.8530612244898 0.0
4.85714285714286 0.0
4.86122448979592 0.0
4.86530612244898 0.0
4.86938775510204 0.0
4.8734693877551 0.0
4.87755102040816 0.0
4.88163265306122 0.0
4.88571428571429 0.0
4.88979591836735 0.0
4.89387755102041 0.0
4.89795918367347 0.0
4.90204081632653 0.0
4.90612244897959 0.0
4.91020408163265 0.0
4.91428571428571 0.0
4.91836734693878 0.0
4.92244897959184 0.0
4.9265306122449 0.0
4.93061224489796 0.0
4.93469387755102 0.0
4.93877551020408 0.0
4.94285714285714 0.0
4.9469387755102 0.0
4.95102040816327 0.0
4.95510204081633 0.0
4.95918367346939 0.0
4.96326530612245 0.0
4.96734693877551 0.0
4.97142857142857 0.0
4.97551020408163 0.0
4.97959183673469 0.0
4.98367346938775 0.0
4.98775510204082 0.0
4.99183673469388 0.0
4.99591836734694 0.0
5.0 0.0
5.00408163265306 0.0
5.00816326530612 0.0
5.01224489795918 0.0
5.01632653061225 0.0
5.02040816326531 0.0
5.02448979591837 0.0
5.02857142857143 0.0
5.03265306122449 0.0
5.03673469387755 0.419259
5.04081632653061 0.0
5.04489795918367 0.126958
5.04897959183673 0.0
5.0530612244898 0.0
5.05714285714286 0.0
5.06122448979592 0.0
5.06530612244898 0.0
5.06938775510204 0.0
5.0734693877551 0.0
5.07755102040816 0.0
5.08163265306122 0.0
5.08571428571429 0.0
5.08979591836735 0.0
5.09387755102041 0.0
5.09795918367347 0.0
5.10204081632653 0.0
5.10612244897959 0.0
5.11020408163265 0.0
5.11428571428571 0.0
5.11836734693878 0.0
5.12244897959184 0.0
5.1265306122449 0.0
5.13061224489796 0.0
5.13469387755102 56.6015
5.13877551020408 154.989
5.14285714285714 228.076
5.1469387755102 197.937
5.15102040816326 179.521
5.15510204081633 154.128
5.15918367346939 124.908
5.16326530612245 114.272
5.16734693877551 90.5156
5.17142857142857 73.2089
5.17551020408163 54.9456
5.17959183673469 37.6128
5.18367346938776 21.2772
5.18775510204082 6.54742
5.19183673469388 0.0
5.19591836734694 0.0
5.2 0.0
5.20408163265306 0.0
5.20816326530612 0.0
5.21224489795918 0.0
5.21632653061225 0.0
5.22040816326531 0.0
5.22448979591837 0.0
5.22857142857143 0.0
5.23265306122449 0.0
5.23673469387755 0.0
5.24081632653061 0.0
5.24489795918367 0.0
5.24897959183673 0.0
5.2530612244898 0.0
5.25714285714286 0.0
5.26122448979592 0.0
5.26530612244898 0.0
5.26938775510204 0.0
5.2734693877551 0.0
5.27755102040816 0.0
5.28163265306122 26.2542
5.28571428571429 3.3958
5.28979591836735 54.9228
5.29387755102041 53.5066
5.29795918367347 55.3133
5.30204081632653 52.2919
5.30612244897959 40.6514
5.31020408163265 16.3523
5.31428571428571 0.0
5.31836734693878 0.0
5.32244897959184 0.0
5.3265306122449 0.0
5.33061224489796 0.0
5.33469387755102 0.0
5.33877551020408 0.0
5.34285714285714 0.0
5.3469387755102 0.0
5.35102040816327 3.12328
5.35510204081633 0.0
5.35918367346939 7.68423
5.36326530612245 0.0
5.36734693877551 0.0
5.37142857142857 0.0
5.37551020408163 0.0
5.37959183673469 0.0
5.38367346938776 0.0
5.38775510204082 0.0
5.39183673469388 0.0
5.39591836734694 0.0
5.4 0.0
5.40408163265306 0.0
5.40816326530612 0.0
5.41224489795918 0.0
5.41632653061224 0.0
5.42040816326531 0.0
5.42448979591837 0.0
5.42857142857143 0.0
5.43265306122449 0.0
5.43673469387755 0.0
5.44081632653061 0.0
5.44489795918367 0.0
5.44897959183673 0.0
5.4530612244898 0.0
5.45714285714286 0.0
5.46122448979592 0.0
5.46530612244898 0.0
5.46938775510204 0.0
5.4734693877551 0.0
5.47755102040816 0.0
5.48163265306122 0.0
5.48571428571429 0.0
5.48979591836735 0.0
5.49387755102041 0.0
5.49795918367347 2.77972
5.50204081632653 3.07024
5.50612244897959 1.92436
5.51020408163265 32.4095
5.51428571428571 20.9718
5.51836734693878 48.1402
5.52244897959184 80.2753
5.5265306122449 123.333
5.53061224489796 167.324
5.53469387755102 166.221
5.53877551020408 204.723
5.54285714285714 237.525
5.5469387755102 226.387
5.55102040816327 214.813
5.55510204081633 179.969
5.55918367346939 155.961
5.56326530612245 127.775
5.56734693877551 104.204
5.57142857142857 83.6143
5.57551020408163 64.5059
5.57959183673469 47.7551
5.58367346938776 31.7312
5.58775510204082 18.7218
5.59183673469388 7.14853
5.59591836734694 0.526488
5.6 0.0
5.60408163265306 0.0
5.60816326530612 0.0
5.61224489795918 0.0
5.61632653061224 0.0
5.62040816326531 0.0
5.62448979591837 0.0
5.62857142857143 0.0
5.63265306122449 0.0
5.63673469387755 0.0
5.64081632653061 0.0
5.64489795918367 0.0
5.64897959183673 0.0
5.6530612244898 0.0
5.65714285714286 0.0
5.66122448979592 0.0
5.66530612244898 0.0
5.66938775510204 0.0
5.6734693877551 0.0
5.67755102040816 0.0
5.68163265306122 0.0
5.68571428571429 0.0
5.68979591836735 0.0
5.69387755102041 0.0
5.69795918367347 0.0
5.70204081632653 0.0
5.70612244897959 0.0
5.71020408163265 0.0
5.71428571428571 0.0
5.71836734693878 0.0
5.72244897959184 0.0
5.7265306122449 0.0
5.73061224489796 0.0
5.73469387755102 0.0
5.73877551020408 0.0
5.74285714285714 0.0
5.7469387755102 0.0
5.75102040816327 0.0
5.75510204081633 0.0
5.75918367346939 0.0
5.76326530612245 0.0
5.76734693877551 0.0
5.77142857142857 0.0
5.77551020408163 0.0
5.77959183673469 0.0
5.78367346938775 0.0
5.78775510204082 0.0
5.79183673469388 0.0
5.79591836734694 0.0
5.8 0.0
5.80408163265306 0.0
5.80816326530612 0.893325
5.81224489795918 2.32567
5.81632653061224 1.7595
5.82040816326531 5.16659
5.82448979591837 6.28638
5.82857142857143 6.80035
5.83265306122449 8.09169
5.83673469387755 11.8046
5.84081632653061 9.51028
5.84489795918367 7.26134
5.84897959183674 3.26598
5.8530612244898 5.12964
5.85714285714286 0.0
5.86122448979592 1.0308
5.86530612244898 0.0
5.86938775510204 0.0
5.8734693877551 0.0
5.87755102040816 0.0
5.88163265306122 0.0
5.88571428571429 0.0
5.88979591836735 0.0
5.89387755102041 0.0
5.89795918367347 0.0
5.90204081632653 0.0
5.90612244897959 0.0
5.91020408163265 0.0
5.91428571428571 0.0
5.91836734693878 0.0
5.92244897959184 0.0
5.9265306122449 0.0
5.93061224489796 0.0
5.93469387755102 0.0
5.93877551020408 0.0
5.94285714285714 0.0
5.9469387755102 0.0
5.95102040816327 0.0
5.95510204081633 0.0
5.95918367346939 0.0
5.96326530612245 0.0
5.96734693877551 0.0
5.97142857142857 0.0
5.97551020408163 0.0
5.97959183673469 0.0
5.98367346938775 0.0
5.98775510204082 0.0
5.99183673469388 0.0
5.99591836734694 0.0
6.0 0.0
6.00408163265306 0.0
6.00816326530612 0.0
6.01224489795918 0.0
6.01632653061225 0.0
6.02040816326531 0.0
6.02448979591837 0.0
6.02857142857143 0.0
6.03265306122449 0.0
6.03673469387755 0.0
6.04081632653061 0.0
6.04489795918367 0.0
6.04897959183673 0.0
6.0530612244898 0.0
6.05714285714286 0.0
6.06122448979592 0.0
6.06530612244898 0.0
6.06938775510204 0.0
6.0734693877551 0.0
6.07755102040816 0.0
6.08163265306122 0.954211
6.08571428571429 1.40977
6.08979591836735 8.8352
6.09387755102041 0.275075
6.09795918367347 0.0
6.10204081632653 0.0
6.10612244897959 2.31159
6.11020408163265 0.0
6.11428571428571 0.0
6.11836734693878 0.0
6.12244897959184 0.0
6.1265306122449 0.0
6.13061224489796 0.0
6.13469387755102 0.0
6.13877551020408 0.0
6.14285714285714 0.0
6.1469387755102 0.0
6.15102040816326 0.0
6.15510204081633 0.0
6.15918367346939 0.0
6.16326530612245 0.0
6.16734693877551 0.0
6.17142857142857 0.0
6.17551020408163 0.0
6.17959183673469 0.0
6.18367346938776 0.0
6.18775510204082 0.0
6.19183673469388 0.0
6.19591836734694 0.0
6.2 0.0
6.20408163265306 0.522196
6.20816326530612 0.0
6.21224489795918 0.0
6.21632653061225 0.0
6.22040816326531 0.0
6.22448979591837 0.0
6.22857142857143 0.0
6.23265306122449 0.0
6.23673469387755 0.0
6.24081632653061 0.0
6.24489795918367 0.0
6.24897959183673 0.0
6.2530612244898 0.0
6.25714285714286 0.0
6.26122448979592 0.0
6.26530612244898 0.0
6.26938775510204 0.0
6.2734693877551 0.0
6.27755102040816 0.0
6.28163265306122 0.0
6.28571428571429 0.0
6.28979591836735 0.0
6.29387755102041 0.0
6.29795918367347 0.0
6.30204081632653 0.0
6.30612244897959 0.0
6.31020408163265 0.134706
6.31428571428571 0.0
6.31836734693878 0.0
6.32244897959184 0.0
6.3265306122449 3.47447
6.33061224489796 20.2717
6.33469387755102 66.5655
6.33877551020408 100.189
6.34285714285714 130.359
6.3469387755102 134.594
6.35102040816327 125.604
6.35510204081633 106.379
6.35918367346939 83.9325
6.36326530612245 60.4581
6.36734693877551 42.0495
6.37142857142857 21.7074
6.37551020408163 0.0
6.37959183673469 0.0
6.38367346938776 0.0
6.38775510204082 0.0
6.39183673469388 0.0
6.39591836734694 0.0
6.4 0.0
6.40408163265306 0.0
6.40816326530612 0.0
6.41224489795918 0.0
6.41632653061224 0.0
6.42040816326531 0.0
6.42448979591837 0.0
6.42857142857143 0.0
6.43265306122449 0.0
6.43673469387755 0.0
6.44081632653061 0.0
6.44489795918367 0.0
6.44897959183673 0.0
6.4530612244898 0.0
6.45714285714286 0.0
6.46122448979592 0.0
6.46530612244898 0.0
6.46938775510204 0.0
6.4734693877551 0.0
6.47755102040816 0.0
6.48163265306122 0.0
6.48571428571429 0.0
6.48979591836735 0.0
6.49387755102041 0.0
6.49795918367347 0.0
6.50204081632653 0.0
6.50612244897959 0.0
6.51020408163265 0.0
6.51428571428571 0.0
6.51836734693878 0.0
6.52244897959184 0.0
6.5265306122449 0.0
6.53061224489796 0.0
6.53469387755102 0.0
6.53877551020408 0.0
6.54285714285714 0.0
6.5469387755102 0.0
6.55102040816327 4.37438
6.55510204081633 4.68469
6.55918367346939 12.3191
6.56326530612245 31.3821
6.56734693877551 27.3915
6.57142857142857 26.6525
6.57551020408163 42.1275
6.57959183673469 50.6119
6.58367346938776 64.0315
6.58775510204082 82.1068
6.59183673469388 83.292
6.59591836734694 117.45
6.6 90.1233
6.60408163265306 82.8827
6.60816326530612 70.5096
6.61224489795918 60.7185
6.61632653061224 67.3148
6.62040816326531 61.1314
6.62448979591837 54.0795
6.62857142857143 32.5663
6.63265306122449 26.8998
6.63673469387755 19.3095
6.64081632653061 11.9507
6.64489795918367 10.5319
6.64897959183673 3.87263
6.6530612244898 4.74089
6.65714285714286 0.0
6.66122448979592 0.0
6.66530612244898 0.0762939
6.66938775510204 0.0
6.6734693877551 0.0
6.67755102040816 0.0
6.68163265306122 0.0
6.68571428571429 0.0
6.68979591836735 0.0
6.69387755102041 0.0
6.69795918367347 0.0
6.70204081632653 0.710607
6.70612244897959 0.0
6.71020408163265 1.42324
6.71428571428571 0.0
6.71836734693878 0.0
6.72244897959184 0.0
6.7265306122449 0.0
6.73061224489796 0.0
6.73469387755102 0.0
6.73877551020408 0.0
6.74285714285714 0.0
6.7469387755102 0.0
6.75102040816327 0.0
6.75510204081633 0.0
6.75918367346939 0.0
6.76326530612245 0.0
6.76734693877551 0.0
6.77142857142857 0.0
6.77551020408163 0.0
6.77959183673469 0.0
6.78367346938775 0.0
6.78775510204082 0.0
6.79183673469388 0.0
6.79591836734694 0.0
6.8 0.0
6.80408163265306 0.0
6.80816326530612 4.83555
6.81224489795918 0.0
6.81632653061224 3.24106
6.82040816326531 23.5281
6.82448979591837 147.903
6.82857142857143 246.403
6.83265306122449 205.103
6.83673469387755 231.946
6.84081632653061 290.326
6.84489795918367 264.209
6.84897959183674 251.061
6.8530612244898 202.726
6.85714285714286 176.89
6.86122448979592 153.529
6.86530612244898 124.125
6.86938775510204 101.287
6.8734693877551 80.1381
6.87755102040816 61.0069
6.88163265306122 42.0625
6.88571428571429 25.4812
6.88979591836735 11.384
6.89387755102041 1.23629
6.89795918367347 0.0
6.90204081632653 0.0
6.90612244897959 0.0
6.91020408163265 0.0
6.91428571428571 0.0
6.91836734693878 0.0
6.92244897959184 0.0
6.9265306122449 0.0
6.93061224489796 0.0
6.93469387755102 0.0
6.93877551020408 0.0
6.94285714285714 0.0
6.9469387755102 0.0
6.95102040816327 0.0
6.95510204081633 0.0
6.95918367346939 0.0
6.96326530612245 0.0
6.96734693877551 0.0
6.97142857142857 0.0
6.97551020408163 0.0
6.97959183673469 0.0
6.98367346938775 0.0
6.98775510204082 0.0
6.99183673469388 0.0
6.99591836734694 0.0
7.0 0.0
7.00408163265306 0.0
7.00816326530612 0.0
7.01224489795918 0.0
7.01632653061225 0.0
7.02040816326531 0.0
7.02448979591837 0.0
7.02857142857143 0.0
7.03265306122449 0.0
7.03673469387755 0.0
7.04081632653061 0.0
7.04489795918367 0.0
7.04897959183673 0.0
7.0530612244898 0.0
7.05714285714286 0.0
7.06122448979592 0.0
7.06530612244898 0.0
7.06938775510204 0.0
7.0734693877551 0.0
7.07755102040816 0.0
7.08163265306122 0.0
7.08571428571429 0.0
7.08979591836735 0.0
7.09387755102041 0.631094
7.09795918367347 2.87828
7.10204081632653 6.47271
7.10612244897959 3.9596
7.11020408163265 3.2205
7.11428571428571 1.0767
7.11836734693878 0.0
7.12244897959184 0.0
7.1265306122449 0.0
7.13061224489796 0.0
7.13469387755102 0.0
7.13877551020408 0.0
7.14285714285714 0.0
7.1469387755102 0.0
7.15102040816326 0.0
7.15510204081633 0.0
7.15918367346939 0.0
7.16326530612245 0.0
7.16734693877551 0.0
7.17142857142857 0.0
7.17551020408163 0.0
7.17959183673469 0.0
7.18367346938776 0.0
7.18775510204082 2.48027
7.19183673469388 14.1626
7.19591836734694 39.3857
7.2 109.798
7.20408163265306 185.266
7.20816326530612 215.303
7.21224489795918 193.095
7.21632653061225 172.051
7.22040816326531 152.0
7.22448979591837 126.111
7.22857142857143 102.488
7.23265306122449 80.6232
7.23673469387755 60.3465
7.24081632653061 42.5577
7.24489795918367 26.1689
7.24897959183673 11.7397
7.2530612244898 0.0
7.25714285714286 0.0
7.26122448979592 0.0
7.26530612244898 0.0
7.26938775510204 0.0
7.2734693877551 0.0
7.27755102040816 0.0
7.28163265306122 0.0
7.28571428571429 0.0
7.28979591836735 0.0
7.29387755102041 0.0
7.29795918367347 0.0
7.30204081632653 0.0
7.30612244897959 0.0
7.31020408163265 0.0
7.31428571428571 0.40096
7.31836734693878 0.797868
7.32244897959184 1.49232
7.3265306122449 1.74469
7.33061224489796 2.51728
7.33469387755102 0.0
7.33877551020408 0.0
7.34285714285714 0.0
7.3469387755102 0.0
7.35102040816327 0.0
7.35510204081633 0.0
7.35918367346939 0.0
7.36326530612245 0.0
7.36734693877551 0.0
7.37142857142857 0.0
7.37551020408163 0.0
7.37959183673469 0.0
7.38367346938776 0.0
7.38775510204082 0.0
7.39183673469388 0.0
7.39591836734694 0.0
7.4 0.0
7.40408163265306 0.0
7.40816326530612 0.0
7.41224489795918 0.0
7.41632653061224 0.0
7.42040816326531 0.0
7.42448979591837 0.0
7.42857142857143 0.0
7.43265306122449 0.0
7.43673469387755 0.0
7.44081632653061 0.0
7.44489795918367 0.0
7.44897959183673 0.0
7.4530612244898 0.0
7.45714285714286 0.0
7.46122448979592 0.0
7.46530612244898 0.0
7.46938775510204 0.0
7.4734693877551 0.0
7.47755102040816 0.0
7.48163265306122 0.0
7.48571428571429 0.0
7.48979591836735 0.0
7.49387755102041 0.0
7.49795918367347 0.0
7.50204081632653 0.0
7.50612244897959 0.0
7.51020408163265 0.0
7.51428571428571 0.0
7.51836734693878 0.0
7.52244897959184 0.0
7.5265306122449 0.0
7.53061224489796 0.0
7.53469387755102 0.0
7.53877551020408 0.0
7.54285714285714 0.0
7.5469387755102 5.38091
7.55102040816327 2.17956
7.55510204081633 1.00101
7.55918367346939 0.819951
7.56326530612245 12.1152
7.56734693877551 34.6641
7.57142857142857 74.6528
7.57551020408163 159.33
7.57959183673469 137.315
7.58367346938776 211.023
7.58775510204082 246.054
7.59183673469388 186.575
7.59591836734694 202.012
7.6 174.896
7.60408163265306 159.909
7.60816326530612 129.592
7.61224489795918 112.674
7.61632653061224 89.1313
7.62040816326531 67.9809
7.62448979591837 51.831
7.62857142857143 33.7155
7.63265306122449 26.5786
7.63673469387755 19.7324
7.64081632653061 8.44741
7.64489795918367 5.25457
7.64897959183673 0.793338
7.6530612244898 0.0
7.65714285714286 0.0
7.66122448979592 0.0
7.66530612244898 0.0
7.66938775510204 0.0
7.6734693877551 0.0
7.67755102040816 0.0
7.68163265306122 0.0
7.68571428571429 0.0
7.68979591836735 0.932693
7.69387755102041 0.0
7.69795918367347 0.0
7.70204081632653 0.0
7.70612244897959 0.0
7.71020408163265 0.0
7.71428571428571 0.0
7.71836734693878 0.0
7.72244897959184 0.0
7.7265306122449 0.0
7.73061224489796 0.0
7.73469387755102 0.0
7.73877551020408 0.0
7.74285714285714 0.0
7.7469387755102 0.0
7.75102040816327 0.0
7.75510204081633 0.0
7.75918367346939 0.0
7.76326530612245 0.0
7.76734693877551 0.0
7.77142857142857 0.0
7.77551020408163 0.0
7.77959183673469 0.0
7.78367346938775 0.0
7.78775510204082 0.0
7.79183673469388 0.0
7.79591836734694 0.0
7.8 0.0
7.80408163265306 0.0
7.80816326530612 0.0
7.81224489795918 0.0
7.81632653061224 0.0
7.82040816326531 0.0
7.82448979591837 0.0
7.82857142857143 0.0
7.83265306122449 0.0
7.83673469387755 0.0
7.84081632653061 0.0
7.84489795918367 0.0
7.84897959183674 0.0
7.8530612244898 0.0
7.85714285714286 0.0
7.86122448979592 0.0
7.86530612244898 0.763044
7.86938775510204 10.1329
7.8734693877551 24.5889
7.87755102040816 41.5785
7.88163265306122 58.5987
7.88571428571429 74.1693
7.88979591836735 72.4306
7.89387755102041 66.6889
7.89795918367347 58.6899
7.90204081632653 49.6835
7.90612244897959 26.9512
7.91020408163265 14.6163
7.91428571428571 2.61366
7.91836734693878 0.0
7.92244897959184 0.0
7.9265306122449 0.0
7.93061224489796 0.0
7.93469387755102 0.0
7.93877551020408 0.0
7.94285714285714 0.0
7.9469387755102 0.0
7.95102040816327 0.0
7.95510204081633 0.0850558
7.95918367346939 0.463068
7.96326530612245 0.0
7.96734693877551 0.0
7.97142857142857 0.0
7.97551020408163 0.0
7.97959183673469 0.0
7.98367346938775 0.0
7.98775510204082 0.0
7.99183673469388 0.0
7.99591836734694 0.0
8.0 0.0
8.00408163265306 0.0
8.00816326530612 0.0
8.01224489795918 0.0
8.01632653061225 0.0
8.02040816326531 0.0
8.02448979591837 0.0
8.02857142857143 0.0
8.03265306122449 0.0
8.03673469387755 0.0
8.04081632653061 0.0
8.04489795918367 0.0
8.04897959183674 0.0
8.0530612244898 0.0
8.05714285714286 0.0
8.06122448979592 0.0
8.06530612244898 0.0
8.06938775510204 0.0
8.0734693877551 0.0
8.07755102040816 0.0
8.08163265306122 0.0
8.08571428571429 0.0
8.08979591836735 0.0
8.09387755102041 0.0
8.09795918367347 0.0
8.10204081632653 0.0
8.10612244897959 0.0
8.11020408163265 0.0
8.11428571428571 0.0
8.11836734693878 0.0
8.12244897959184 0.0
8.1265306122449 0.0
8.13061224489796 0.0
8.13469387755102 0.0
8.13877551020408 0.0
8.14285714285714 0.0
8.1469387755102 0.0
8.15102040816327 0.0
8.15510204081633 0.0
8.15918367346939 0.0
8.16326530612245 0.0
8.16734693877551 0.0
8.17142857142857 0.0
8.17551020408163 0.0
8.17959183673469 0.0
8.18367346938776 0.0
8.18775510204082 0.0
8.19183673469388 0.0
8.19591836734694 0.0
8.2 0.0
8.20408163265306 0.0
8.20816326530612 0.0
8.21224489795918 0.0
8.21632653061224 0.0
8.22040816326531 0.0
8.22448979591837 0.0
8.22857142857143 1.83386
8.23265306122449 0.0
8.23673469387755 0.0
8.24081632653061 0.0
8.24489795918367 0.0
8.24897959183673 0.0
8.2530612244898 0.0
8.25714285714286 0.957251
8.26122448979592 0.0
8.26530612244898 0.0
8.26938775510204 0.0
8.2734693877551 0.0
8.27755102040816 0.0
8.28163265306122 1.31792
8.28571428571429 0.0
8.28979591836735 0.0
8.29387755102041 0.0
8.29795918367347 3.19833
8.30204081632653 1.32608
8.30612244897959 7.55323
8.31020408163265 19.1834
8.31428571428571 4.52703
8.31836734693877 3.5271
8.32244897959184 6.67721
8.3265306122449 17.5827
8.33061224489796 16.3187
8.33469387755102 24.7421
8.33877551020408 45.3489
8.34285714285714 45.0607
8.3469387755102 91.4554
8.35102040816327 114.687
8.35510204081633 144.455
8.35918367346939 162.631
8.36326530612245 154.363
8.36734693877551 126.791
8.37142857142857 102.242
8.37551020408163 72.2039
8.37959183673469 53.5556
8.38367346938776 30.0933
8.38775510204082 7.11143
8.39183673469388 0.0
8.39591836734694 0.0
8.4 0.0
8.40408163265306 0.0
8.40816326530612 0.0
8.41224489795918 0.0
8.41632653061225 0.0
8.42040816326531 0.0
8.42448979591837 0.0
8.42857142857143 0.0
8.43265306122449 0.0
8.43673469387755 0.0
8.44081632653061 0.0
8.44489795918367 0.0
8.44897959183673 0.0
8.4530612244898 0.0
8.45714285714286 0.0
8.46122448979592 0.0
8.46530612244898 0.0
8.46938775510204 0.0
8.4734693877551 0.0
8.47755102040816 0.0
8.48163265306122 0.0
8.48571428571429 0.0
8.48979591836735 0.0
8.49387755102041 0.0
8.49795918367347 0.0
8.50204081632653 0.0
8.50612244897959 0.0
8.51020408163265 0.0
8.51428571428571 0.0
8.51836734693878 0.0
8.52244897959184 0.0
8.5265306122449 0.0
8.53061224489796 0.0
8.53469387755102 0.0
8.53877551020408 0.0
8.54285714285714 0.0
8.5469387755102 0.0
8.55102040816327 0.0
8.55510204081633 0.0
8.55918367346939 0.0
8.56326530612245 0.0
8.56734693877551 0.0
8.57142857142857 9.24629
8.57551020408163 23.6371
8.57959183673469 17.5226
8.58367346938775 20.3552
8.58775510204082 8.42002
8.59183673469388 18.1791
8.59591836734694 31.4477
8.6 59.0229
8.60408163265306 102.168
8.60816326530612 81.9763
8.61224489795918 126.456
8.61632653061224 137.543
8.62040816326531 162.135
8.62448979591837 176.084
8.62857142857143 167.307
8.63265306122449 143.979
8.63673469387755 121.887
8.64081632653061 107.864
8.64489795918367 90.5171
8.64897959183673 70.5706
8.6530612244898 52.07
8.65714285714286 36.6149
8.66122448979592 19.0656
8.66530612244898 5.9132
8.66938775510204 0.0
8.6734693877551 0.0
8.67755102040816 0.0
8.68163265306123 0.0
8.68571428571429 0.0
8.68979591836735 0.0
8.69387755102041 0.0
8.69795918367347 0.0
8.70204081632653 0.0
8.70612244897959 0.0
8.71020408163265 0.0
8.71428571428571 0.0
8.71836734693878 0.0
8.72244897959184 0.0
8.7265306122449 0.0
8.73061224489796 0.0
8.73469387755102 0.0
8.73877551020408 0.0
8.74285714285714 0.0
8.7469387755102 0.0
8.75102040816327 0.0
8.75510204081633 0.0
8.75918367346939 0.0
8.76326530612245 0.0
8.76734693877551 0.0
8.77142857142857 0.0
8.77551020408163 0.0
8.77959183673469 0.0
8.78367346938776 0.0
8.78775510204082 0.0
8.79183673469388 0.0
8.79591836734694 0.0
8.8 0.0
8.80408163265306 0.0
8.80816326530612 0.0
8.81224489795918 0.0
8.81632653061224 0.0
8.82040816326531 0.0
8.82448979591837 2.70534
8.82857142857143 12.6841
8.83265306122449 23.3849
8.83673469387755 33.7866
8.84081632653061 35.4787
8.84489795918367 42.0855
8.84897959183673 42.877
8.8530612244898 45.3781
8.85714285714286 116.785
8.86122448979592 342.259
8.86530612244898 294.603
8.86938775510204 373.572
8.8734693877551 336.246
8.87755102040816 300.018
8.88163265306122 285.993
8.88571428571429 244.79
8.88979591836735 208.047
8.89387755102041 173.863
8.89795918367347 138.459
8.90204081632653 110.175
8.90612244897959 85.9725
8.91020408163265 65.1079
8.91428571428571 41.0587
8.91836734693878 21.6539
8.92244897959184 7.52492
8.9265306122449 0.0
8.93061224489796 0.0
8.93469387755102 0.0
8.93877551020408 0.0
8.94285714285714 0.0
8.9469387755102 0.0
8.95102040816326 0.0
8.95510204081633 0.0
8.95918367346939 0.0
8.96326530612245 0.0
8.96734693877551 0.0
8.97142857142857 0.0
8.97551020408163 0.0
8.97959183673469 0.0
8.98367346938775 0.0
8.98775510204082 0.0
8.99183673469388 0.0
8.99591836734694 0.0
9.0 0.0
9.00408163265306 0.0
9.00816326530612 0.0
9.01224489795918 0.0
9.01632653061225 0.0
9.02040816326531 0.56839
9.02448979591837 0.0
9.02857142857143 0.0
9.03265306122449 0.0
9.03673469387755 0.130951
9.04081632653061 0.0
9.04489795918367 0.0
9.04897959183674 0.0
9.0530612244898 0.0
9.05714285714286 0.0
9.06122448979592 0.0
9.06530612244898 0.0
9.06938775510204 0.0
9.0734693877551 0.0
9.07755102040816 0.0
9.08163265306122 0.0
9.08571428571429 0.0
9.08979591836735 0.0
9.09387755102041 0.0
9.09795918367347 0.0
9.10204081632653 0.0
9.10612244897959 0.0
9.11020408163265 0.0
9.11428571428571 0.0
9.11836734693878 0.0
9.12244897959184 0.0
9.1265306122449 0.0
9.13061224489796 0.0
9.13469387755102 0.0
9.13877551020408 0.0
9.14285714285714 0.0
9.1469387755102 0.0
9.15102040816327 0.0
9.15510204081633 0.0
9.15918367346939 0.0
9.16326530612245 0.0
9.16734693877551 0.0
9.17142857142857 0.0
9.17551020408163 0.0
9.17959183673469 0.0
9.18367346938776 0.0
9.18775510204082 0.0
9.19183673469388 0.0
9.19591836734694 0.0
9.2 0.0
9.20408163265306 0.0
9.20816326530612 0.0
9.21224489795918 0.0
9.21632653061224 0.0
9.22040816326531 7.04741
9.22448979591837 13.9475
9.22857142857143 170.22
9.23265306122449 203.334
9.23673469387755 269.452
9.24081632653061 260.122
9.24489795918367 241.249
9.24897959183673 211.072
9.2530612244898 177.717
9.25714285714286 147.804
9.26122448979592 117.48
9.26530612244898 87.9869
9.26938775510204 61.8222
9.2734693877551 39.9777
9.27755102040816 18.1206
9.28163265306122 0.612244
9.28571428571429 0.0
9.28979591836735 0.0
9.29387755102041 0.0
9.29795918367347 0.0
9.30204081632653 0.0
9.30612244897959 0.0
9.31020408163265 0.0
9.31428571428571 0.0
9.31836734693877 0.0
9.32244897959184 0.0
9.3265306122449 0.0
9.33061224489796 0.0
9.33469387755102 0.0
9.33877551020408 0.0
9.34285714285714 0.0
9.3469387755102 0.0
9.35102040816327 0.0
9.35510204081633 0.0
9.35918367346939 0.0
9.36326530612245 0.0
9.36734693877551 0.0
9.37142857142857 0.0
9.37551020408163 9.6145
9.37959183673469 0.0
9.38367346938776 36.7004
9.38775510204082 25.142
9.39183673469388 89.5249
9.39591836734694 100.659
9.4 99.1117
9.40408163265306 87.6537
9.40816326530612 71.8682
9.41224489795918 50.8762
9.41632653061225 30.1338
9.42040816326531 12.0017
9.42448979591837 0.0
9.42857142857143 0.0
9.43265306122449 0.0
9.43673469387755 0.0
9.44081632653061 0.0
9.44489795918367 0.0
9.44897959183673 0.0
9.4530612244898 0.0
9.45714285714286 0.0
9.46122448979592 0.0
9.46530612244898 0.0
9.46938775510204 0.0
9.4734693877551 0.0
9.47755102040816 0.0
9.48163265306122 0.0
9.48571428571429 0.0
9.48979591836735 0.0
9.49387755102041 0.0
9.49795918367347 0.0
9.50204081632653 0.0
9.50612244897959 0.0
9.51020408163265 0.0
9.51428571428571 0.0
9.51836734693878 0.0
9.52244897959184 0.0
9.5265306122449 0.0
9.53061224489796 0.0
9.53469387755102 0.0
9.53877551020408 0.0
9.54285714285714 0.0
9.5469387755102 0.0
9.55102040816327 0.0
9.55510204081633 0.0
9.55918367346939 0.0
9.56326530612245 0.0
9.56734693877551 0.0
9.57142857142857 0.0
9.57551020408163 0.0
9.57959183673469 0.0
9.58367346938775 0.0
9.58775510204082 0.0
9.59183673469388 0.0
9.59591836734694 0.0
9.6 0.0
9.60408163265306 0.0
9.60816326530612 0.0
9.61224489795918 0.0
9.61632653061224 1.3001
9.62040816326531 11.4293
9.62448979591837 38.5049
9.62857142857143 111.068
9.63265306122449 72.1922
9.63673469387755 189.178
9.64081632653061 192.459
9.64489795918367 222.467
9.64897959183673 207.815
9.6530612244898 196.322
9.65714285714286 171.16
9.66122448979592 141.924
9.66530612244898 122.495
9.66938775510204 100.054
9.6734693877551 79.2742
9.67755102040816 58.6398
9.68163265306123 38.7905
9.68571428571429 22.9326
9.68979591836735 7.1907
9.69387755102041 2.97022
9.69795918367347 0.0
9.70204081632653 0.0
9.70612244897959 0.0
9.71020408163265 0.0
9.71428571428571 0.0
9.71836734693878 0.0
9.72244897959184 0.0
9.7265306122449 0.0
9.73061224489796 0.0
9.73469387755102 0.0
9.73877551020408 0.0
9.74285714285714 0.0
9.7469387755102 0.0
9.75102040816327 0.0
9.75510204081633 0.0
9.75918367346939 0.0
9.76326530612245 0.0
9.76734693877551 0.0
9.77142857142857 0.0
9.77551020408163 0.0
9.77959183673469 0.0
9.78367346938776 0.0
9.78775510204082 0.593424
9.79183673469388 0.0
9.79591836734694 0.0
9.8 0.0
9.80408163265306 0.0
9.80816326530612 0.0
9.81224489795918 0.0
9.81632653061224 0.0
9.82040816326531 0.0
9.82448979591837 0.0
9.82857142857143 0.0
9.83265306122449 0.0
9.83673469387755 0.0
9.84081632653061 0.0
9.84489795918367 0.0
9.84897959183673 0.0
9.8530612244898 0.0
9.85714285714286 0.0
9.86122448979592 0.0
9.86530612244898 0.0
9.86938775510204 0.0
9.8734693877551 0.0
9.87755102040816 0.0
9.88163265306122 0.0
9.88571428571429 0.0
9.88979591836735 0.0
9.89387755102041 9.33747
9.89795918367347 21.8344
9.90204081632653 3.44744
9.90612244897959 3.38666
9.91020408163265 27.0753
9.91428571428571 14.1574
9.91836734693878 12.2547
9.92244897959184 4.73598
9.9265306122449 10.5315
9.93061224489796 14.4577
9.93469387755102 38.3091
9.93877551020408 47.5683
9.94285714285714 52.5457
9.9469387755102 53.6716
9.95102040816326 52.4037
9.95510204081633 50.0745
9.95918367346939 38.6541
9.96326530612245 30.2396
9.96734693877551 22.161
9.97142857142857 13.131
9.97551020408163 4.6474
9.97959183673469 0.0
9.98367346938775 0.0
9.98775510204082 0.0
9.99183673469388 0.0
9.99591836734694 0.0
10.0 0.0
10.0040816326531 0.0
10.0081632653061 0.0
10.0122448979592 0.0
10.0163265306122 0.0
10.0204081632653 0.0
10.0244897959184 0.0
10.0285714285714 0.0
10.0326530612245 0.0
10.0367346938776 0.0
10.0408163265306 0.0
10.0448979591837 0.0
10.0489795918367 0.0
10.0530612244898 0.0
10.0571428571429 0.0
10.0612244897959 0.0
10.065306122449 0.0
10.069387755102 0.0
10.0734693877551 0.0
10.0775510204082 0.0
10.0816326530612 0.0
10.0857142857143 0.0
10.0897959183673 0.0
10.0938775510204 0.0
10.0979591836735 0.0
10.1020408163265 0.0
10.1061224489796 0.0
10.1102040816327 0.0
10.1142857142857 0.0
10.1183673469388 0.0
10.1224489795918 0.0
10.1265306122449 0.0
10.130612244898 0.0
10.134693877551 0.0
10.1387755102041 0.0
10.1428571428571 0.0
10.1469387755102 0.0
10.1510204081633 0.0
10.1551020408163 0.0
10.1591836734694 0.0
10.1632653061224 0.0
10.1673469387755 0.0
10.1714285714286 0.0
10.1755102040816 0.0
10.1795918367347 0.908375
10.1836734693878 0.0
10.1877551020408 1.94514
10.1918367346939 0.0
10.1959183673469 0.0
10.2 0.0
10.2040816326531 0.0
10.2081632653061 0.0
10.2122448979592 0.0
10.2163265306122 0.0
10.2204081632653 0.0
10.2244897959184 0.0
10.2285714285714 0.0
10.2326530612245 0.0
10.2367346938776 0.0
10.2408163265306 0.0
10.2448979591837 0.0
10.2489795918367 0.0
10.2530612244898 0.0
10.2571428571429 0.0
10.2612244897959 0.0
10.265306122449 0.0
10.269387755102 0.311017
10.2734693877551 0.0
10.2775510204082 0.0
10.2816326530612 0.0
10.2857142857143 0.0
10.2897959183673 0.0
10.2938775510204 0.0
10.2979591836735 0.0
10.3020408163265 0.0
10.3061224489796 0.0
10.3102040816327 0.0
10.3142857142857 0.0
10.3183673469388 0.0
10.3224489795918 0.0
10.3265306122449 0.0
10.330612244898 0.0
10.334693877551 0.0
10.3387755102041 0.0
10.3428571428571 0.0
10.3469387755102 0.0
10.3510204081633 1.54066
10.3551020408163 0.0
10.3591836734694 0.0
10.3632653061224 0.0
10.3673469387755 0.0
10.3714285714286 1.03021
10.3755102040816 0.0
10.3795918367347 0.0
10.3836734693878 0.858903
10.3877551020408 0.0
10.3918367346939 0.411764
10.3959183673469 0.0
10.4 0.875562
10.4040816326531 6.697
10.4081632653061 35.6445
10.4122448979592 69.6533
10.4163265306122 85.4151
10.4204081632653 131.156
10.4244897959184 146.577
10.4285714285714 144.482
10.4326530612245 126.148
10.4367346938776 108.802
10.4408163265306 90.3987
10.4448979591837 74.396
10.4489795918367 47.0443
10.4530612244898 20.5545
10.4571428571429 0.0
10.4612244897959 0.0
10.465306122449 0.0
10.469387755102 0.0
10.4734693877551 0.0
10.4775510204082 0.0
10.4816326530612 0.0
10.4857142857143 0.0
10.4897959183673 0.0
10.4938775510204 0.0
10.4979591836735 0.0
10.5020408163265 0.0
10.5061224489796 0.0
10.5102040816327 0.0
10.5142857142857 0.0
10.5183673469388 0.0
10.5224489795918 0.0
10.5265306122449 0.0
10.530612244898 0.0
10.534693877551 0.0
10.5387755102041 0.0
10.5428571428571 0.0
10.5469387755102 0.0
10.5510204081633 0.0
10.5551020408163 0.0
10.5591836734694 0.0
10.5632653061224 0.0
10.5673469387755 0.0
10.5714285714286 0.0
10.5755102040816 0.0
10.5795918367347 0.0
10.5836734693878 0.0
10.5877551020408 0.0
10.5918367346939 0.0
10.5959183673469 0.0
10.6 0.0
10.6040816326531 0.0
10.6081632653061 0.0
10.6122448979592 0.0
10.6163265306122 0.0
10.6204081632653 0.0
10.6244897959184 0.0
10.6285714285714 0.0
10.6326530612245 2.79945
10.6367346938776 4.76688
10.6408163265306 6.4553
10.6448979591837 0.457585
10.6489795918367 0.0
10.6530612244898 0.0
10.6571428571429 0.0
10.6612244897959 0.0
10.665306122449 0.300169
10.669387755102 0.0
10.6734693877551 9.70379
10.6775510204082 14.1327
10.6816326530612 34.1791
10.6857142857143 41.1544
10.6897959183673 53.4382
10.6938775510204 114.047
10.6979591836735 103.047
10.7020408163265 111.608
10.7061224489796 114.713
10.7102040816327 108.91
10.7142857142857 96.7107
10.7183673469388 80.7611
10.7224489795918 65.9691
10.7265306122449 50.4317
10.730612244898 27.2676
10.734693877551 17.7275
10.7387755102041 8.34633
10.7428571428571 1.86455
10.7469387755102 0.0
10.7510204081633 0.0
10.7551020408163 0.0
10.7591836734694 0.0
10.7632653061224 0.0
10.7673469387755 0.0
10.7714285714286 0.0
10.7755102040816 0.0
10.7795918367347 0.0
10.7836734693878 0.0
10.7877551020408 0.0
10.7918367346939 0.0
10.7959183673469 0.0
10.8 0.0
10.8040816326531 0.0
10.8081632653061 0.0
10.8122448979592 0.0
10.8163265306122 0.0
10.8204081632653 0.0
10.8244897959184 0.0
10.8285714285714 0.0
10.8326530612245 0.0
10.8367346938776 0.0
10.8408163265306 0.0
10.8448979591837 0.161856
10.8489795918367 0.754645
10.8530612244898 0.0
10.8571428571429 0.724077
10.8612244897959 1.72645
10.865306122449 11.4056
10.869387755102 28.4832
10.8734693877551 38.6252
10.8775510204082 79.9813
10.8816326530612 75.8688
10.8857142857143 79.263
10.8897959183673 74.0334
10.8938775510204 70.6146
10.8979591836735 53.8345
10.9020408163265 36.9561
10.9061224489796 23.4638
10.9102040816327 16.1602
10.9142857142857 9.85861
10.9183673469388 5.63055
10.9224489795918 0.0
10.9265306122449 0.0
10.930612244898 0.0
10.934693877551 2.18612
10.9387755102041 38.8871
10.9428571428571 62.7477
10.9469387755102 93.1385
10.9510204081633 113.588
10.9551020408163 120.923
10.9591836734694 102.12
10.9632653061224 97.7569
10.9673469387755 79.3844
10.9714285714286 65.4902
10.9755102040816 48.1966
10.9795918367347 25.1384
10.9836734693878 8.93182
10.9877551020408 4.9696
10.9918367346939 0.0
10.9959183673469 0.0
11.0 0.0
11.0040816326531 0.0
11.0081632653061 0.0
11.0122448979592 0.0
11.0163265306122 0.0
11.0204081632653 0.0
11.0244897959184 8.40604
11.0285714285714 0.0783056
11.0326530612245 0.964761
11.0367346938776 17.3356
11.0408163265306 7.92564
11.0448979591837 9.61816
11.0489795918367 0.0
11.0530612244898 0.0
11.0571428571429 0.0
11.0612244897959 0.0
11.065306122449 0.0
11.069387755102 0.0
11.0734693877551 0.0
11.0775510204082 0.0
11.0816326530612 0.0
11.0857142857143 0.0
11.0897959183673 0.0
11.0938775510204 0.0
11.0979591836735 0.0
11.1020408163265 0.0
11.1061224489796 0.0
11.1102040816327 0.0
11.1142857142857 0.0
11.1183673469388 0.0
11.1224489795918 0.0
11.1265306122449 0.0
11.130612244898 0.0
11.134693877551 0.0
11.1387755102041 0.0
11.1428571428571 0.0
11.1469387755102 0.0
11.1510204081633 0.0
11.1551020408163 0.0
11.1591836734694 0.0
11.1632653061224 0.0
11.1673469387755 0.0
11.1714285714286 0.0
11.1755102040816 0.0
11.1795918367347 0.0
11.1836734693878 0.0
11.1877551020408 0.0
11.1918367346939 0.0
11.1959183673469 0.0
11.2 0.0
11.2040816326531 0.0
11.2081632653061 0.205636
11.2122448979592 0.886559
11.2163265306122 4.83395
11.2204081632653 4.96924
11.2244897959184 7.21574
11.2285714285714 9.37185
11.2326530612245 11.2714
11.2367346938776 10.4354
11.2408163265306 8.39275
11.2448979591837 3.94839
11.2489795918367 0.0
11.2530612244898 0.0
11.2571428571429 0.0
11.2612244897959 0.0
11.265306122449 0.0
11.269387755102 0.0
11.2734693877551 0.0
11.2775510204082 0.0
11.2816326530612 0.0
11.2857142857143 0.0
11.2897959183673 0.0
11.2938775510204 0.0
11.2979591836735 16.2155
11.3020408163265 48.9508
11.3061224489796 151.59
11.3102040816327 204.383
11.3142857142857 237.55
11.3183673469388 229.766
11.3224489795918 196.827
11.3265306122449 166.714
11.330612244898 137.365
11.334693877551 110.702
11.3387755102041 87.5916
11.3428571428571 68.5372
11.3469387755102 50.4281
11.3510204081633 34.081
11.3551020408163 18.7326
11.3591836734694 5.79907
11.3632653061224 0.0
11.3673469387755 0.0
11.3714285714286 0.0
11.3755102040816 0.0
11.3795918367347 0.0
11.3836734693878 0.0
11.3877551020408 0.0
11.3918367346939 0.0
11.3959183673469 0.0
11.4 0.0
11.4040816326531 0.0
11.4081632653061 0.0
11.4122448979592 0.0
11.4163265306122 0.0
11.4204081632653 0.0
11.4244897959184 0.0
11.4285714285714 2.26879
11.4326530612245 18.9023
11.4367346938776 25.029
11.4408163265306 22.3191
11.4448979591837 23.726
11.4489795918367 23.8807
11.4530612244898 22.2953
11.4571428571429 25.8683
11.4612244897959 31.8686
11.465306122449 29.1672
11.469387755102 18.275
11.4734693877551 1.54501
11.4775510204082 0.0
11.4816326530612 0.0
11.4857142857143 0.0
11.4897959183673 0.0
11.4938775510204 0.0
11.4979591836735 0.0
11.5020408163265 0.0
11.5061224489796 0.0
11.5102040816327 0.0
11.5142857142857 0.0
11.5183673469388 0.0
11.5224489795918 0.0
11.5265306122449 0.0
11.530612244898 0.0
11.534693877551 0.0
11.5387755102041 0.0
11.5428571428571 0.0
11.5469387755102 0.0
11.5510204081633 0.0
11.5551020408163 0.0
11.5591836734694 0.0
11.5632653061224 0.0
11.5673469387755 0.0
11.5714285714286 0.0
11.5755102040816 0.0
11.5795918367347 0.0
11.5836734693878 0.0
11.5877551020408 3.55792
11.5918367346939 14.3142
11.5959183673469 16.1226
11.6 18.3103
11.6040816326531 0.0
11.6081632653061 0.0
11.6122448979592 0.0
11.6163265306122 0.0
11.6204081632653 0.0
11.6244897959184 0.0
11.6285714285714 0.0
11.6326530612245 0.0
11.6367346938776 0.0
11.6408163265306 0.0
11.6448979591837 0.0
11.6489795918367 0.0
11.6530612244898 0.0
11.6571428571429 0.0
11.6612244897959 0.0
11.665306122449 0.0
11.669387755102 3.32604
11.6734693877551 71.0941
11.6775510204082 105.587
11.6816326530612 122.898
11.6857142857143 180.831
11.6897959183673 253.578
11.6938775510204 243.121
11.6979591836735 204.571
11.7020408163265 197.322
11.7061224489796 174.718
11.7102040816327 145.718
11.7142857142857 120.62
11.7183673469388 97.8979
11.7224489795918 73.3608
11.7265306122449 51.9175
11.730612244898 36.9815
11.734693877551 23.4991
11.7387755102041 12.6031
11.7428571428571 2.0717
11.7469387755102 0.0
11.7510204081633 0.0
11.7551020408163 0.0
11.7591836734694 0.0
11.7632653061224 0.0
11.7673469387755 0.0
11.7714285714286 0.0
11.7755102040816 0.0
11.7795918367347 0.0
11.7836734693878 0.0
11.7877551020408 0.0
11.7918367346939 0.0
11.7959183673469 0.0
11.8 0.0
11.8040816326531 0.0
11.8081632653061 0.0
11.8122448979592 0.0
11.8163265306122 0.0
11.8204081632653 0.0
11.8244897959184 0.0
11.8285714285714 0.0
11.8326530612245 0.0
11.8367346938776 0.0
11.8408163265306 0.0
11.8448979591837 0.0
11.8489795918367 0.0
11.8530612244898 0.0
11.8571428571429 0.0
11.8612244897959 0.0
11.865306122449 0.0
11.869387755102 0.0
11.8734693877551 0.0
11.8775510204082 0.0
11.8816326530612 0.0
11.8857142857143 0.0
11.8897959183673 0.0
11.8938775510204 0.0
11.8979591836735 0.0
11.9020408163265 0.0
11.9061224489796 0.0
11.9102040816327 0.0
11.9142857142857 0.0
11.9183673469388 0.0
11.9224489795918 0.0
11.9265306122449 0.0
11.930612244898 0.0
11.934693877551 0.0
11.9387755102041 0.0
11.9428571428571 0.0
11.9469387755102 0.0
11.9510204081633 0.0
11.9551020408163 0.0
11.9591836734694 0.0
11.9632653061224 0.0
11.9673469387755 0.0
11.9714285714286 0.0
11.9755102040816 4.34443
11.9795918367347 0.0
11.9836734693878 0.0
11.9877551020408 7.16719
11.9918367346939 7.85266
11.9959183673469 10.058
12.0 22.2222
12.0040816326531 38.2574
12.0081632653061 36.7225
12.0122448979592 39.8164
12.0163265306122 37.8042
12.0204081632653 26.3086
12.0244897959184 26.398
12.0285714285714 8.09371
12.0326530612245 4.49556
12.0367346938776 2.57319
12.0408163265306 1.28722
12.0448979591837 1.92124
12.0489795918367 1.53388
12.0530612244898 0.0
12.0571428571429 0.0
12.0612244897959 0.0
12.065306122449 0.0
12.069387755102 0.0
12.0734693877551 0.0
12.0775510204082 0.0
12.0816326530612 0.0
12.0857142857143 0.0
12.0897959183673 0.0
12.0938775510204 0.0
12.0979591836735 0.0
12.1020408163265 0.0
12.1061224489796 0.0
12.1102040816327 0.0
12.1142857142857 0.0
12.1183673469388 0.0
12.1224489795918 0.0
12.1265306122449 0.0
12.130612244898 0.0
12.134693877551 0.0
12.1387755102041 0.0
12.1428571428571 0.0
12.1469387755102 0.0
12.1510204081633 0.0
12.1551020408163 0.0
12.1591836734694 0.0
12.1632653061224 0.0
12.1673469387755 0.0
12.1714285714286 0.0
12.1755102040816 0.0
12.1795918367347 0.0
12.1836734693878 0.0
12.1877551020408 0.0
12.1918367346939 2.03604
12.1959183673469 0.0
12.2 0.0
12.2040816326531 1.04779
12.2081632653061 0.0
12.2122448979592 0.0
12.2163265306122 0.0
12.2204081632653 0.0
12.2244897959184 0.0
12.2285714285714 0.0
12.2326530612245 0.0
12.2367346938776 0.0
12.2408163265306 0.0
12.2448979591837 0.0
12.2489795918367 0.0
12.2530612244898 0.0
12.2571428571429 0.0
12.2612244897959 0.0
12.265306122449 0.0
12.269387755102 0.0
12.2734693877551 0.0
12.2775510204082 0.0
12.2816326530612 0.0
12.2857142857143 0.0
12.2897959183673 0.0
12.2938775510204 0.0
12.2979591836735 0.0
12.3020408163265 0.0
12.3061224489796 0.497162
12.3102040816327 0.0
12.3142857142857 1.65886
12.3183673469388 0.0
12.3224489795918 0.0
12.3265306122449 4.54891
12.330612244898 0.0
12.334693877551 0.0
12.3387755102041 4.04346
12.3428571428571 0.0
12.3469387755102 0.953913
12.3510204081633 0.0
12.3551020408163 1.11538
12.3591836734694 0.0
12.3632653061224 1.30343
12.3673469387755 0.0
12.3714285714286 2.5658
12.3755102040816 2.05809
12.3795918367347 0.0
12.3836734693878 0.107884
12.3877551020408 9.86448
12.3918367346939 0.0
12.3959183673469 2.40588
12.4 0.718296
12.4040816326531 0.578105
12.4081632653061 0.0
12.4122448979592 0.0
12.4163265306122 0.0
12.4204081632653 0.0
12.4244897959184 0.0
12.4285714285714 0.0
12.4326530612245 0.0
12.4367346938776 0.0
12.4408163265306 0.0
12.4448979591837 0.0
12.4489795918367 0.0
12.4530612244898 0.0
12.4571428571429 0.0
12.4612244897959 0.0
12.465306122449 0.0
12.469387755102 0.0
12.4734693877551 14.4349
12.4775510204082 92.0008
12.4816326530612 1.41877
12.4857142857143 169.957
12.4897959183673 283.486
12.4938775510204 250.876
12.4979591836735 186.101
12.5020408163265 196.051
12.5061224489796 161.557
12.5102040816327 132.29
12.5142857142857 105.328
12.5183673469388 78.2863
12.5224489795918 57.7432
12.5265306122449 33.7992
12.530612244898 10.9272
12.534693877551 0.0
12.5387755102041 0.0
12.5428571428571 0.0
12.5469387755102 0.0
12.5510204081633 0.0
12.5551020408163 0.0
12.5591836734694 0.0
12.5632653061224 0.0
12.5673469387755 0.0
12.5714285714286 0.0
12.5755102040816 0.0
12.5795918367347 0.0
12.5836734693878 0.748277
12.5877551020408 0.0
12.5918367346939 0.0
12.5959183673469 0.0
12.6 0.0
12.6040816326531 0.0
12.6081632653061 0.0
12.6122448979592 0.0
12.6163265306122 0.0
12.6204081632653 0.0
12.6244897959184 0.0
12.6285714285714 0.0
12.6326530612245 0.0
12.6367346938776 0.0
12.6408163265306 0.0
12.6448979591837 0.0
12.6489795918367 0.0
12.6530612244898 0.0
12.6571428571429 0.0
12.6612244897959 0.0
12.665306122449 0.0
12.669387755102 0.0
12.6734693877551 0.0
12.6775510204082 0.0
12.6816326530612 0.0
12.6857142857143 0.0
12.6897959183673 0.0
12.6938775510204 0.0
12.6979591836735 23.7963
12.7020408163265 51.0335
12.7061224489796 156.848
12.7102040816327 177.117
12.7142857142857 234.906
12.7183673469388 221.474
12.7224489795918 189.223
12.7265306122449 154.874
12.730612244898 125.218
12.734693877551 95.3243
12.7387755102041 67.7753
12.7428571428571 40.8129
12.7469387755102 25.0728
12.7510204081633 8.81863
12.7551020408163 7.05054
12.7591836734694 1.07631
12.7632653061224 0.0
12.7673469387755 0.0
12.7714285714286 5.56004
12.7755102040816 14.0772
12.7795918367347 22.7035
12.7836734693878 52.5523
12.7877551020408 44.1249
12.7918367346939 8.33971
12.7959183673469 18.8651
12.8 28.8189
12.8040816326531 23.2882
12.8081632653061 17.6717
12.8122448979592 7.64242
12.8163265306122 5.03379
12.8204081632653 1.3451
12.8244897959184 0.0
12.8285714285714 0.0
12.8326530612245 0.0
12.8367346938776 0.0
12.8408163265306 0.0
12.8448979591837 0.314757
12.8489795918367 0.0
12.8530612244898 0.0
12.8571428571429 0.0
12.8612244897959 0.0
12.865306122449 0.0
12.869387755102 0.0
12.8734693877551 0.916138
12.8775510204082 0.0
12.8816326530612 0.0
12.8857142857143 0.0
12.8897959183673 0.0
12.8938775510204 0.0
12.8979591836735 0.0
12.9020408163265 0.2653
12.9061224489796 0.0
12.9102040816327 0.0
12.9142857142857 0.0
12.9183673469388 0.0
12.9224489795918 0.0
12.9265306122449 0.0
12.930612244898 0.0
12.934693877551 0.0
12.9387755102041 0.0
12.9428571428571 0.0
12.9469387755102 0.0
12.9510204081633 0.0
12.9551020408163 0.0
12.9591836734694 0.0
12.9632653061224 0.0
12.9673469387755 0.0
12.9714285714286 0.0
12.9755102040816 0.0
12.9795918367347 0.0
12.9836734693878 0.0
12.9877551020408 0.0
12.9918367346939 1.96218
12.9959183673469 35.0212
13.0 59.5753
13.0040816326531 149.872
13.0081632653061 206.853
13.0122448979592 226.582
13.0163265306122 227.003
13.0204081632653 210.262
13.0244897959184 184.653
13.0285714285714 156.129
13.0326530612245 127.69
13.0367346938776 106.517
13.0408163265306 85.2478
13.0448979591837 63.6371
13.0489795918367 42.8861
13.0530612244898 24.2761
13.0571428571429 9.21917
13.0612244897959 0.880599
13.065306122449 0.0
13.069387755102 0.0
13.0734693877551 0.0
13.0775510204082 0.0
13.0816326530612 0.0
13.0857142857143 0.0
13.0897959183673 0.0
13.0938775510204 0.0
13.0979591836735 0.0
13.1020408163265 0.0
13.1061224489796 0.0
13.1102040816327 0.0
13.1142857142857 0.0
13.1183673469388 0.0
13.1224489795918 0.0
13.1265306122449 0.0
13.130612244898 0.0
13.134693877551 0.0
13.1387755102041 0.0
13.1428571428571 0.0
13.1469387755102 0.0
13.1510204081633 0.0
13.1551020408163 0.0
13.1591836734694 0.0
13.1632653061224 0.0
13.1673469387755 0.0
13.1714285714286 0.0
13.1755102040816 0.0
13.1795918367347 0.0
13.1836734693878 0.0
13.1877551020408 0.0
13.1918367346939 0.0
13.1959183673469 0.0
13.2 0.0
13.2040816326531 0.0
13.2081632653061 0.0
13.2122448979592 0.0
13.2163265306122 0.0
13.2204081632653 0.0
13.2244897959184 0.0
13.2285714285714 0.0
13.2326530612245 0.0
13.2367346938776 0.0
13.2408163265306 0.0
13.2448979591837 0.0
13.2489795918367 0.0
13.2530612244898 0.0
13.2571428571429 0.0
13.2612244897959 0.0
13.265306122449 0.0
13.269387755102 0.0
13.2734693877551 0.0
13.2775510204082 0.0
13.2816326530612 3.44229
13.2857142857143 2.76941
13.2897959183673 2.49833
13.2938775510204 0.703335
13.2979591836735 0.0752211
13.3020408163265 0.784755
13.3061224489796 2.17748
13.3102040816327 1.08659
13.3142857142857 0.0
13.3183673469388 0.0
13.3224489795918 0.0
13.3265306122449 0.0
13.330612244898 0.0
13.334693877551 0.0
13.3387755102041 0.0
13.3428571428571 0.0
13.3469387755102 0.0
13.3510204081633 0.0
13.3551020408163 0.0
13.3591836734694 0.0
13.3632653061224 0.0
13.3673469387755 0.0
13.3714285714286 0.0
13.3755102040816 0.0
13.3795918367347 0.0
13.3836734693878 0.0
13.3877551020408 4.16815
13.3918367346939 59.0512
13.3959183673469 105.985
13.4 161.571
13.4040816326531 252.333
13.4081632653061 260.301
13.4122448979592 222.42
13.4163265306122 191.104
13.4204081632653 164.382
13.4244897959184 139.566
13.4285714285714 116.599
13.4326530612245 91.5052
13.4367346938776 67.5031
13.4408163265306 47.3784
13.4448979591837 30.8055
13.4489795918367 15.6505
13.4530612244898 4.41885
13.4571428571429 0.0
13.4612244897959 0.0
13.465306122449 0.0
13.469387755102 0.0
13.4734693877551 0.0
13.4775510204082 0.0
13.4816326530612 0.0
13.4857142857143 0.0
13.4897959183673 0.0
13.4938775510204 0.0
13.4979591836735 0.0
13.5020408163265 0.0
13.5061224489796 0.0
13.5102040816327 0.0
13.5142857142857 0.0
13.5183673469388 0.0
13.5224489795918 0.0
13.5265306122449 0.0
13.530612244898 0.0
13.534693877551 0.0
13.5387755102041 0.0
13.5428571428571 0.0
13.5469387755102 34.2976
13.5510204081633 68.5918
13.5551020408163 106.737
13.5591836734694 129.775
13.5632653061224 131.269
13.5673469387755 102.069
13.5714285714286 72.8609
13.5755102040816 41.1766
13.5795918367347 14.5569
13.5836734693878 0.0
13.5877551020408 0.0
13.5918367346939 0.0
13.5959183673469 0.0
13.6 0.0
13.6040816326531 0.0
13.6081632653061 0.0
13.6122448979592 0.0
13.6163265306122 0.0
13.6204081632653 0.0
13.6244897959184 0.0
13.6285714285714 0.0
13.6326530612245 0.0
13.6367346938776 0.0
13.6408163265306 0.0
13.6448979591837 0.0
13.6489795918367 0.0
13.6530612244898 1.00857
13.6571428571429 0.0
13.6612244897959 0.0
13.665306122449 0.0
13.669387755102 0.0
13.6734693877551 0.0
13.6775510204082 0.0
13.6816326530612 0.0
13.6857142857143 0.0
13.6897959183673 0.0
13.6938775510204 0.0
13.6979591836735 0.0
13.7020408163265 0.0
13.7061224489796 0.0
13.7102040816327 0.0
13.7142857142857 0.0
13.7183673469388 0.0
13.7224489795918 0.0
13.7265306122449 0.0
13.730612244898 0.0
13.734693877551 0.0
13.7387755102041 0.0
13.7428571428571 0.0
13.7469387755102 0.0
13.7510204081633 0.0
13.7551020408163 0.0
13.7591836734694 0.0
13.7632653061224 0.0
13.7673469387755 16.2218
13.7714285714286 30.8487
13.7755102040816 123.589
13.7795918367347 160.232
13.7836734693878 239.254
13.7877551020408 227.132
13.7918367346939 286.823
13.7959183673469 231.875
13.8 216.869
13.8040816326531 204.028
13.8081632653061 182.22
13.8122448979592 160.787
13.8163265306122 149.066
13.8204081632653 123.262
13.8244897959184 109.54
13.8285714285714 82.2394
13.8326530612245 69.166
13.8367346938776 51.3483
13.8408163265306 38.7129
13.8448979591837 17.9166
13.8489795918367 12.2454
13.8530612244898 1.98823
13.8571428571429 0.0
13.8612244897959 0.0
13.865306122449 0.0
13.869387755102 0.0
13.8734693877551 0.0
13.8775510204082 0.0
13.8816326530612 0.0
13.8857142857143 0.0
13.8897959183673 0.0
13.8938775510204 0.0
13.8979591836735 0.0
13.9020408163265 0.0
13.9061224489796 0.0
13.9102040816327 0.0
13.9142857142857 0.0
13.9183673469388 0.0
13.9224489795918 0.0
13.9265306122449 0.0
13.930612244898 0.0
13.934693877551 0.0
13.9387755102041 0.0
13.9428571428571 0.0
13.9469387755102 0.0
13.9510204081633 0.0
13.9551020408163 0.0
13.9591836734694 0.0
13.9632653061224 0.0
13.9673469387755 0.0
13.9714285714286 0.0
13.9755102040816 0.0
13.9795918367347 0.0
13.9836734693878 0.0
13.9877551020408 0.0
13.9918367346939 0.0
13.9959183673469 0.0
14.0 0.0
14.0040816326531 0.0
14.0081632653061 0.0
14.0122448979592 0.0
14.0163265306122 0.0
14.0204081632653 0.0
14.0244897959184 0.0
14.0285714285714 0.0
14.0326530612245 0.0
14.0367346938776 0.0
14.0408163265306 0.0
14.0448979591837 0.0
14.0489795918367 0.0
14.0530612244898 0.0
14.0571428571429 0.0
14.0612244897959 0.0
14.065306122449 0.0
14.069387755102 0.0
14.0734693877551 0.0
14.0775510204082 0.0
14.0816326530612 0.0
14.0857142857143 0.0
14.0897959183673 0.0
14.0938775510204 0.0
14.0979591836735 0.0
14.1020408163265 0.0
14.1061224489796 0.0
14.1102040816327 0.0
14.1142857142857 0.0
14.1183673469388 0.0
14.1224489795918 0.0
14.1265306122449 0.0
14.130612244898 0.0
14.134693877551 0.0
14.1387755102041 0.0
14.1428571428571 0.0
14.1469387755102 0.0
14.1510204081633 0.0
14.1551020408163 1.09276
14.1591836734694 3.24515
14.1632653061224 13.3692
14.1673469387755 9.80711
14.1714285714286 15.8434
14.1755102040816 3.6138
14.1795918367347 14.1227
14.1836734693878 0.123262
14.1877551020408 0.0
14.1918367346939 0.0
14.1959183673469 0.0
14.2 0.0
14.2040816326531 0.0
14.2081632653061 0.0
14.2122448979592 0.0
14.2163265306122 0.0
14.2204081632653 0.0
14.2244897959184 0.0
14.2285714285714 0.0
14.2326530612245 0.0
14.2367346938776 0.0
14.2408163265306 0.0
14.2448979591837 0.0
14.2489795918367 0.0
14.2530612244898 0.0
14.2571428571429 0.0
14.2612244897959 0.0
14.265306122449 0.0
14.269387755102 0.0
14.2734693877551 0.0
14.2775510204082 0.0
14.2816326530612 0.0
14.2857142857143 0.0
14.2897959183673 0.0
14.2938775510204 0.0
14.2979591836735 0.0
14.3020408163265 0.0
14.3061224489796 59.805
14.3102040816327 118.483
14.3142857142857 143.724
14.3183673469388 203.498
14.3224489795918 224.372
14.3265306122449 231.015
14.330612244898 203.693
14.334693877551 170.5
14.3387755102041 155.502
14.3428571428571 129.398
14.3469387755102 106.362
14.3510204081633 84.3654
14.3551020408163 64.1721
14.3591836734694 46.7348
14.3632653061224 21.7686
14.3673469387755 12.7389
14.3714285714286 4.22004
14.3755102040816 0.642538
14.3795918367347 0.0
14.3836734693878 0.0
14.3877551020408 0.0
14.3918367346939 0.0
14.3959183673469 0.0
14.4 0.0
14.4040816326531 0.0
14.4081632653061 0.0
14.4122448979592 0.0
14.4163265306122 0.0
14.4204081632653 0.0
14.4244897959184 0.0
14.4285714285714 0.0
14.4326530612245 0.0
14.4367346938776 0.0
14.4408163265306 0.0
14.4448979591837 0.0
14.4489795918367 0.0
14.4530612244898 0.0
14.4571428571429 0.0
14.4612244897959 0.0
14.465306122449 0.0
14.469387755102 0.0
14.4734693877551 0.0
14.4775510204082 0.0
14.4816326530612 0.0
14.4857142857143 0.0
14.4897959183673 0.0
14.4938775510204 0.0
14.4979591836735 0.0
14.5020408163265 0.0
14.5061224489796 0.0
14.5102040816327 0.0
14.5142857142857 0.0
14.5183673469388 0.0
14.5224489795918 0.0
14.5265306122449 0.0
14.530612244898 0.0
14.534693877551 0.0
14.5387755102041 0.0
14.5428571428571 0.0
14.5469387755102 0.0
14.5510204081633 0.0
14.5551020408163 0.0
14.5591836734694 0.0
14.5632653061224 0.0
14.5673469387755 4.9302
14.5714285714286 4.14865
14.5755102040816 41.4326
14.5795918367347 65.3596
14.5836734693878 89.968
14.5877551020408 99.3382
14.5918367346939 104.752
14.5959183673469 100.038
14.6 93.969
14.6040816326531 72.6873
14.6081632653061 60.7093
14.6122448979592 48.8338
14.6163265306122 35.3242
14.6204081632653 17.2862
14.6244897959184 6.89247
14.6285714285714 4.02667
14.6326530612245 0.0
14.6367346938776 0.0
14.6408163265306 0.0
14.6448979591837 0.0
14.6489795918367 0.0
14.6530612244898 0.0
14.6571428571429 0.0
14.6612244897959 0.0
14.665306122449 0.0
14.669387755102 0.0
14.6734693877551 0.0
14.6775510204082 0.0
14.6816326530612 0.0
14.6857142857143 0.0
14.6897959183673 0.330687
14.6938775510204 0.0
14.6979591836735 0.0
14.7020408163265 0.0
14.7061224489796 0.0
14.7102040816327 0.0
14.7142857142857 0.0
14.7183673469388 0.0
14.7224489795918 0.0
14.7265306122449 0.0
14.730612244898 0.0
14.734693877551 0.0
14.7387755102041 0.0
14.7428571428571 0.0
14.7469387755102 0.0
14.7510204081633 0.0
14.7551020408163 0.0
14.7591836734694 0.0
14.7632653061224 0.0
14.7673469387755 0.0
14.7714285714286 0.0
14.7755102040816 0.0
14.7795918367347 0.0
14.7836734693878 0.0
14.7877551020408 0.0
14.7918367346939 0.0
14.7959183673469 0.0
14.8 0.0
14.8040816326531 0.0
14.8081632653061 0.0
14.8122448979592 0.0
14.8163265306122 0.0
14.8204081632653 0.0
14.8244897959184 0.0
14.8285714285714 0.0
14.8326530612245 0.0
14.8367346938776 6.39731
14.8408163265306 60.8326
14.8448979591837 147.469
14.8489795918367 167.804
14.8530612244898 160.29
14.8571428571429 153.863
14.8612244897959 134.331
14.865306122449 112.823
14.869387755102 93.4906
14.8734693877551 73.5675
14.8775510204082 59.2158
14.8816326530612 38.5416
14.8857142857143 16.4398
14.8897959183673 15.8099
14.8938775510204 5.4782
14.8979591836735 0.0
14.9020408163265 0.0
14.9061224489796 0.0
14.9102040816327 0.0
14.9142857142857 0.0
14.9183673469388 0.0
14.9224489795918 0.0
14.9265306122449 0.0
14.930612244898 0.0
14.934693877551 0.0
14.9387755102041 0.0
14.9428571428571 0.0
14.9469387755102 0.0
14.9510204081633 0.0
14.9551020408163 0.0
14.9591836734694 0.0
14.9632653061224 0.0
14.9673469387755 0.0
14.9714285714286 0.0
14.9755102040816 0.0
