0.00408163265306122 0.336289
0.00816326530612245 0.0
0.0122448979591837 0.0
0.0163265306122449 0.0
0.0204081632653061 0.0
0.0244897959183673 0.0
0.0285714285714286 0.0
0.0326530612244898 0.0
0.036734693877551 0.0
0.0408163265306122 0.0
0.0448979591836735 0.0
0.0489795918367347 0.0
0.0530612244897959 0.862479
0.0571428571428571 4.25923
0.0612244897959184 4.55135
0.0653061224489796 7.99793
0.0693877551020408 12.1693
0.073469387755102 12.5003
0.0775510204081633 19.6613
0.0816326530612245 22.4193
0.0857142857142857 31.7145
0.0897959183673469 29.4055
0.0938775510204082 32.7188
0.0979591836734694 28.5005
0.102040816326531 17.1232
0.106122448979592 15.5523
0.110204081632653 16.3062
0.114285714285714 14.5935
0.118367346938776 11.3966
0.122448979591837 13.0154
0.126530612244898 11.1971
0.130612244897959 12.1687
0.13469387755102 12.5
0.138775510204082 9.49895
0.142857142857143 6.12438
0.146938775510204 11.4272
0.151020408163265 9.33564
0.155102040816327 7.45028
0.159183673469388 6.27476
0.163265306122449 6.45423
0.16734693877551 3.44448
0.171428571428571 2.13557
0.175510204081633 3.41994
0.179591836734694 1.03641
0.183673469387755 1.39356
0.187755102040816 0.0
0.191836734693878 0.966787
0.195918367346939 30.2603
0.2 22.4648
0.204081632653061 42.1872
0.208163265306122 62.7663
0.212244897959184 85.3372
0.216326530612245 99.7226
0.220408163265306 104.146
0.224489795918367 115.178
0.228571428571429 88.5445
0.23265306122449 66.8322
0.236734693877551 50.1716
0.240816326530612 34.6094
0.244897959183673 18.6623
0.248979591836735 4.74483
0.253061224489796 0.0
0.257142857142857 0.0
0.261224489795918 0.0
0.26530612244898 0.0
0.269387755102041 0.0
0.273469387755102 0.0
0.277551020408163 0.0
0.281632653061224 0.0
0.285714285714286 0.0
0.289795918367347 0.0
0.293877551020408 0.0
0.297959183673469 0.0
0.302040816326531 0.0
0.306122448979592 0.0
0.310204081632653 0.0
0.314285714285714 0.0
0.318367346938775 0.0
0.322448979591837 0.0
0.326530612244898 0.0
0.330612244897959 0.0
0.33469387755102 0.808597
0.338775510204082 3.38542
0.342857142857143 0.0
0.346938775510204 0.0
0.351020408163265 0.0
0.355102040816327 0.0
0.359183673469388 0.0
0.363265306122449 0.0
0.36734693877551 0.0
0.371428571428571 0.0
0.375510204081633 0.0
0.379591836734694 0.0
0.383673469387755 0.0
0.387755102040816 0.0
0.391836734693878 0.0
0.395918367346939 0.0
0.4 0.0
0.404081632653061 2.54661
0.408163265306122 0.0
0.412244897959184 0.0
0.416326530612245 0.0
0.420408163265306 0.0
0.424489795918367 0.0
0.428571428571429 0.0
0.43265306122449 0.0
0.436734693877551 0.0
0.440816326530612 0.0
0.444897959183673 0.0
0.448979591836735 0.0
0.453061224489796 0.0
0.457142857142857 0.0
0.461224489795918 0.0
0.46530612244898 0.0
0.469387755102041 0.0
0.473469387755102 0.0
0.477551020408163 0.0
0.481632653061224 0.0
0.485714285714286 0.0
0.489795918367347 0.0
0.493877551020408 0.0
0.497959183673469 0.957906
0.502040816326531 11.2819
0.506122448979592 13.7667
0.510204081632653 14.6126
0.514285714285714 14.3583
0.518367346938776 6.37537
0.522448979591837 3.91519
0.526530612244898 1.16056
0.530612244897959 0.0
0.53469387755102 0.446722
0.538775510204082 0.0
0.542857142857143 0.0
0.546938775510204 0.0
0.551020408163265 0.0
0.555102040816327 0.0
0.559183673469388 0.0
0.563265306122449 0.0
0.56734693877551 1.07896
0.571428571428571 12.1476
0.575510204081633 17.4606
0.579591836734694 12.9832
0.583673469387755 13.0455
0.587755102040816 22.651
0.591836734693878 12.2902
0.595918367346939 19.4777
0.6 22.1561
0.604081632653061 21.4299
0.608163265306122 4.47202
0.612244897959184 13.8025
0.616326530612245 3.70431
0.620408163265306 1.88553
0.624489795918367 0.0
0.628571428571429 0.0
0.63265306122449 0.0
0.636734693877551 0.0
0.640816326530612 0.0
0.644897959183673 0.0
0.648979591836735 0.0
0.653061224489796 0.0
0.657142857142857 0.0
0.661224489795918 0.232697
0.66530612244898 0.0
0.669387755102041 0.0
0.673469387755102 6.39451
0.677551020408163 10.7554
0.681632653061224 19.8221
0.685714285714286 6.83558
0.689795918367347 14.8709
0.693877551020408 13.5885
0.697959183673469 15.0819
0.702040816326531 21.1061
0.706122448979592 20.7222
0.710204081632653 15.8067
0.714285714285714 8.35136
0.718367346938775 10.1814
0.722448979591837 3.60489
0.726530612244898 0.778317
0.730612244897959 0.0
0.73469387755102 2.60544
0.738775510204082 0.0
0.742857142857143 0.0
0.746938775510204 0.0
0.751020408163265 0.0
0.755102040816326 0.0
0.759183673469388 0.0
0.763265306122449 0.0
0.76734693877551 0.0
0.771428571428571 0.0
0.775510204081633 0.0
0.779591836734694 0.0
0.783673469387755 0.0
0.787755102040816 0.0
0.791836734693877 0.0
0.795918367346939 0.0
0.8 0.0
0.804081632653061 0.0
0.808163265306122 0.0
0.812244897959184 0.0
0.816326530612245 0.0
0.820408163265306 0.150591
0.824489795918367 0.0
0.828571428571429 0.0
0.83265306122449 0.0
0.836734693877551 0.275433
0.840816326530612 1.13302
0.844897959183673 6.53028
0.848979591836735 56.2964
0.853061224489796 80.0773
0.857142857142857 124.144
0.861224489795918 140.756
0.86530612244898 141.147
0.869387755102041 135.097
0.873469387755102 124.751
0.877551020408163 107.044
0.881632653061225 91.1407
0.885714285714286 70.3005
0.889795918367347 51.4286
0.893877551020408 33.3907
0.897959183673469 13.5471
0.902040816326531 0.0
0.906122448979592 0.0
0.910204081632653 0.0
0.914285714285714 0.0
0.918367346938776 0.0
0.922448979591837 0.0
0.926530612244898 0.0
0.930612244897959 0.0
0.93469387755102 0.0
0.938775510204082 3.85106
0.942857142857143 2.72197
0.946938775510204 5.69773
0.951020408163265 1.8574
0.955102040816327 0.0
0.959183673469388 0.0
0.963265306122449 0.0
0.96734693877551 0.0
0.971428571428571 0.0
0.975510204081633 0.0
0.979591836734694 0.0
0.983673469387755 0.0
0.987755102040816 0.0
0.991836734693878 0.442863
0.995918367346939 6.01375
1.0 8.50582
1.00408163265306 8.43573
1.00816326530612 4.03941
1.01224489795918 2.66898
1.01632653061224 1.57702
1.02040816326531 0.587702
1.02448979591837 0.264883
1.02857142857143 0.0
1.03265306122449 0.870109
1.03673469387755 2.82156
1.04081632653061 3.20673
1.04489795918367 2.60532
1.04897959183673 6.60184
1.0530612244898 8.19635
1.05714285714286 7.7486
1.06122448979592 5.73754
1.06530612244898 2.57337
1.06938775510204 1.07145
1.0734693877551 0.0
1.07755102040816 0.0
1.08163265306122 0.0
1.08571428571429 0.0
1.08979591836735 0.0
1.09387755102041 0.0
1.09795918367347 0.0
1.10204081632653 0.0
1.10612244897959 0.0
1.11020408163265 0.0
1.11428571428571 0.0
1.11836734693878 0.0
1.12244897959184 0.0
1.1265306122449 0.0
1.13061224489796 0.0
1.13469387755102 0.0
1.13877551020408 0.0
1.14285714285714 0.0
1.1469387755102 0.0
1.15102040816327 0.0
1.15510204081633 0.0
1.15918367346939 0.0
1.16326530612245 0.0
1.16734693877551 0.0
1.17142857142857 0.0
1.17551020408163 0.0
1.17959183673469 0.0
1.18367346938776 0.0
1.18775510204082 0.0
1.19183673469388 0.0
1.19591836734694 0.0
1.2 0.0
1.20408163265306 0.0
1.20816326530612 0.0
1.21224489795918 0.0
1.21632653061224 0.0
1.22040816326531 0.0
1.22448979591837 0.0
1.22857142857143 0.0
1.23265306122449 0.0
1.23673469387755 0.0
1.24081632653061 0.0
1.24489795918367 0.0
1.24897959183673 0.0
1.2530612244898 0.0
1.25714285714286 0.0
1.26122448979592 0.0
1.26530612244898 0.0
1.26938775510204 0.0
1.2734693877551 0.0
1.27755102040816 0.0
1.28163265306122 0.0
1.28571428571429 0.0
1.28979591836735 0.0
1.29387755102041 0.0
1.29795918367347 0.0
1.30204081632653 0.0
1.30612244897959 0.0
1.31020408163265 0.0
1.31428571428571 0.0
1.31836734693878 0.0
1.32244897959184 0.0
1.3265306122449 0.0
1.33061224489796 0.0
1.33469387755102 0.0
1.33877551020408 0.0
1.34285714285714 0.0
1.3469387755102 0.0
1.35102040816327 0.0
1.35510204081633 0.0
1.35918367346939 0.0
1.36326530612245 0.0
1.36734693877551 0.0
1.37142857142857 0.0
1.37551020408163 0.0
1.37959183673469 0.0
1.38367346938776 0.0
1.38775510204082 0.0
1.39183673469388 0.0
1.39591836734694 0.0
1.4 0.0
1.40408163265306 0.0261962
1.40816326530612 0.0
1.41224489795918 0.0
1.41632653061225 0.0
1.42040816326531 0.0
1.42448979591837 0.0
1.42857142857143 0.0
1.43265306122449 0.0
1.43673469387755 0.0
1.44081632653061 0.0
1.44489795918367 0.0
1.44897959183673 0.0
1.4530612244898 0.0
1.45714285714286 0.0
1.46122448979592 0.0
1.46530612244898 0.0
1.46938775510204 0.0
1.4734693877551 0.0
1.47755102040816 0.0
1.48163265306122 0.0
1.48571428571429 0.0
1.48979591836735 0.0
1.49387755102041 0.0
1.49795918367347 0.0
1.50204081632653 0.0
1.50612244897959 1167.18
1.51020408163265 471.821
1.51428571428571 386.694
1.51836734693878 370.396
1.52244897959184 327.671
1.5265306122449 276.706
1.53061224489796 227.651
1.53469387755102 185.856
1.53877551020408 147.03
1.54285714285714 114.058
1.5469387755102 85.1256
1.55102040816327 59.2662
1.55510204081633 35.9996
1.55918367346939 16.2873
1.56326530612245 0.0
1.56734693877551 0.0
1.57142857142857 0.0
1.57551020408163 0.0
1.57959183673469 0.0
1.58367346938775 0.0
1.58775510204082 0.0
1.59183673469388 0.0
1.59591836734694 0.0
1.6 0.0
1.60408163265306 0.0
1.60816326530612 0.0
1.61224489795918 0.0
1.61632653061224 0.0
1.62040816326531 0.0
1.62448979591837 0.0
1.62857142857143 0.0
1.63265306122449 0.0
1.63673469387755 0.0
1.64081632653061 0.0
1.64489795918367 0.0
1.64897959183673 0.0
1.6530612244898 0.0
1.65714285714286 0.0
1.66122448979592 0.0
1.66530612244898 0.0
1.66938775510204 0.0
1.6734693877551 0.0
1.67755102040816 0.0
1.68163265306122 0.0
1.68571428571429 0.0
1.68979591836735 0.0
1.69387755102041 0.0
1.69795918367347 0.0
1.70204081632653 0.0
1.70612244897959 0.0
1.71020408163265 0.0
1.71428571428571 0.0
1.71836734693878 0.0
1.72244897959184 0.0
1.7265306122449 0.0
1.73061224489796 0.0
1.73469387755102 0.0
1.73877551020408 0.0
1.74285714285714 0.0
1.7469387755102 0.0
1.75102040816327 0.0
1.75510204081633 0.0
1.75918367346939 0.0
1.76326530612245 0.0
1.76734693877551 0.0
1.77142857142857 0.0
1.77551020408163 0.0
1.77959183673469 0.0
1.78367346938776 0.0
1.78775510204082 0.0
1.79183673469388 0.0
1.79591836734694 0.0
1.8 0.0
1.80408163265306 0.0
1.80816326530612 0.0
1.81224489795918 0.0
1.81632653061224 0.0
1.82040816326531 0.0
1.82448979591837 0.0
1.82857142857143 0.0
1.83265306122449 0.0
1.83673469387755 1.8114
1.84081632653061 17.1751
1.84489795918367 24.04
1.84897959183673 38.7877
1.8530612244898 59.3536
1.85714285714286 89.6017
1.86122448979592 153.389
1.86530612244898 153.446
1.86938775510204 167.081
1.8734693877551 157.643
1.87755102040816 145.905
1.88163265306122 154.1
1.88571428571429 135.581
1.88979591836735 127.106
1.89387755102041 118.05
1.89795918367347 104.676
1.90204081632653 92.1791
1.90612244897959 74.4585
1.91020408163265 61.5941
1.91428571428571 51.6344
1.91836734693878 43.9147
1.92244897959184 34.4539
1.9265306122449 25.8404
1.93061224489796 14.0054
1.93469387755102 5.21272
1.93877551020408 0.92721
1.94285714285714 0.963807
1.9469387755102 4.06015
1.95102040816327 5.04053
1.95510204081633 0.364304
1.95918367346939 0.0
1.96326530612245 0.0
1.96734693877551 0.0
1.97142857142857 0.0
1.97551020408163 0.0
1.97959183673469 0.0
1.98367346938776 0.0
1.98775510204082 0.0
1.99183673469388 0.0
1.99591836734694 0.0
2.0 6.17945
2.00408163265306 4.2457
2.00816326530612 1.5375
2.01224489795918 0.0
2.01632653061225 0.0
2.02040816326531 1.88196
2.02448979591837 0.0
2.02857142857143 2.27836
2.03265306122449 1.45507
2.03673469387755 0.0
2.04081632653061 1.62852
2.04489795918367 3.17442
2.04897959183673 4.55749
2.0530612244898 5.89833
2.05714285714286 7.20674
2.06122448979592 1.42431
2.06530612244898 1.46279
2.06938775510204 5.5846
2.0734693877551 9.12106
2.07755102040816 6.43802
2.08163265306122 3.6552
2.08571428571429 1.56522
2.08979591836735 0.0
2.09387755102041 0.0
2.09795918367347 0.0
2.10204081632653 0.0
2.10612244897959 0.0
2.11020408163265 0.79751
2.11428571428571 0.396311
2.11836734693878 0.0
2.12244897959184 0.0
2.1265306122449 0.0
2.13061224489796 0.0
2.13469387755102 0.0
2.13877551020408 0.0
2.14285714285714 0.0
2.1469387755102 0.0
2.15102040816327 0.915051
2.15510204081633 0.351667
2.15918367346939 0.589728
2.16326530612245 2.05493
2.16734693877551 2.96709
2.17142857142857 0.00691414
2.17551020408163 0.1688
2.17959183673469 3.77077
2.18367346938776 14.1776
2.18775510204082 22.041
2.19183673469388 26.0436
2.19591836734694 31.9514
2.2 36.9685
2.20408163265306 44.4881
2.20816326530612 44.3714
2.21224489795918 41.4108
2.21632653061224 31.2596
2.22040816326531 23.548
2.22448979591837 8.37111
2.22857142857143 1.41156
2.23265306122449 0.0
2.23673469387755 0.0
2.24081632653061 0.0
2.24489795918367 0.0
2.24897959183673 0.0
2.2530612244898 0.0
2.25714285714286 0.0
2.26122448979592 0.0
2.26530612244898 0.0
2.26938775510204 0.0
2.2734693877551 0.0
2.27755102040816 0.0
2.28163265306122 0.0
2.28571428571429 0.0
2.28979591836735 0.0
2.29387755102041 1.28061
2.29795918367347 1.93512
2.30204081632653 2.35695
2.30612244897959 3.89516
2.31020408163265 9.39667
2.31428571428571 5.54359
2.31836734693878 2.9459
2.32244897959184 4.21989
2.3265306122449 6.59835
2.33061224489796 6.74927
2.33469387755102 9.64183
2.33877551020408 9.02581
2.34285714285714 4.13936
2.3469387755102 3.55172
2.35102040816327 1.53852
2.35510204081633 0.0
2.35918367346939 0.0
2.36326530612245 0.531793
2.36734693877551 3.80051
2.37142857142857 5.07426
2.37551020408163 0.129223
2.37959183673469 2.20656
2.38367346938776 5.53249
2.38775510204082 0.898793
2.39183673469388 1.6557
2.39591836734694 0.0
2.4 0.0
2.40408163265306 0.0
2.40816326530612 0.0
2.41224489795918 0.0
2.41632653061225 0.0
2.42040816326531 0.0
2.42448979591837 0.0
2.42857142857143 0.0
2.43265306122449 0.635982
2.43673469387755 0.503659
2.44081632653061 0.0
2.44489795918367 0.0
2.44897959183673 0.0
2.4530612244898 0.0
2.45714285714286 0.0
2.46122448979592 0.0
2.46530612244898 0.0
2.46938775510204 0.0
2.4734693877551 0.0
2.47755102040816 0.0
2.48163265306122 0.0
2.48571428571429 0.0
2.48979591836735 0.0
2.49387755102041 0.0
2.49795918367347 0.0
2.50204081632653 0.0
2.50612244897959 0.0
2.51020408163265 0.0
2.51428571428571 0.0
2.51836734693878 0.0
2.52244897959184 0.0
2.5265306122449 0.0
2.53061224489796 0.0
2.53469387755102 0.0
2.53877551020408 0.0
2.54285714285714 0.0
2.5469387755102 0.0
2.55102040816327 0.0
2.55510204081633 0.0
2.55918367346939 0.0
2.56326530612245 0.0
2.56734693877551 0.0
2.57142857142857 0.0
2.57551020408163 0.0
2.57959183673469 0.0
2.58367346938775 0.0
2.58775510204082 0.0
2.59183673469388 0.0
2.59591836734694 0.0
2.6 0.0
2.60408163265306 0.0
2.60816326530612 0.0
2.61224489795918 0.0
2.61632653061224 0.0
2.62040816326531 0.0
2.62448979591837 0.0
2.62857142857143 0.0
2.63265306122449 0.0
2.63673469387755 0.0
2.64081632653061 0.0
2.64489795918367 0.0
2.64897959183673 0.0
2.6530612244898 0.0
2.65714285714286 0.0
2.66122448979592 0.0
2.66530612244898 0.0
2.66938775510204 0.0
2.6734693877551 0.0
2.67755102040816 0.0
2.68163265306122 0.0
2.68571428571429 0.0
2.68979591836735 0.0
2.69387755102041 0.0
2.69795918367347 0.0
2.70204081632653 0.0
2.70612244897959 0.0
2.71020408163265 0.0
2.71428571428571 0.0
2.71836734693878 0.0
2.72244897959184 0.0
2.7265306122449 0.0
2.73061224489796 6.3259
2.73469387755102 9.69972
2.73877551020408 6.30853
2.74285714285714 2.83189
2.7469387755102 0.0
2.75102040816327 0.0
2.75510204081633 0.0
2.75918367346939 0.0
2.76326530612245 0.0
2.76734693877551 0.0
2.77142857142857 0.0
2.77551020408163 0.0
2.77959183673469 0.0
2.78367346938776 0.0
2.78775510204082 0.0
2.79183673469388 0.0
2.79591836734694 0.0
2.8 0.0
2.80408163265306 0.0
2.80816326530612 0.0
2.81224489795918 0.0
2.81632653061224 0.0
2.82040816326531 0.0
2.82448979591837 0.0
2.82857142857143 0.0
2.83265306122449 0.0
2.83673469387755 898.798
2.84081632653061 396.879
2.84489795918367 412.049
2.84897959183673 364.314
2.8530612244898 337.39
2.85714285714286 281.941
2.86122448979592 231.954
2.86530612244898 197.53
2.86938775510204 154.084
2.8734693877551 123.285
2.87755102040816 94.904
2.88163265306122 61.4258
2.88571428571429 41.0522
2.88979591836735 17.1409
2.89387755102041 0.0
2.89795918367347 0.0
2.90204081632653 0.0
2.90612244897959 0.0
2.91020408163265 0.0
2.91428571428571 0.0
2.91836734693878 0.0
2.92244897959184 0.0
2.9265306122449 0.0
2.93061224489796 0.0
2.93469387755102 0.0
2.93877551020408 0.0
2.94285714285714 0.0
2.9469387755102 0.0
2.95102040816327 0.0
2.95510204081633 0.0
2.95918367346939 0.0
2.96326530612245 0.0
2.96734693877551 0.0
2.97142857142857 0.0
2.97551020408163 0.0
2.97959183673469 0.0
2.98367346938775 0.0
2.98775510204082 0.0
2.99183673469388 0.0
2.99591836734694 0.0
3.0 0.0
3.00408163265306 0.0
3.00816326530612 0.0
3.01224489795918 0.0
3.01632653061225 0.0
3.02040816326531 0.0
3.02448979591837 0.0
3.02857142857143 0.0
3.03265306122449 0.0
3.03673469387755 0.0
3.04081632653061 0.0
3.04489795918367 0.0
3.04897959183673 0.0
3.0530612244898 0.0
3.05714285714286 0.0
3.06122448979592 0.0
3.06530612244898 0.0
3.06938775510204 0.0
3.0734693877551 0.0
3.07755102040816 0.0
3.08163265306122 0.0
3.08571428571429 0.0
3.08979591836735 0.0
3.09387755102041 0.0
3.09795918367347 0.0
3.10204081632653 0.0
3.10612244897959 0.0
3.11020408163265 0.0
3.11428571428571 0.0
3.11836734693878 0.0
3.12244897959184 0.0
3.1265306122449 0.0
3.13061224489796 0.0
3.13469387755102 0.0
3.13877551020408 0.0
3.14285714285714 0.0
3.1469387755102 0.0
3.15102040816327 0.0
3.15510204081633 7.56173
3.15918367346939 16.3144
3.16326530612245 13.8607
3.16734693877551 29.3386
3.17142857142857 50.0345
3.17551020408163 104.869
3.17959183673469 164.923
3.18367346938776 196.076
3.18775510204082 191.867
3.19183673469388 188.035
3.19591836734694 167.097
3.2 151.885
3.20408163265306 135.373
3.20816326530612 131.985
3.21224489795918 116.545
3.21632653061224 102.651
3.22040816326531 89.6467
3.22448979591837 78.0464
3.22857142857143 66.5351
3.23265306122449 56.1926
3.23673469387755 45.1837
3.24081632653061 35.4278
3.24489795918367 30.1459
3.24897959183673 26.2834
3.2530612244898 20.5547
3.25714285714286 20.1111
3.26122448979592 17.597
3.26530612244898 13.3178
3.26938775510204 6.89197
3.2734693877551 2.00832
3.27755102040816 0.0
3.28163265306122 0.0
3.28571428571429 0.0
3.28979591836735 0.0
3.29387755102041 0.0
3.29795918367347 0.0
3.30204081632653 0.0
3.30612244897959 0.0
3.31020408163265 0.0
3.31428571428571 0.0
3.31836734693878 0.0
3.32244897959184 0.312984
3.3265306122449 0.191212
3.33061224489796 0.0
3.33469387755102 0.0
3.33877551020408 0.203371
3.34285714285714 7.61372
3.3469387755102 5.2309
3.35102040816327 0.0
3.35510204081633 0.0
3.35918367346939 0.0
3.36326530612245 0.0
3.36734693877551 0.0
3.37142857142857 0.0
3.37551020408163 0.0
3.37959183673469 0.0
3.38367346938776 4.2147
3.38775510204082 6.29622
3.39183673469388 3.15547
3.39591836734694 0.0
3.4 0.0
3.40408163265306 0.0
3.40816326530612 0.0
3.41224489795918 3.28946
3.41632653061225 2.34234
3.42040816326531 0.0
3.42448979591837 0.0
3.42857142857143 0.0
3.43265306122449 1.63907
3.43673469387755 3.25438
3.44081632653061 3.84238
3.44489795918367 3.78716
3.44897959183673 6.35511
3.4530612244898 8.65203
3.45714285714286 8.29399
3.46122448979592 7.58016
3.46530612244898 10.3771
3.46938775510204 10.901
3.4734693877551 7.6496
3.47755102040816 5.07474
3.48163265306122 1.67155
3.48571428571429 0.0
3.48979591836735 0.0
3.49387755102041 0.0
3.49795918367347 0.0
3.50204081632653 0.0
3.50612244897959 0.494957
3.51020408163265 0.0
3.51428571428571 0.0
3.51836734693878 0.0
3.52244897959184 3.18861
3.5265306122449 16.1635
3.53061224489796 37.6464
3.53469387755102 53.8083
3.53877551020408 51.5624
3.54285714285714 43.4272
3.5469387755102 34.584
3.55102040816327 25.7244
3.55510204081633 12.6718
3.55918367346939 4.75657
3.56326530612245 0.0
3.56734693877551 0.0
3.57142857142857 0.0
3.57551020408163 0.0
3.57959183673469 0.0
3.58367346938775 0.0
3.58775510204082 0.0
3.59183673469388 0.0
3.59591836734694 0.0
3.6 0.0
3.60408163265306 0.0
3.60816326530612 0.0
3.61224489795918 0.0
3.61632653061224 0.0
3.62040816326531 0.0
3.62448979591837 0.0
3.62857142857143 0.0
3.63265306122449 0.0
3.63673469387755 0.0
3.64081632653061 0.0
3.64489795918367 0.0
3.64897959183673 0.0
3.6530612244898 5.11122
3.65714285714286 7.92003
3.66122448979592 10.2096
3.66530612244898 5.59616
3.66938775510204 3.20792
3.6734693877551 0.919819
3.67755102040816 0.0405312
3.68163265306122 0.0
3.68571428571429 0.0
3.68979591836735 0.0
3.69387755102041 0.0
3.69795918367347 0.612289
3.70204081632653 4.25579
3.70612244897959 8.97528
3.71020408163265 9.77015
3.71428571428571 8.58819
3.71836734693878 2.71881
3.72244897959184 3.73304
3.7265306122449 3.21829
3.73061224489796 1.26708
3.73469387755102 0.0
3.73877551020408 0.0
3.74285714285714 0.0
3.7469387755102 0.0
3.75102040816327 0.0
3.75510204081633 0.0
3.75918367346939 0.0
3.76326530612245 0.0
3.76734693877551 0.0
3.77142857142857 0.0
3.77551020408163 0.0
3.77959183673469 0.0
3.78367346938776 0.0
3.78775510204082 0.0
3.79183673469388 0.0
3.79591836734694 0.0
3.8 0.0
3.80408163265306 0.0
3.80816326530612 0.0
3.81224489795918 0.0
3.81632653061224 0.0
3.82040816326531 0.0
3.82448979591837 0.0
3.82857142857143 0.0
3.83265306122449 0.0
3.83673469387755 0.0
3.84081632653061 0.0
3.84489795918367 0.0
3.84897959183673 0.0
3.8530612244898 0.0
3.85714285714286 0.0
3.86122448979592 0.0
3.86530612244898 0.0
3.86938775510204 0.0
3.8734693877551 0.0
3.87755102040816 0.0
3.88163265306122 0.0
3.88571428571429 0.0
3.88979591836735 0.0
3.89387755102041 0.0
3.89795918367347 0.0
3.90204081632653 0.0
3.90612244897959 0.0
3.91020408163265 0.0
3.91428571428571 0.0
3.91836734693878 0.0
3.92244897959184 0.0
3.9265306122449 0.0
3.93061224489796 0.0
3.93469387755102 0.0
3.93877551020408 0.0
3.94285714285714 0.0
3.9469387755102 0.0
3.95102040816327 0.0
3.95510204081633 0.0
3.95918367346939 0.0
3.96326530612245 0.0
3.96734693877551 0.0
3.97142857142857 0.0
3.97551020408163 0.0
3.97959183673469 0.0
3.98367346938775 0.0
3.98775510204082 0.0
3.99183673469388 0.0
3.99591836734694 0.0
4.0 0.0
4.00408163265306 0.0
4.00816326530612 0.0
4.01224489795918 0.0
4.01632653061225 0.0
4.02040816326531 0.0
4.02448979591837 0.0
4.02857142857143 0.0
4.03265306122449 0.0
4.03673469387755 0.0
4.04081632653061 0.0
4.04489795918367 0.0
4.04897959183673 0.0
4.0530612244898 0.0
4.05714285714286 0.0
4.06122448979592 0.0
4.06530612244898 0.0
4.06938775510204 0.0
4.0734693877551 0.0
4.07755102040816 0.0
4.08163265306122 0.0
4.08571428571429 0.0
4.08979591836735 0.0
4.09387755102041 0.932932
4.09795918367347 5.56454
4.10204081632653 8.89051
4.10612244897959 13.2144
4.11020408163265 14.3491
4.11428571428571 24.9375
4.11836734693878 29.1074
4.12244897959184 30.4002
4.1265306122449 30.1713
4.13061224489796 28.9831
4.13469387755102 23.7921
4.13877551020408 16.4243
4.14285714285714 14.8885
4.1469387755102 9.4825
4.15102040816326 5.63093
4.15510204081633 12.6004
4.15918367346939 150.273
4.16326530612245 182.851
4.16734693877551 254.151
4.17142857142857 322.791
4.17551020408163 360.09
4.17959183673469 297.127
4.18367346938776 290.525
4.18775510204082 254.719
4.19183673469388 255.548
4.19591836734694 212.54
4.2 176.018
4.20408163265306 156.536
4.20816326530612 119.01
4.21224489795918 94.1737
4.21632653061225 71.428
4.22040816326531 46.3502
4.22448979591837 28.8697
4.22857142857143 18.6155
4.23265306122449 7.36141
4.23673469387755 0.0
4.24081632653061 0.0
4.24489795918367 0.0
4.24897959183673 0.0
4.2530612244898 0.0
4.25714285714286 0.0
4.26122448979592 0.0
4.26530612244898 0.0
4.26938775510204 0.0
4.2734693877551 0.0
4.27755102040816 0.0
4.28163265306122 0.0
4.28571428571429 0.0
4.28979591836735 0.0
4.29387755102041 0.0
4.29795918367347 0.0
4.30204081632653 0.0
4.30612244897959 0.0
4.31020408163265 0.0
4.31428571428571 0.0
4.31836734693878 0.0
4.32244897959184 0.0
4.3265306122449 0.0
4.33061224489796 0.0
4.33469387755102 0.0
4.33877551020408 0.0
4.34285714285714 0.0
4.3469387755102 2.44629
4.35102040816327 0.844121
4.35510204081633 3.19743
4.35918367346939 6.32358
4.36326530612245 34.7647
4.36734693877551 53.3684
4.37142857142857 55.1069
4.37551020408163 54.2437
4.37959183673469 49.3699
4.38367346938776 36.9083
4.38775510204082 22.8293
4.39183673469388 10.5654
4.39591836734694 0.35888
4.4 0.0
4.40408163265306 0.0
4.40816326530612 0.0
4.41224489795918 0.0
4.41632653061224 0.0
4.42040816326531 0.0
4.42448979591837 0.0
4.42857142857143 0.0
4.43265306122449 0.0
4.43673469387755 1.32251
4.44081632653061 0.0
4.44489795918367 0.0
4.44897959183673 0.0
4.4530612244898 0.0
4.45714285714286 0.0
4.46122448979592 0.0
4.46530612244898 0.0
4.46938775510204 0.0
4.4734693877551 0.0
4.47755102040816 0.0
4.48163265306122 0.0
4.48571428571429 0.0
4.48979591836735 0.0
4.49387755102041 0.0
4.49795918367347 0.0
4.50204081632653 0.0
4.50612244897959 0.0
4.51020408163265 0.894189
4.51428571428571 0.0
4.51836734693878 0.0
4.52244897959184 0.0
4.5265306122449 0.0
4.53061224489796 0.0
4.53469387755102 0.0
4.53877551020408 0.0
4.54285714285714 0.0
4.5469387755102 0.0
4.55102040816327 0.0
4.55510204081633 0.0
4.55918367346939 0.0
4.56326530612245 0.0
4.56734693877551 0.0
4.57142857142857 0.0
4.57551020408163 0.0
4.57959183673469 0.0
4.58367346938776 0.0
4.58775510204082 0.0
4.59183673469388 0.0
4.59591836734694 0.0
4.6 0.0
4.60408163265306 0.0
4.60816326530612 0.0
4.61224489795918 0.0
4.61632653061224 0.0
4.62040816326531 0.0
4.62448979591837 0.0
4.62857142857143 0.0
4.63265306122449 0.0
4.63673469387755 0.0
4.64081632653061 0.0
4.64489795918367 0.0
4.64897959183673 0.0
4.6530612244898 71.0574
4.65714285714286 96.3451
4.66122448979592 164.048
4.66530612244898 218.473
4.66938775510204 235.316
4.6734693877551 217.153
4.67755102040816 198.35
4.68163265306122 168.956
4.68571428571429 135.169
4.68979591836735 113.735
4.69387755102041 86.2011
4.69795918367347 62.9117
4.70204081632653 41.965
4.70612244897959 34.7419
4.71020408163265 22.2465
4.71428571428571 2.43163
4.71836734693878 0.0
4.72244897959184 0.0
4.7265306122449 0.0
4.73061224489796 0.0
4.73469387755102 0.0
4.73877551020408 0.0
4.74285714285714 0.0
4.7469387755102 0.0
4.75102040816327 0.0
4.75510204081633 0.0
4.75918367346939 0.0
4.76326530612245 0.0
4.76734693877551 0.0
4.77142857142857 0.0
4.77551020408163 0.0
4.77959183673469 0.0
4.78367346938775 1.5347
4.78775510204082 2.70188
4.79183673469388 4.76146
4.79591836734694 12.4688
4.8 9.36562
4.80408163265306 7.17533
4.80816326530612 4.1551
4.81224489795918 0.0
4.81632653061224 0.0
4.82040816326531 0.0
4.82448979591837 0.0
4.82857142857143 0.0
4.83265306122449 0.0
4.83673469387755 0.0
4.84081632653061 0.0
4.84489795918367 7.35575
4.84897959183674 20.7174
4.8530612244898 67.9332
4.85714285714286 72.8625
4.86122448979592 67.0729
4.86530612244898 62.3707
4.86938775510204 54.8584
4.8734693877551 37.6613
4.87755102040816 24.5947
4.88163265306122 11.8329
4.88571428571429 1.54197
4.88979591836735 1.47295
4.89387755102041 0.54884
4.89795918367347 0.0
4.90204081632653 0.0
4.90612244897959 0.0
4.91020408163265 0.0
4.91428571428571 0.0
4.91836734693878 0.610828
4.92244897959184 0.0
4.9265306122449 0.222445
4.93061224489796 0.0
4.93469387755102 0.0
4.93877551020408 0.0
4.94285714285714 0.0
4.9469387755102 0.0
4.95102040816327 0.0
4.95510204081633 0.0
4.95918367346939 0.0
4.96326530612245 0.0
4.96734693877551 0.0
4.97142857142857 0.0
4.97551020408163 0.0
4.97959183673469 0.0
4.98367346938775 0.0
4.98775510204082 0.0
4.99183673469388 0.0
4.99591836734694 0.0
5.0 0.0
5.00408163265306 0.0
5.00816326530612 0.0
5.01224489795918 0.0
5.01632653061225 0.0
5.02040816326531 0.0
5.02448979591837 0.0
5.02857142857143 0.0
5.03265306122449 0.0
5.03673469387755 0.0
5.04081632653061 0.0
5.04489795918367 0.0
5.04897959183673 0.0
5.0530612244898 0.0
5.05714285714286 0.0
5.06122448979592 0.0
5.06530612244898 0.0
5.06938775510204 0.0
5.0734693877551 0.0
5.07755102040816 0.0
5.08163265306122 0.0
5.08571428571429 0.0
5.08979591836735 0.0
5.09387755102041 0.0
5.09795918367347 0.0
5.10204081632653 0.0
5.10612244897959 0.0
5.11020408163265 0.0
5.11428571428571 0.0
5.11836734693878 0.0
5.12244897959184 0.0
5.1265306122449 0.0
5.13061224489796 0.0
5.13469387755102 16.4443
5.13877551020408 42.5164
5.14285714285714 104.387
5.1469387755102 151.186
5.15102040816326 157.947
5.15510204081633 180.097
5.15918367346939 170.607
5.16326530612245 170.889
5.16734693877551 182.78
5.17142857142857 173.051
5.17551020408163 160.706
5.17959183673469 145.371
5.18367346938776 121.911
5.18775510204082 104.547
5.19183673469388 82.9936
5.19591836734694 64.8981
5.2 45.2275
5.20408163265306 26.3385
5.20816326530612 13.3084
5.21224489795918 1.67525
5.21632653061225 0.0
5.22040816326531 0.0
5.22448979591837 0.0
5.22857142857143 0.0
5.23265306122449 0.0
5.23673469387755 0.0
5.24081632653061 0.0
5.24489795918367 0.0
5.24897959183673 0.0
5.2530612244898 0.0
5.25714285714286 0.0
5.26122448979592 0.0
5.26530612244898 0.0
5.26938775510204 0.0
5.2734693877551 0.0
5.27755102040816 0.837564
5.28163265306122 0.331044
5.28571428571429 1.9601
5.28979591836735 0.0
5.29387755102041 0.0
5.29795918367347 0.0
5.30204081632653 0.0
5.30612244897959 0.0
5.31020408163265 0.0
5.31428571428571 0.0
5.31836734693878 0.0
5.32244897959184 0.0
5.3265306122449 0.0
5.33061224489796 0.0
5.33469387755102 0.0
5.33877551020408 0.0
5.34285714285714 0.0
5.3469387755102 0.0
5.35102040816327 2.85232
5.35510204081633 17.251
5.35918367346939 37.6015
5.36326530612245 54.9305
5.36734693877551 68.0476
5.37142857142857 70.6012
5.37551020408163 56.3526
5.37959183673469 39.3758
5.38367346938776 21.678
5.38775510204082 8.31521
5.39183673469388 0.0
5.39591836734694 0.0
5.4 0.0
5.40408163265306 0.0
5.40816326530612 0.0
5.41224489795918 0.0
5.41632653061224 0.0
5.42040816326531 0.0
5.42448979591837 0.0
5.42857142857143 0.0
5.43265306122449 0.0
5.43673469387755 0.0
5.44081632653061 0.0
5.44489795918367 0.0
5.44897959183673 0.0
5.4530612244898 0.0
5.45714285714286 0.0
5.46122448979592 0.0
5.46530612244898 0.0
5.46938775510204 0.0
5.4734693877551 0.0
5.47755102040816 0.0
5.48163265306122 0.0
5.48571428571429 0.0
5.48979591836735 0.0
5.49387755102041 0.0
5.49795918367347 0.0
5.50204081632653 0.0
5.50612244897959 0.0
5.51020408163265 0.0
5.51428571428571 0.0
5.51836734693878 0.0
5.52244897959184 0.0
5.5265306122449 0.0
5.53061224489796 0.0
5.53469387755102 0.0
5.53877551020408 0.0
5.54285714285714 0.0
5.5469387755102 0.0
5.55102040816327 0.0
5.55510204081633 0.0
5.55918367346939 0.0
5.56326530612245 0.0
5.56734693877551 0.0
5.57142857142857 0.0
5.57551020408163 0.0
5.57959183673469 0.0
5.58367346938776 0.0
5.58775510204082 0.0
5.59183673469388 0.0
5.59591836734694 0.0
5.6 0.0
5.60408163265306 0.0
5.60816326530612 0.0
5.61224489795918 0.0
5.61632653061224 0.0
5.62040816326531 0.0
5.62448979591837 20.9375
5.62857142857143 58.1428
5.63265306122449 112.666
5.63673469387755 118.836
5.64081632653061 156.335
5.64489795918367 159.266
5.64897959183673 182.568
5.6530612244898 189.157
5.65714285714286 177.323
5.66122448979592 164.878
5.66530612244898 152.378
5.66938775510204 133.957
5.6734693877551 107.845
5.67755102040816 80.303
5.68163265306122 54.318
5.68571428571429 30.1101
5.68979591836735 24.0932
5.69387755102041 12.9983
5.69795918367347 0.0
5.70204081632653 0.0
5.70612244897959 0.0
5.71020408163265 0.0
5.71428571428571 0.0
5.71836734693878 0.0
5.72244897959184 0.0
5.7265306122449 0.0
5.73061224489796 0.0
5.73469387755102 0.0
5.73877551020408 0.0
5.74285714285714 0.0
5.7469387755102 0.0
5.75102040816327 0.0
5.75510204081633 0.0
5.75918367346939 0.0
5.76326530612245 0.0
5.76734693877551 0.0
5.77142857142857 0.0
5.77551020408163 0.0
5.77959183673469 0.0
5.78367346938775 0.0
5.78775510204082 0.0
5.79183673469388 0.0
5.79591836734694 0.0
5.8 3.48711
5.80408163265306 36.8059
5.80816326530612 39.7738
5.81224489795918 61.4857
5.81632653061224 65.5926
5.82040816326531 81.2509
5.82448979591837 74.9245
5.82857142857143 62.4498
5.83265306122449 51.3183
5.83673469387755 33.3634
5.84081632653061 14.9873
5.84489795918367 0.589311
5.84897959183674 0.0
5.8530612244898 0.0
5.85714285714286 0.0
5.86122448979592 0.0
5.86530612244898 0.0
5.86938775510204 0.0
5.8734693877551 0.0
5.87755102040816 0.0
5.88163265306122 1.3082
5.88571428571429 0.215352
5.88979591836735 0.0
5.89387755102041 0.0
5.89795918367347 0.0
5.90204081632653 0.0
5.90612244897959 0.0
5.91020408163265 0.0
5.91428571428571 0.0
5.91836734693878 0.0
5.92244897959184 0.0
5.9265306122449 0.0
5.93061224489796 0.0
5.93469387755102 0.0
5.93877551020408 0.0
5.94285714285714 0.0
5.9469387755102 0.0
5.95102040816327 0.0
5.95510204081633 0.0
5.95918367346939 0.0
5.96326530612245 0.0
5.96734693877551 0.0
5.97142857142857 0.0
5.97551020408163 0.0
5.97959183673469 0.0
5.98367346938775 0.0
5.98775510204082 0.0
5.99183673469388 0.650764
5.99591836734694 0.0
6.0 0.0
6.00408163265306 0.0
6.00816326530612 0.0
6.01224489795918 0.0
6.01632653061225 0.0
6.02040816326531 0.0
6.02448979591837 0.0
6.02857142857143 0.0
6.03265306122449 0.0
6.03673469387755 0.0
6.04081632653061 0.0
6.04489795918367 0.0
6.04897959183673 0.0
6.0530612244898 0.0
6.05714285714286 0.0
6.06122448979592 0.0
6.06530612244898 0.0
6.06938775510204 0.0
6.0734693877551 0.0
6.07755102040816 0.0
6.08163265306122 0.0
6.08571428571429 0.0
6.08979591836735 0.0
6.09387755102041 0.0
6.09795918367347 0.0
6.10204081632653 0.0
6.10612244897959 0.0
6.11020408163265 0.0
6.11428571428571 0.0
6.11836734693878 26.6607
6.12244897959184 35.2942
6.1265306122449 42.4299
6.13061224489796 92.5333
6.13469387755102 103.074
6.13877551020408 111.709
6.14285714285714 114.838
6.1469387755102 110.324
6.15102040816326 101.035
6.15510204081633 81.6213
6.15918367346939 61.6006
6.16326530612245 41.0165
6.16734693877551 26.9376
6.17142857142857 9.29952
6.17551020408163 2.30098
6.17959183673469 0.0
6.18367346938776 0.0
6.18775510204082 0.0
6.19183673469388 0.0
6.19591836734694 1.71214
6.2 0.887275
6.20408163265306 0.0
6.20816326530612 0.0
6.21224489795918 0.0
6.21632653061225 0.0
6.22040816326531 0.0
6.22448979591837 0.0
6.22857142857143 0.0
6.23265306122449 0.0
6.23673469387755 0.0
6.24081632653061 0.0
6.24489795918367 0.0
6.24897959183673 0.0
6.2530612244898 0.0
6.25714285714286 0.0
6.26122448979592 0.0
6.26530612244898 0.0
6.26938775510204 0.0
6.2734693877551 0.370145
6.27755102040816 1.77932
6.28163265306122 1.04696
6.28571428571429 0.289083
6.28979591836735 0.0
6.29387755102041 0.0
6.29795918367347 0.0
6.30204081632653 0.0
6.30612244897959 0.0
6.31020408163265 0.0
6.31428571428571 0.0
6.31836734693878 0.0
6.32244897959184 0.0
6.3265306122449 0.0
6.33061224489796 0.0
6.33469387755102 1.14882
6.33877551020408 0.0
6.34285714285714 0.0
6.3469387755102 0.993729
6.35102040816327 0.512421
6.35510204081633 0.0
6.35918367346939 0.0
6.36326530612245 0.808477
6.36734693877551 1.28263
6.37142857142857 4.92609
6.37551020408163 8.28278
6.37959183673469 1.19197
6.38367346938776 0.0
6.38775510204082 0.0
6.39183673469388 0.0
6.39591836734694 0.0
6.4 0.0
6.40408163265306 0.0
6.40816326530612 0.0
6.41224489795918 0.0
6.41632653061224 0.0
6.42040816326531 0.0
6.42448979591837 0.0
6.42857142857143 0.0
6.43265306122449 0.0
6.43673469387755 0.0
6.44081632653061 0.0
6.44489795918367 0.0
6.44897959183673 0.0
6.4530612244898 0.0
6.45714285714286 0.0
6.46122448979592 0.0
6.46530612244898 0.0
6.46938775510204 0.0
6.4734693877551 0.0
6.47755102040816 0.0
6.48163265306122 0.0
6.48571428571429 0.0
6.48979591836735 0.0
6.49387755102041 0.0
6.49795918367347 0.0
6.50204081632653 0.0
6.50612244897959 0.0
6.51020408163265 0.0
6.51428571428571 0.0
6.51836734693878 0.0
6.52244897959184 0.0
6.5265306122449 0.0
6.53061224489796 0.0
6.53469387755102 0.0
6.53877551020408 0.0
6.54285714285714 0.0
6.5469387755102 0.0
6.55102040816327 0.0
6.55510204081633 0.0
6.55918367346939 0.0
6.56326530612245 0.0
6.56734693877551 0.0
6.57142857142857 0.0
6.57551020408163 0.0
6.57959183673469 0.0
6.58367346938776 0.0
6.58775510204082 0.0
6.59183673469388 0.302553
6.59591836734694 0.0
6.6 0.0
6.60408163265306 0.0
6.60816326530612 0.0
6.61224489795918 0.0
6.61632653061224 0.0
6.62040816326531 0.0
6.62448979591837 0.0
6.62857142857143 0.0
6.63265306122449 0.0
6.63673469387755 0.0
6.64081632653061 0.0
6.64489795918367 0.0
6.64897959183673 0.0
6.6530612244898 0.0
6.65714285714286 0.0
6.66122448979592 0.0
6.66530612244898 0.0
6.66938775510204 0.0
6.6734693877551 0.0
6.67755102040816 1.71822
6.68163265306122 0.0
6.68571428571429 4.32399
6.68979591836735 0.0
6.69387755102041 0.0
6.69795918367347 0.0
6.70204081632653 0.0
6.70612244897959 0.0
6.71020408163265 2.87852
6.71428571428571 3.19105
6.71836734693878 2.99698
6.72244897959184 2.40871
6.7265306122449 3.00974
6.73061224489796 1.4931
6.73469387755102 0.0
6.73877551020408 0.0
6.74285714285714 0.341892
6.7469387755102 0.164881
6.75102040816327 0.0
6.75510204081633 0.0
6.75918367346939 0.0
6.76326530612245 400.64
6.76734693877551 346.952
6.77142857142857 316.362
6.77551020408163 313.17
6.77959183673469 306.554
6.78367346938775 258.362
6.78775510204082 221.715
6.79183673469388 179.945
6.79591836734694 148.12
6.8 112.556
6.80408163265306 83.2477
6.80816326530612 63.3324
6.81224489795918 43.3672
6.81632653061224 25.4055
6.82040816326531 8.10254
6.82448979591837 0.0
6.82857142857143 1.68884
6.83265306122449 0.0
6.83673469387755 0.0
6.84081632653061 0.0
6.84489795918367 0.0
6.84897959183674 0.0
6.8530612244898 0.0
6.85714285714286 0.0
6.86122448979592 0.0
6.86530612244898 0.0
6.86938775510204 0.0
6.8734693877551 0.0
6.87755102040816 0.0
6.88163265306122 0.0
6.88571428571429 0.0
6.88979591836735 0.0
6.89387755102041 0.0
6.89795918367347 0.0
6.90204081632653 0.0
6.90612244897959 0.0
6.91020408163265 0.0
6.91428571428571 0.0
6.91836734693878 0.0
6.92244897959184 0.0
6.9265306122449 0.0
6.93061224489796 0.0
6.93469387755102 0.0
6.93877551020408 0.0
6.94285714285714 0.0
6.9469387755102 0.0
6.95102040816327 0.0
6.95510204081633 0.0
6.95918367346939 0.0
6.96326530612245 0.0
6.96734693877551 0.0
6.97142857142857 0.0
6.97551020408163 0.0
6.97959183673469 0.0
6.98367346938775 0.0
6.98775510204082 0.0
6.99183673469388 0.0
6.99591836734694 0.0
7.0 0.0
7.00408163265306 0.0
7.00816326530612 0.0
7.01224489795918 0.0
7.01632653061225 0.0
7.02040816326531 0.0
7.02448979591837 0.0
7.02857142857143 0.0
7.03265306122449 0.0
7.03673469387755 0.0
7.04081632653061 0.0
7.04489795918367 0.0
7.04897959183673 0.0
7.0530612244898 0.0
7.05714285714286 0.0
7.06122448979592 0.0
7.06530612244898 0.0
7.06938775510204 0.0
7.0734693877551 0.0
7.07755102040816 0.0
7.08163265306122 9.61317
7.08571428571429 18.0486
7.08979591836735 23.368
7.09387755102041 43.3684
7.09795918367347 76.6862
7.10204081632653 120.784
7.10612244897959 141.138
7.11020408163265 163.7
7.11428571428571 153.552
7.11836734693878 155.182
7.12244897959184 136.674
7.1265306122449 116.885
7.13061224489796 106.272
7.13469387755102 96.0876
7.13877551020408 77.5697
7.14285714285714 70.0847
7.1469387755102 72.5144
7.15102040816326 65.2692
7.15510204081633 55.5508
7.15918367346939 39.3187
7.16326530612245 32.5713
7.16734693877551 26.4879
7.17142857142857 19.9274
7.17551020408163 20.4847
7.17959183673469 14.2744
7.18367346938776 4.71467
7.18775510204082 0.0
7.19183673469388 0.0
7.19591836734694 0.0
7.2 0.0
7.20408163265306 0.0
7.20816326530612 0.0
7.21224489795918 0.0
7.21632653061225 0.0
7.22040816326531 0.0
7.22448979591837 0.0
7.22857142857143 0.0
7.23265306122449 0.0
7.23673469387755 0.367641
7.24081632653061 0.0
7.24489795918367 0.0
7.24897959183673 0.0
7.2530612244898 0.0
7.25714285714286 0.0
7.26122448979592 1.59571
7.26530612244898 4.51475
7.26938775510204 7.52664
7.2734693877551 5.69779
7.27755102040816 0.8744
7.28163265306122 1.03644
7.28571428571429 1.37052
7.28979591836735 3.22536
7.29387755102041 5.69212
7.29795918367347 4.12905
7.30204081632653 2.78628
7.30612244897959 2.37131
7.31020408163265 2.47562
7.31428571428571 0.349164
7.31836734693878 1.57082
7.32244897959184 0.0
7.3265306122449 0.381947
7.33061224489796 0.0
7.33469387755102 1.52028
7.33877551020408 0.262499
7.34285714285714 6.82843
7.3469387755102 10.7477
7.35102040816327 10.3824
7.35510204081633 7.17747
7.35918367346939 4.66073
7.36326530612245 3.36361
7.36734693877551 0.0
7.37142857142857 1.08218
7.37551020408163 0.0
7.37959183673469 0.4282
7.38367346938776 0.0
7.38775510204082 0.0
7.39183673469388 0.0
7.39591836734694 0.0
7.4 0.0
7.40408163265306 0.0
7.40816326530612 0.0
7.41224489795918 0.0
7.41632653061224 0.0
7.42040816326531 0.0
7.42448979591837 0.246406
7.42857142857143 1.38152
7.43265306122449 1.71387
7.43673469387755 5.64075
7.44081632653061 12.4549
7.44489795918367 20.9997
7.44897959183673 32.9285
7.4530612244898 44.7359
7.45714285714286 50.6142
7.46122448979592 46.8376
7.46530612244898 38.9247
7.46938775510204 28.7256
7.4734693877551 15.4226
7.47755102040816 2.80333
7.48163265306122 0.0
7.48571428571429 0.0
7.48979591836735 0.0
7.49387755102041 0.0
7.49795918367347 0.0
7.50204081632653 0.0
7.50612244897959 0.0
7.51020408163265 0.0
7.51428571428571 0.0
7.51836734693878 0.0
7.52244897959184 0.0
7.5265306122449 0.0
7.53061224489796 0.0
7.53469387755102 0.0
7.53877551020408 0.0
7.54285714285714 0.0
7.5469387755102 0.0
7.55102040816327 0.0
7.55510204081633 2.45273
7.55918367346939 2.92331
7.56326530612245 5.548
7.56734693877551 7.28619
7.57142857142857 4.09162
7.57551020408163 5.82382
7.57959183673469 5.40581
7.58367346938776 2.30318
7.58775510204082 0.0
7.59183673469388 0.0
7.59591836734694 0.0
7.6 0.0
7.60408163265306 0.0
7.60816326530612 0.0
7.61224489795918 0.0
7.61632653061224 0.0
7.62040816326531 0.0
7.62448979591837 0.0
7.62857142857143 0.0
7.63265306122449 0.0
7.63673469387755 0.0
7.64081632653061 0.0
7.64489795918367 0.0
7.64897959183673 0.0
7.6530612244898 1.12975
7.65714285714286 0.0
7.66122448979592 0.0
7.66530612244898 0.0
7.66938775510204 0.0
7.6734693877551 0.0
7.67755102040816 0.0
7.68163265306122 8.77964
7.68571428571429 8.42154
7.68979591836735 0.0
7.69387755102041 3.82054
7.69795918367347 0.0
7.70204081632653 0.0
7.70612244897959 0.0
7.71020408163265 0.0
7.71428571428571 0.0
7.71836734693878 0.0
7.72244897959184 0.0
7.7265306122449 0.0
7.73061224489796 0.0
7.73469387755102 0.0
7.73877551020408 0.0
7.74285714285714 0.0
7.7469387755102 0.0
7.75102040816327 0.0
7.75510204081633 0.0
7.75918367346939 0.0
7.76326530612245 0.0
7.76734693877551 0.0
7.77142857142857 0.0
7.77551020408163 0.0
7.77959183673469 0.0
7.78367346938775 0.0
7.78775510204082 0.0
7.79183673469388 0.0
7.79591836734694 0.0
7.8 0.0
7.80408163265306 0.0
7.80816326530612 0.0
7.81224489795918 0.0
7.81632653061224 0.0
7.82040816326531 0.0
7.82448979591837 0.0
7.82857142857143 0.0
7.83265306122449 0.0
7.83673469387755 0.0
7.84081632653061 0.0
7.84489795918367 0.0
7.84897959183674 0.0
7.8530612244898 0.0
7.85714285714286 0.0
7.86122448979592 0.0
7.86530612244898 0.0
7.86938775510204 0.0
7.8734693877551 0.0
7.87755102040816 0.0
7.88163265306122 0.0
7.88571428571429 0.0
7.88979591836735 0.0
7.89387755102041 0.0
7.89795918367347 0.148565
7.90204081632653 0.0
7.90612244897959 0.0
7.91020408163265 0.0
7.91428571428571 1.50204
7.91836734693878 2.57365
7.92244897959184 0.0
7.9265306122449 0.0
7.93061224489796 0.0
7.93469387755102 0.0
7.93877551020408 0.0
7.94285714285714 0.0
7.9469387755102 0.0
7.95102040816327 0.0
7.95510204081633 0.0
7.95918367346939 0.0
7.96326530612245 0.0
7.96734693877551 0.0
7.97142857142857 0.0
7.97551020408163 0.0
7.97959183673469 1.99807
7.98367346938775 0.0
7.98775510204082 0.0
7.99183673469388 0.0
7.99591836734694 0.0
8.0 0.0
8.00408163265306 0.0
8.00816326530612 0.0
8.01224489795918 0.0
8.01632653061225 0.0
8.02040816326531 0.0
8.02448979591837 0.0
8.02857142857143 0.0
8.03265306122449 0.0
8.03673469387755 0.0
8.04081632653061 0.860631
8.04489795918367 8.70466
8.04897959183674 16.1956
8.0530612244898 16.2038
8.05714285714286 16.468
8.06122448979592 9.65321
8.06530612244898 0.0
8.06938775510204 0.0
8.0734693877551 0.0
8.07755102040816 0.0
8.08163265306122 779.761
8.08571428571429 756.634
8.08979591836735 356.127
8.09387755102041 365.47
8.09795918367347 338.272
8.10204081632653 295.943
8.10612244897959 244.98
8.11020408163265 199.586
8.11428571428571 159.466
8.11836734693878 124.888
8.12244897959184 94.5183
8.1265306122449 67.1546
8.13061224489796 43.8637
8.13469387755102 21.8028
8.13877551020408 5.11909
8.14285714285714 0.0
8.1469387755102 0.0
8.15102040816327 0.0
8.15510204081633 0.0
8.15918367346939 0.0
8.16326530612245 0.0
8.16734693877551 0.0
8.17142857142857 0.0
8.17551020408163 0.0
8.17959183673469 0.0
8.18367346938776 0.0
8.18775510204082 0.0
8.19183673469388 0.0
8.19591836734694 0.0
8.2 0.0
8.20408163265306 0.0
8.20816326530612 0.0
8.21224489795918 0.0
8.21632653061224 0.0
8.22040816326531 0.0
8.22448979591837 0.0
8.22857142857143 0.0
8.23265306122449 0.0
8.23673469387755 0.0
8.24081632653061 0.0
8.24489795918367 0.0
8.24897959183673 0.0
8.2530612244898 0.0
8.25714285714286 0.0
8.26122448979592 0.0
8.26530612244898 0.0
8.26938775510204 0.0
8.2734693877551 0.0
8.27755102040816 0.0
8.28163265306122 0.0
8.28571428571429 0.0
8.28979591836735 0.0
8.29387755102041 0.0
8.29795918367347 0.0
8.30204081632653 0.0
8.30612244897959 0.0
8.31020408163265 0.0
8.31428571428571 0.0
8.31836734693877 0.0
8.32244897959184 0.0
8.3265306122449 0.0
8.33061224489796 0.0
8.33469387755102 0.0
8.33877551020408 0.0
8.34285714285714 0.0
8.3469387755102 0.0
8.35102040816327 0.0
8.35510204081633 0.0
8.35918367346939 0.0
8.36326530612245 0.0
8.36734693877551 0.0
8.37142857142857 0.0
8.37551020408163 0.0
8.37959183673469 0.0
8.38367346938776 0.0
8.38775510204082 0.0
8.39183673469388 0.0
8.39591836734694 0.0
8.4 0.0
8.40408163265306 0.0
8.40816326530612 9.7907
8.41224489795918 4.28206
8.41632653061225 70.583
8.42040816326531 142.551
8.42448979591837 159.258
8.42857142857143 212.734
8.43265306122449 202.077
8.43673469387755 184.911
8.44081632653061 164.494
8.44489795918367 139.354
8.44897959183673 119.988
8.4530612244898 114.035
8.45714285714286 97.3238
8.46122448979592 82.0125
8.46530612244898 72.0875
8.46938775510204 61.6346
8.4734693877551 53.6023
8.47755102040816 47.4906
8.48163265306122 41.1352
8.48571428571429 32.8734
8.48979591836735 14.601
8.49387755102041 4.1889
8.49795918367347 0.752568
8.50204081632653 0.0
8.50612244897959 0.0
8.51020408163265 0.0
8.51428571428571 0.0
8.51836734693878 0.0
8.52244897959184 0.0
8.5265306122449 0.0
8.53061224489796 1.65296
8.53469387755102 1.35815
8.53877551020408 0.0
8.54285714285714 0.422359
8.5469387755102 2.0597
8.55102040816327 0.214338
8.55510204081633 0.0
8.55918367346939 0.0
8.56326530612245 0.0
8.56734693877551 0.0
8.57142857142857 0.0
8.57551020408163 0.0
8.57959183673469 2.54679
8.58367346938775 5.8347
8.58775510204082 13.4616
8.59183673469388 17.2204
8.59591836734694 7.79557
8.6 5.30076
8.60408163265306 0.376701
8.60816326530612 0.0
8.61224489795918 0.0
8.61632653061224 0.0
8.62040816326531 0.0
8.62448979591837 0.0
8.62857142857143 0.0
8.63265306122449 0.0
8.63673469387755 0.0
8.64081632653061 0.0
8.64489795918367 0.0
8.64897959183673 0.0
8.6530612244898 0.0
8.65714285714286 4.37486
8.66122448979592 1.0618
8.66530612244898 4.71759
8.66938775510204 5.17082
8.6734693877551 4.03953
8.67755102040816 2.54345
8.68163265306123 2.24078
8.68571428571429 0.0
8.68979591836735 0.0
8.69387755102041 0.0
8.69795918367347 0.0
8.70204081632653 0.0
8.70612244897959 0.0
8.71020408163265 3.38417
8.71428571428571 4.79311
8.71836734693878 4.67443
8.72244897959184 8.06403
8.7265306122449 11.6283
8.73061224489796 8.71873
8.73469387755102 4.72569
8.73877551020408 2.91193
8.74285714285714 7.93231
8.7469387755102 2.4128
8.75102040816327 0.0
8.75510204081633 0.0
8.75918367346939 0.0
8.76326530612245 0.0
8.76734693877551 10.0371
8.77142857142857 33.4892
8.77551020408163 40.9383
8.77959183673469 51.7093
8.78367346938776 70.559
8.78775510204082 66.2509
8.79183673469388 50.4749
8.79591836734694 31.8608
8.8 23.1059
8.80408163265306 6.0876
8.80816326530612 0.0
8.81224489795918 0.0
8.81632653061224 0.0
8.82040816326531 0.0
8.82448979591837 0.0
8.82857142857143 0.0
8.83265306122449 0.0
8.83673469387755 0.0
8.84081632653061 0.0
8.84489795918367 0.0
8.84897959183673 0.0
8.8530612244898 0.0
8.85714285714286 0.0
8.86122448979592 0.0
8.86530612244898 0.0
8.86938775510204 0.0
8.8734693877551 0.0
8.87755102040816 0.0
8.88163265306122 0.0
8.88571428571429 0.0
8.88979591836735 0.0
8.89387755102041 0.0
8.89795918367347 0.0
8.90204081632653 0.0
8.90612244897959 0.0
8.91020408163265 0.0
8.91428571428571 1.51318
8.91836734693878 0.0
8.92244897959184 0.0
8.9265306122449 6.234
8.93061224489796 7.07686
8.93469387755102 11.2977
8.93877551020408 4.22049
8.94285714285714 0.0
8.9469387755102 0.0
8.95102040816326 0.0
8.95510204081633 0.0
8.95918367346939 4.57066
8.96326530612245 0.819445
8.96734693877551 0.00524521
8.97142857142857 0.0
8.97551020408163 0.0
8.97959183673469 0.0
8.98367346938775 0.0
8.98775510204082 0.0
8.99183673469388 0.0
8.99591836734694 0.597239
9.0 0.907779
9.00408163265306 0.0
9.00816326530612 0.0
9.01224489795918 0.0
9.01632653061225 0.0
9.02040816326531 0.0
9.02448979591837 0.0
9.02857142857143 0.0
9.03265306122449 0.0
9.03673469387755 0.0
9.04081632653061 0.0
9.04489795918367 0.0
9.04897959183674 0.0
9.0530612244898 0.0
9.05714285714286 0.0
9.06122448979592 0.0
9.06530612244898 0.0
9.06938775510204 0.0
9.0734693877551 0.0
9.07755102040816 0.0
9.08163265306122 0.0
9.08571428571429 0.0
9.08979591836735 0.0
9.09387755102041 0.0
9.09795918367347 0.0
9.10204081632653 0.0
9.10612244897959 0.0
9.11020408163265 0.0
9.11428571428571 0.0
9.11836734693878 0.0
9.12244897959184 0.0
9.1265306122449 0.0
9.13061224489796 0.0
9.13469387755102 0.0
9.13877551020408 0.0
9.14285714285714 0.0
9.1469387755102 0.0
9.15102040816327 0.0
9.15510204081633 0.0
9.15918367346939 0.0
9.16326530612245 0.0
9.16734693877551 0.0
9.17142857142857 0.0
9.17551020408163 0.0
9.17959183673469 0.0
9.18367346938776 0.0
9.18775510204082 0.0
9.19183673469388 0.0
9.19591836734694 0.0
9.2 0.0
9.20408163265306 0.0
9.20816326530612 0.0
9.21224489795918 0.0
9.21632653061224 0.0
9.22040816326531 0.0
9.22448979591837 0.0
9.22857142857143 0.0
9.23265306122449 1.97887
9.23673469387755 2.71776
9.24081632653061 0.0
9.24489795918367 0.0
9.24897959183673 0.0
9.2530612244898 0.0
9.25714285714286 0.0
9.26122448979592 0.0
9.26530612244898 0.0
9.26938775510204 0.0
9.2734693877551 0.0
9.27755102040816 0.0
9.28163265306122 0.0
9.28571428571429 0.0
9.28979591836735 0.0
9.29387755102041 0.0
9.29795918367347 0.0
9.30204081632653 0.0
9.30612244897959 0.0
9.31020408163265 0.0
9.31428571428571 0.0
9.31836734693877 0.0
9.32244897959184 0.0
9.3265306122449 0.0
9.33061224489796 0.0
9.33469387755102 0.0
9.33877551020408 0.0
9.34285714285714 0.0
9.3469387755102 0.0
9.35102040816327 0.0
9.35510204081633 0.0
9.35918367346939 0.0
9.36326530612245 0.0
9.36734693877551 0.0
9.37142857142857 0.0
9.37551020408163 0.0
9.37959183673469 0.0
9.38367346938776 1.16086
9.38775510204082 0.52464
9.39183673469388 0.0795722
9.39591836734694 0.471652
9.4 0.0
9.40408163265306 0.0
9.40816326530612 0.0
9.41224489795918 0.0
9.41632653061225 220.007
9.42040816326531 832.238
9.42448979591837 437.812
9.42857142857143 376.937
9.43265306122449 356.872
9.43673469387755 310.73
9.44081632653061 251.28
9.44489795918367 210.341
9.44897959183673 173.209
9.4530612244898 135.874
9.45714285714286 105.742
9.46122448979592 80.0278
9.46530612244898 54.3563
9.46938775510204 38.1173
9.4734693877551 18.2427
9.47755102040816 5.8012
9.48163265306122 1.63412
9.48571428571429 0.0
9.48979591836735 0.0
9.49387755102041 0.0
9.49795918367347 0.0
9.50204081632653 0.0
9.50612244897959 0.0
9.51020408163265 0.0
9.51428571428571 0.0
9.51836734693878 0.0
9.52244897959184 0.0
9.5265306122449 0.0
9.53061224489796 0.0
9.53469387755102 0.0
9.53877551020408 0.0
9.54285714285714 0.0
9.5469387755102 0.0
9.55102040816327 0.0
9.55510204081633 0.0
9.55918367346939 0.0
9.56326530612245 0.0
9.56734693877551 0.0
9.57142857142857 0.0
9.57551020408163 0.0
9.57959183673469 0.0
9.58367346938775 0.0
9.58775510204082 0.0
9.59183673469388 0.0
9.59591836734694 0.0
9.6 0.0
9.60408163265306 0.0
9.60816326530612 0.0
9.61224489795918 0.0
9.61632653061224 0.0
9.62040816326531 0.0
9.62448979591837 0.0
9.62857142857143 0.0
9.63265306122449 0.0
9.63673469387755 0.0
9.64081632653061 0.0
9.64489795918367 0.0
9.64897959183673 0.0
9.6530612244898 0.0
9.65714285714286 0.0
9.66122448979592 0.0
9.66530612244898 0.0
9.66938775510204 0.0
9.6734693877551 0.0
9.67755102040816 0.0
9.68163265306123 0.0
9.68571428571429 0.0
9.68979591836735 0.0
9.69387755102041 0.0
9.69795918367347 0.0
9.70204081632653 0.0
9.70612244897959 0.0
9.71020408163265 0.0
9.71428571428571 0.0
9.71836734693878 0.0
9.72244897959184 0.0
9.7265306122449 0.0
9.73061224489796 0.0
9.73469387755102 0.0
9.73877551020408 0.0
9.74285714285714 0.0
9.7469387755102 0.0
9.75102040816327 0.0
9.75510204081633 0.0
9.75918367346939 0.0
9.76326530612245 0.0
9.76734693877551 0.0
9.77142857142857 0.0
9.77551020408163 0.0
9.77959183673469 0.0
9.78367346938776 0.0
9.78775510204082 0.0
9.79183673469388 0.0
9.79591836734694 0.123709
9.8 0.0
9.80408163265306 0.0
9.80816326530612 0.0
9.81224489795918 0.0
9.81632653061224 0.0
9.82040816326531 0.0
9.82448979591837 0.0
9.82857142857143 0.0
9.83265306122449 0.0
9.83673469387755 0.0
9.84081632653061 0.0
9.84489795918367 0.0
9.84897959183673 0.0
9.8530612244898 0.0
9.85714285714286 0.0
9.86122448979592 0.0
9.86530612244898 0.0
9.86938775510204 0.0
9.8734693877551 0.0
9.87755102040816 0.0
9.88163265306122 0.0
9.88571428571429 0.0
9.88979591836735 0.0
9.89387755102041 3.01793
9.89795918367347 0.0
9.90204081632653 0.0
9.90612244897959 0.0
9.91020408163265 0.0
9.91428571428571 0.0
9.91836734693878 0.0
9.92244897959184 0.0
9.9265306122449 0.0
9.93061224489796 0.0
9.93469387755102 0.0
9.93877551020408 0.0
9.94285714285714 0.0
9.9469387755102 0.0
9.95102040816326 0.0
9.95510204081633 0.0
9.95918367346939 0.0
9.96326530612245 0.0
9.96734693877551 1.54126
9.97142857142857 2.58565
9.97551020408163 0.64826
9.97959183673469 0.0
9.98367346938775 0.0
9.98775510204082 0.0
9.99183673469388 0.0
9.99591836734694 0.0
10.0 0.0
10.0040816326531 0.0
10.0081632653061 0.0
10.0122448979592 0.0
10.0163265306122 0.0
10.0204081632653 0.0
10.0244897959184 0.0
10.0285714285714 0.0
10.0326530612245 0.0
10.0367346938776 0.0
10.0408163265306 0.0
10.0448979591837 0.0
10.0489795918367 0.0
10.0530612244898 0.0
10.0571428571429 0.0
10.0612244897959 0.0
10.065306122449 0.0
10.069387755102 0.0
10.0734693877551 0.0
10.0775510204082 0.0
10.0816326530612 186.66
10.0857142857143 1291.34
10.0897959183673 304.078
10.0938775510204 326.802
10.0979591836735 361.502
10.1020408163265 306.057
10.1061224489796 244.584
10.1102040816327 205.662
10.1142857142857 161.025
10.1183673469388 123.657
10.1224489795918 90.4228
10.1265306122449 61.7324
10.130612244898 33.9132
10.134693877551 7.35846
10.1387755102041 0.0
10.1428571428571 0.0
10.1469387755102 0.0
10.1510204081633 0.0
10.1551020408163 0.0
10.1591836734694 0.0
10.1632653061224 0.0
10.1673469387755 0.0
10.1714285714286 0.0
10.1755102040816 0.0
10.1795918367347 0.0
10.1836734693878 0.0
10.1877551020408 0.0
10.1918367346939 0.0
10.1959183673469 0.0
10.2 0.0
10.2040816326531 7.38009
10.2081632653061 0.0
10.2122448979592 0.0
10.2163265306122 0.0
10.2204081632653 0.0
10.2244897959184 0.0
10.2285714285714 0.0
10.2326530612245 0.0
10.2367346938776 0.0
10.2408163265306 0.0
10.2448979591837 0.0
10.2489795918367 0.0
10.2530612244898 0.0
10.2571428571429 0.0
10.2612244897959 13.855
10.265306122449 31.3529
10.269387755102 99.7139
10.2734693877551 132.997
10.2775510204082 170.154
10.2816326530612 175.685
10.2857142857143 176.323
10.2897959183673 154.594
10.2938775510204 126.245
10.2979591836735 98.8356
10.3020408163265 74.2975
10.3061224489796 51.8709
10.3102040816327 45.5011
10.3142857142857 32.3508
10.3183673469388 36.9897
10.3224489795918 42.2787
10.3265306122449 61.2378
10.330612244898 84.3641
10.334693877551 83.7804
10.3387755102041 80.6406
10.3428571428571 68.1632
10.3469387755102 59.9105
10.3510204081633 44.7071
10.3551020408163 26.6604
10.3591836734694 8.48734
10.3632653061224 0.0
10.3673469387755 0.0
10.3714285714286 0.0
10.3755102040816 0.0
10.3795918367347 0.0
10.3836734693878 0.0
10.3877551020408 0.0
10.3918367346939 0.0
10.3959183673469 0.0
10.4 0.0
10.4040816326531 0.0
10.4081632653061 5.51939
10.4122448979592 1.44887
10.4163265306122 1.00567
10.4204081632653 3.5733
10.4244897959184 1.63698
10.4285714285714 7.87306
10.4326530612245 4.04426
10.4367346938776 14.0579
10.4408163265306 16.4071
10.4448979591837 22.3035
10.4489795918367 11.193
10.4530612244898 4.46546
10.4571428571429 0.0
10.4612244897959 0.0
10.465306122449 0.0
10.469387755102 5.93621
10.4734693877551 29.3565
10.4775510204082 51.2965
10.4816326530612 50.6883
10.4857142857143 46.4697
10.4897959183673 39.5964
10.4938775510204 40.222
10.4979591836735 31.2749
10.5020408163265 18.4112
10.5061224489796 13.1053
10.5102040816327 8.9353
10.5142857142857 1.50054
10.5183673469388 1.01313
10.5224489795918 1.14921
10.5265306122449 1.47753
10.530612244898 0.0
10.534693877551 0.0
10.5387755102041 0.0
10.5428571428571 0.0
10.5469387755102 0.0
10.5510204081633 0.0
10.5551020408163 0.0
10.5591836734694 0.0
10.5632653061224 0.0
10.5673469387755 0.0
10.5714285714286 0.0
10.5755102040816 0.0
10.5795918367347 0.0
10.5836734693878 0.0
10.5877551020408 0.0
10.5918367346939 2.28544
10.5959183673469 5.38027
10.6 4.78125
10.6040816326531 7.61148
10.6081632653061 5.8161
10.6122448979592 4.17674
10.6163265306122 3.11399
10.6204081632653 2.37215
10.6244897959184 1.15061
10.6285714285714 0.310607
10.6326530612245 6.51133
10.6367346938776 8.91888
10.6408163265306 13.7914
10.6448979591837 17.5808
10.6489795918367 23.6552
10.6530612244898 29.5386
10.6571428571429 28.8543
10.6612244897959 17.3807
10.665306122449 7.5689
10.669387755102 6.63024
10.6734693877551 0.0
10.6775510204082 0.0
10.6816326530612 0.706315
10.6857142857143 0.0
10.6897959183673 0.0
10.6938775510204 0.0
10.6979591836735 0.0
10.7020408163265 0.0
10.7061224489796 0.0
10.7102040816327 0.0
10.7142857142857 0.0
10.7183673469388 0.0
10.7224489795918 0.997245
10.7265306122449 8.6318
10.730612244898 8.87001
10.734693877551 5.8558
10.7387755102041 4.23094
10.7428571428571 2.8736
10.7469387755102 1.4381
10.7510204081633 3.41502
10.7551020408163 33.4291
10.7591836734694 14.4108
10.7632653061224 77.0877
10.7673469387755 102.905
10.7714285714286 168.581
10.7755102040816 153.122
10.7795918367347 150.118
10.7836734693878 131.541
10.7877551020408 102.044
10.7918367346939 79.7691
10.7959183673469 54.4971
10.8 31.5261
10.8040816326531 11.8153
10.8081632653061 0.0
10.8122448979592 0.0
10.8163265306122 0.0
10.8204081632653 0.0
10.8244897959184 0.0
10.8285714285714 0.0
10.8326530612245 0.0
10.8367346938776 0.0
10.8408163265306 0.0
10.8448979591837 0.0
10.8489795918367 0.0
10.8530612244898 0.0
10.8571428571429 0.0
10.8612244897959 0.0
10.865306122449 0.0
10.869387755102 0.0
10.8734693877551 0.0
10.8775510204082 0.0
10.8816326530612 0.0
10.8857142857143 0.0
10.8897959183673 0.0
10.8938775510204 0.0
10.8979591836735 0.0
10.9020408163265 0.0
10.9061224489796 0.0
10.9102040816327 0.0
10.9142857142857 0.0
10.9183673469388 0.0
10.9224489795918 0.0
10.9265306122449 0.0
10.930612244898 0.0
10.934693877551 0.0
10.9387755102041 0.0
10.9428571428571 0.174701
10.9469387755102 3.03262
10.9510204081633 1.17171
10.9551020408163 4.44037
10.9591836734694 2.28429
10.9632653061224 0.0
10.9673469387755 0.0
10.9714285714286 0.0
10.9755102040816 0.0
10.9795918367347 0.0
10.9836734693878 0.0
10.9877551020408 0.182569
10.9918367346939 0.0
10.9959183673469 0.0
11.0 0.0
11.0040816326531 0.0
11.0081632653061 0.0
11.0122448979592 0.0
11.0163265306122 0.0
11.0204081632653 0.0
11.0244897959184 0.0
11.0285714285714 0.511169
11.0326530612245 0.0
11.0367346938776 0.0
11.0408163265306 0.0
11.0448979591837 0.0
11.0489795918367 0.0
11.0530612244898 1.70469
11.0571428571429 0.0
11.0612244897959 6.24841
11.065306122449 0.0
11.069387755102 6.50799
11.0734693877551 0.0
11.0775510204082 4.905
11.0816326530612 2.97832
11.0857142857143 5.48935
11.0897959183673 3.93969
11.0938775510204 6.81514
11.0979591836735 1.72901
11.1020408163265 3.25622
11.1061224489796 0.691205
11.1102040816327 0.0
11.1142857142857 0.0
11.1183673469388 0.0
11.1224489795918 0.0
11.1265306122449 7.77435
11.130612244898 6.45975
11.134693877551 0.481009
11.1387755102041 1.62381
11.1428571428571 0.0
11.1469387755102 0.0
11.1510204081633 0.0
11.1551020408163 0.0
11.1591836734694 0.0
11.1632653061224 0.0
11.1673469387755 0.0
11.1714285714286 0.0
11.1755102040816 0.0
11.1795918367347 0.101566
11.1836734693878 3.09253
11.1877551020408 0.747588
11.1918367346939 0.0
11.1959183673469 0.0
11.2 0.0
11.2040816326531 0.0
11.2081632653061 0.0
11.2122448979592 0.0
11.2163265306122 0.0
11.2204081632653 0.222228
11.2244897959184 1.61842
11.2285714285714 3.18652
11.2326530612245 9.11329
11.2367346938776 6.30838
11.2408163265306 4.30006
11.2448979591837 8.57057
11.2489795918367 13.4347
11.2530612244898 32.7331
11.2571428571429 38.9116
11.2612244897959 32.2032
11.265306122449 32.0877
11.269387755102 21.2664
11.2734693877551 14.6093
11.2775510204082 4.56965
11.2816326530612 11.595
11.2857142857143 6.43627
11.2897959183673 4.2845
11.2938775510204 3.3831
11.2979591836735 6.23274
11.3020408163265 6.75488
11.3061224489796 7.04223
11.3102040816327 4.78572
11.3142857142857 1.33222
11.3183673469388 0.0
11.3224489795918 0.0
11.3265306122449 0.0
11.330612244898 0.0
11.334693877551 0.0
11.3387755102041 0.0
11.3428571428571 0.0
11.3469387755102 0.0
11.3510204081633 0.0
11.3551020408163 0.0
11.3591836734694 0.0
11.3632653061224 0.0
11.3673469387755 0.0
11.3714285714286 0.0
11.3755102040816 0.0
11.3795918367347 0.0
11.3836734693878 0.0
11.3877551020408 0.0
11.3918367346939 0.0
11.3959183673469 0.0
11.4 2.06864
11.4040816326531 0.0
11.4081632653061 0.366837
11.4122448979592 18.4405
11.4163265306122 38.1112
11.4204081632653 80.4916
11.4244897959184 97.4518
11.4285714285714 108.906
11.4326530612245 113.833
11.4367346938776 128.127
11.4408163265306 124.842
11.4448979591837 113.17
11.4489795918367 95.6655
11.4530612244898 76.6392
11.4571428571429 56.1622
11.4612244897959 36.4496
11.465306122449 22.3337
11.469387755102 7.96282
11.4734693877551 0.0
11.4775510204082 0.0
11.4816326530612 0.0
11.4857142857143 0.0
11.4897959183673 0.0
11.4938775510204 0.0
11.4979591836735 0.0
11.5020408163265 0.0
11.5061224489796 0.0
11.5102040816327 0.0
11.5142857142857 0.0
11.5183673469388 0.0
11.5224489795918 0.0
11.5265306122449 0.0
11.530612244898 0.0
11.534693877551 0.0
11.5387755102041 0.0
11.5428571428571 0.0
11.5469387755102 0.0
11.5510204081633 0.0
11.5551020408163 1.0618
11.5591836734694 2.54822
11.5632653061224 0.222683
11.5673469387755 0.0
11.5714285714286 1.15383
11.5755102040816 0.0
11.5795918367347 0.0
11.5836734693878 0.0
11.5877551020408 0.0
11.5918367346939 0.0
11.5959183673469 0.0
11.6 0.0
11.6040816326531 0.0
11.6081632653061 0.0
11.6122448979592 0.0
11.6163265306122 0.0
11.6204081632653 0.0
11.6244897959184 0.4455
11.6285714285714 2.44042
11.6326530612245 1.54638
11.6367346938776 0.0
11.6408163265306 0.0
11.6448979591837 0.0
11.6489795918367 0.0
11.6530612244898 0.0
11.6571428571429 0.0
11.6612244897959 0.0
11.665306122449 0.0
11.669387755102 0.0
11.6734693877551 0.0
11.6775510204082 0.0
11.6816326530612 0.0
11.6857142857143 0.0
11.6897959183673 0.0
11.6938775510204 0.0
11.6979591836735 0.0
11.7020408163265 0.0
11.7061224489796 0.0
11.7102040816327 0.0
11.7142857142857 0.0
11.7183673469388 0.0
11.7224489795918 0.0
11.7265306122449 0.0
11.730612244898 0.0
11.734693877551 0.0
11.7387755102041 0.0
11.7428571428571 0.0
11.7469387755102 0.0
11.7510204081633 0.0
11.7551020408163 0.0
11.7591836734694 0.0
11.7632653061224 0.0
11.7673469387755 0.0
11.7714285714286 0.0
11.7755102040816 0.0
11.7795918367347 0.0
11.7836734693878 0.0
11.7877551020408 0.0
11.7918367346939 0.0
11.7959183673469 0.0
11.8 0.0
11.8040816326531 0.0
11.8081632653061 0.0
11.8122448979592 0.0
11.8163265306122 0.0
11.8204081632653 0.0
11.8244897959184 0.0
11.8285714285714 0.0
11.8326530612245 0.0
11.8367346938776 0.0
11.8408163265306 0.0
11.8448979591837 0.0
11.8489795918367 0.0
11.8530612244898 0.0
11.8571428571429 0.0
11.8612244897959 0.0
11.865306122449 0.0
11.869387755102 0.0
11.8734693877551 0.0
11.8775510204082 0.0
11.8816326530612 0.0
11.8857142857143 0.0
11.8897959183673 0.0
11.8938775510204 0.0
11.8979591836735 0.0
11.9020408163265 0.0
11.9061224489796 0.0
11.9102040816327 0.0
11.9142857142857 0.0
11.9183673469388 0.0
11.9224489795918 0.0
11.9265306122449 0.0
11.930612244898 0.0
11.934693877551 0.0
11.9387755102041 2.47633
11.9428571428571 5.3519
11.9469387755102 0.0
11.9510204081633 0.0
11.9551020408163 0.504941
11.9591836734694 4.1483
11.9632653061224 3.35827
11.9673469387755 2.69419
11.9714285714286 0.0
11.9755102040816 0.0
11.9795918367347 0.0
11.9836734693878 0.0
11.9877551020408 0.0
11.9918367346939 0.0
11.9959183673469 0.0
12.0 0.0
12.0040816326531 0.0
12.0081632653061 0.0
12.0122448979592 0.0
12.0163265306122 0.0
12.0204081632653 0.0
12.0244897959184 0.0
12.0285714285714 0.0
12.0326530612245 0.0
12.0367346938776 0.0
12.0408163265306 0.0
12.0448979591837 0.0
12.0489795918367 0.0
12.0530612244898 0.0
12.0571428571429 0.0
12.0612244897959 2.62487
12.065306122449 3.07658
12.069387755102 0.0
12.0734693877551 0.0
12.0775510204082 0.0
12.0816326530612 0.0
12.0857142857143 856.698
12.0897959183673 489.357
12.0938775510204 392.729
12.0979591836735 369.378
12.1020408163265 339.815
12.1061224489796 288.118
12.1102040816327 246.099
12.1142857142857 199.987
12.1183673469388 162.966
12.1224489795918 129.208
12.1265306122449 100.412
12.130612244898 74.0944
12.134693877551 51.8835
12.1387755102041 35.5469
12.1428571428571 10.8809
12.1469387755102 0.0
12.1510204081633 0.0
12.1551020408163 0.0
12.1591836734694 0.0
12.1632653061224 0.0
12.1673469387755 0.0
12.1714285714286 0.0
12.1755102040816 0.0
12.1795918367347 0.0
12.1836734693878 0.0
12.1877551020408 0.0
12.1918367346939 0.0
12.1959183673469 0.0
12.2 0.0
12.2040816326531 0.0
12.2081632653061 0.0
12.2122448979592 0.0
12.2163265306122 0.0
12.2204081632653 0.0
12.2244897959184 0.0
12.2285714285714 0.0
12.2326530612245 0.0
12.2367346938776 0.0
12.2408163265306 0.0
12.2448979591837 0.0
12.2489795918367 0.0
12.2530612244898 0.0
12.2571428571429 0.0
12.2612244897959 0.0
12.265306122449 0.0
12.269387755102 0.0
12.2734693877551 0.0
12.2775510204082 0.0
12.2816326530612 0.0
12.2857142857143 0.0
12.2897959183673 0.0
12.2938775510204 0.0
12.2979591836735 0.0
12.3020408163265 0.0
12.3061224489796 0.0
12.3102040816327 0.0
12.3142857142857 0.0
12.3183673469388 0.0
12.3224489795918 0.0
12.3265306122449 0.0
12.330612244898 0.0
12.334693877551 0.0
12.3387755102041 0.0
12.3428571428571 0.0
12.3469387755102 0.0
12.3510204081633 0.0
12.3551020408163 0.0
12.3591836734694 0.0
12.3632653061224 0.0
12.3673469387755 0.0
12.3714285714286 0.0
12.3755102040816 0.0
12.3795918367347 0.0
12.3836734693878 0.0
12.3877551020408 0.0
12.3918367346939 0.0
12.3959183673469 0.0
12.4 0.0
12.4040816326531 0.0
12.4081632653061 0.0
12.4122448979592 0.0
12.4163265306122 4.69664
12.4204081632653 28.3059
12.4244897959184 69.726
12.4285714285714 113.631
12.4326530612245 107.448
12.4367346938776 132.733
12.4408163265306 133.778
12.4448979591837 151.365
12.4489795918367 133.021
12.4530612244898 127.21
12.4571428571429 121.876
12.4612244897959 97.164
12.465306122449 84.4615
12.469387755102 91.6388
12.4734693877551 81.4904
12.4775510204082 83.7775
12.4816326530612 63.0502
12.4857142857143 64.9171
12.4897959183673 53.5719
12.4938775510204 47.0231
12.4979591836735 44.2873
12.5020408163265 48.3379
12.5061224489796 46.0805
12.5102040816327 42.2679
12.5142857142857 38.4426
12.5183673469388 33.6633
12.5224489795918 26.2773
12.5265306122449 14.3305
12.530612244898 6.49869
12.534693877551 0.0
12.5387755102041 0.0
12.5428571428571 0.0
12.5469387755102 0.0
12.5510204081633 0.0
12.5551020408163 0.0
12.5591836734694 0.0
12.5632653061224 0.0
12.5673469387755 0.0
12.5714285714286 0.0
12.5755102040816 0.0
12.5795918367347 0.0
12.5836734693878 0.0
12.5877551020408 0.0
12.5918367346939 0.0
12.5959183673469 0.0
12.6 0.0
12.6040816326531 0.0
12.6081632653061 0.0
12.6122448979592 0.0
12.6163265306122 0.0
12.6204081632653 0.0
12.6244897959184 0.0
12.6285714285714 0.0
12.6326530612245 0.0
12.6367346938776 0.756145
12.6408163265306 0.0
12.6448979591837 1.53911
12.6489795918367 5.65979
12.6530612244898 14.4776
12.6571428571429 18.4264
12.6612244897959 25.6659
12.665306122449 18.7428
12.669387755102 14.1299
12.6734693877551 14.9121
12.6775510204082 14.9857
12.6816326530612 14.2196
12.6857142857143 6.43879
12.6897959183673 1.14584
12.6938775510204 0.0634193
12.6979591836735 0.0
12.7020408163265 0.14174
12.7061224489796 2.91324
12.7102040816327 0.723004
12.7142857142857 0.0
12.7183673469388 0.0
12.7224489795918 0.0
12.7265306122449 0.0
12.730612244898 0.0
12.734693877551 0.0
12.7387755102041 0.0
12.7428571428571 0.0
12.7469387755102 0.0
12.7510204081633 0.0
12.7551020408163 0.0
12.7591836734694 0.0
12.7632653061224 1.36149
12.7673469387755 1.46592
12.7714285714286 2.93273
12.7755102040816 11.984
12.7795918367347 13.5909
12.7836734693878 33.7259
12.7877551020408 62.8008
12.7918367346939 61.4828
12.7959183673469 55.7495
12.8 48.4241
12.8040816326531 37.3324
12.8081632653061 24.3489
12.8122448979592 5.17905
12.8163265306122 0.0
12.8204081632653 0.0
12.8244897959184 0.0
12.8285714285714 0.0
12.8326530612245 0.0
12.8367346938776 0.0
12.8408163265306 0.0
12.8448979591837 0.0
12.8489795918367 0.0
12.8530612244898 0.0
12.8571428571429 0.0
12.8612244897959 0.0
12.865306122449 6.38604
12.869387755102 10.446
12.8734693877551 4.43208
12.8775510204082 0.0
12.8816326530612 0.640869
12.8857142857143 0.0
12.8897959183673 0.0
12.8938775510204 0.0
12.8979591836735 0.0
12.9020408163265 0.0
12.9061224489796 0.0
12.9102040816327 0.0
12.9142857142857 0.0
12.9183673469388 3.12817
12.9224489795918 6.52948
12.9265306122449 6.72841
12.930612244898 10.5821
12.934693877551 7.27436
12.9387755102041 6.04603
12.9428571428571 6.03589
12.9469387755102 7.26664
12.9510204081633 5.89681
12.9551020408163 6.05941
12.9591836734694 7.87556
12.9632653061224 7.25746
12.9673469387755 5.73224
12.9714285714286 3.31527
12.9755102040816 1.89948
12.9795918367347 5.95284
12.9836734693878 4.23312
12.9877551020408 2.14303
12.9918367346939 0.0
12.9959183673469 0.0
13.0 0.0
13.0040816326531 0.0
13.0081632653061 0.0
13.0122448979592 0.0
13.0163265306122 0.0
13.0204081632653 0.0
13.0244897959184 0.0
13.0285714285714 0.0
13.0326530612245 0.0
13.0367346938776 0.0
13.0408163265306 0.0
13.0448979591837 0.0
13.0489795918367 0.0
13.0530612244898 0.0
13.0571428571429 0.0
13.0612244897959 0.0
13.065306122449 0.0
13.069387755102 0.0
13.0734693877551 0.0
13.0775510204082 0.0
13.0816326530612 0.0
13.0857142857143 0.0
13.0897959183673 0.0
13.0938775510204 0.0
13.0979591836735 0.0
13.1020408163265 0.0
13.1061224489796 0.0
13.1102040816327 0.0
13.1142857142857 0.0
13.1183673469388 0.0
13.1224489795918 0.0
13.1265306122449 0.0
13.130612244898 0.0
13.134693877551 0.0
13.1387755102041 0.0
13.1428571428571 0.0
13.1469387755102 0.0
13.1510204081633 0.0
13.1551020408163 0.0
13.1591836734694 0.0
13.1632653061224 0.0
13.1673469387755 0.0
13.1714285714286 0.0
13.1755102040816 0.0
13.1795918367347 0.0
13.1836734693878 0.0
13.1877551020408 0.0
13.1918367346939 0.0
13.1959183673469 0.0
13.2 0.0
13.2040816326531 0.0
13.2081632653061 0.0
13.2122448979592 0.0
13.2163265306122 0.0
13.2204081632653 0.0
13.2244897959184 0.0
13.2285714285714 0.0
13.2326530612245 0.0
13.2367346938776 0.0
13.2408163265306 0.0
13.2448979591837 0.0
13.2489795918367 0.0
13.2530612244898 0.0
13.2571428571429 0.0
13.2612244897959 0.0
13.265306122449 0.0
13.269387755102 0.0
13.2734693877551 0.0
13.2775510204082 0.0
13.2816326530612 0.0
13.2857142857143 0.0
13.2897959183673 0.0
13.2938775510204 0.0
13.2979591836735 0.0
13.3020408163265 0.0
13.3061224489796 0.0
13.3102040816327 0.0
13.3142857142857 0.0
13.3183673469388 0.0
13.3224489795918 0.0
13.3265306122449 0.0
13.330612244898 0.0
13.334693877551 0.0
13.3387755102041 0.0
13.3428571428571 0.0
13.3469387755102 0.0
13.3510204081633 0.0
13.3551020408163 0.0
13.3591836734694 0.0
13.3632653061224 0.0
13.3673469387755 0.0
13.3714285714286 0.0
13.3755102040816 0.0
13.3795918367347 0.0
13.3836734693878 0.0
13.3877551020408 0.0
13.3918367346939 0.0
13.3959183673469 0.0
13.4 0.0
13.4040816326531 0.0
13.4081632653061 0.41312
13.4122448979592 1.17797
13.4163265306122 4.17173
13.4204081632653 3.37803
13.4244897959184 0.0
13.4285714285714 3.46965
13.4326530612245 847.666
13.4367346938776 537.293
13.4408163265306 415.442
13.4448979591837 374.084
13.4489795918367 342.4
13.4530612244898 288.971
13.4571428571429 237.485
13.4612244897959 196.099
13.465306122449 160.461
13.469387755102 126.749
13.4734693877551 97.7164
13.4775510204082 73.1387
13.4816326530612 50.8015
13.4857142857143 28.6733
13.4897959183673 7.54857
13.4938775510204 0.0
13.4979591836735 0.0
13.5020408163265 0.0
13.5061224489796 0.0
13.5102040816327 0.0
13.5142857142857 0.0
13.5183673469388 0.0
13.5224489795918 0.0
13.5265306122449 0.0
13.530612244898 0.0
13.534693877551 0.0
13.5387755102041 0.0
13.5428571428571 0.0
13.5469387755102 0.0
13.5510204081633 0.0
13.5551020408163 0.0
13.5591836734694 0.0
13.5632653061224 0.0
13.5673469387755 0.0
13.5714285714286 0.0
13.5755102040816 0.0
13.5795918367347 0.0
13.5836734693878 0.0
13.5877551020408 0.0
13.5918367346939 0.0
13.5959183673469 0.0
13.6 0.0
13.6040816326531 0.0
13.6081632653061 0.0
13.6122448979592 0.0
13.6163265306122 0.0
13.6204081632653 0.0
13.6244897959184 0.0
13.6285714285714 0.0
13.6326530612245 0.0
13.6367346938776 0.0
13.6408163265306 0.0
13.6448979591837 0.0
13.6489795918367 0.0
13.6530612244898 0.0
13.6571428571429 0.0
13.6612244897959 0.0
13.665306122449 0.0
13.669387755102 0.0
13.6734693877551 0.0
13.6775510204082 0.0
13.6816326530612 0.0
13.6857142857143 0.0
13.6897959183673 0.0
13.6938775510204 0.0
13.6979591836735 0.0
13.7020408163265 0.0
13.7061224489796 0.0
13.7102040816327 0.0
13.7142857142857 0.0
13.7183673469388 0.0
13.7224489795918 0.0
13.7265306122449 0.0
13.730612244898 0.0
13.734693877551 0.0
13.7387755102041 0.0
13.7428571428571 0.0
13.7469387755102 0.0
13.7510204081633 8.01497
13.7551020408163 29.6757
13.7591836734694 44.3931
13.7632653061224 55.4646
13.7673469387755 92.118
13.7714285714286 93.8366
13.7755102040816 138.249
13.7795918367347 146.265
13.7836734693878 152.018
13.7877551020408 166.099
13.7918367346939 165.169
13.7959183673469 143.754
13.8 137.358
13.8040816326531 126.039
13.8081632653061 129.044
13.8122448979592 112.187
13.8163265306122 95.8326
13.8204081632653 80.3682
13.8244897959184 66.9875
13.8285714285714 54.8284
13.8326530612245 43.8632
13.8367346938776 37.7729
13.8408163265306 27.4989
13.8448979591837 20.9297
13.8489795918367 14.4764
13.8530612244898 15.9085
13.8571428571429 13.3016
13.8612244897959 6.27136
13.865306122449 2.04325
13.869387755102 0.0
13.8734693877551 0.0
13.8775510204082 0.0
13.8816326530612 0.0
13.8857142857143 0.0
13.8897959183673 0.0
13.8938775510204 0.0
13.8979591836735 0.0
13.9020408163265 0.0
13.9061224489796 0.0
13.9102040816327 0.0
13.9142857142857 0.0
13.9183673469388 0.0
13.9224489795918 2.10863
13.9265306122449 1.33038
13.930612244898 2.46048
13.934693877551 5.10049
13.9387755102041 6.59913
13.9428571428571 3.80915
13.9469387755102 3.57828
13.9510204081633 0.725865
13.9551020408163 0.0
13.9591836734694 0.0
13.9632653061224 0.0
13.9673469387755 0.0
13.9714285714286 0.0
13.9755102040816 0.0
13.9795918367347 0.0
13.9836734693878 0.0
13.9877551020408 3.71897
13.9918367346939 17.2158
13.9959183673469 20.7779
14.0 20.4183
14.0040816326531 22.4547
14.0081632653061 17.2355
14.0122448979592 12.4542
14.0163265306122 14.2172
14.0204081632653 13.4659
14.0244897959184 8.85558
14.0285714285714 2.386
14.0326530612245 2.88513
14.0367346938776 0.75826
14.0408163265306 1.32978
14.0448979591837 0.0
14.0489795918367 0.0
14.0530612244898 0.0
14.0571428571429 0.0
14.0612244897959 0.0
14.065306122449 0.0
14.069387755102 0.0
14.0734693877551 0.0
14.0775510204082 0.0
14.0816326530612 0.0
14.0857142857143 0.0
14.0897959183673 1.66285
14.0938775510204 5.45454
14.0979591836735 5.35429
14.1020408163265 7.33525
14.1061224489796 9.02189
14.1102040816327 9.1697
14.1142857142857 28.0414
14.1183673469388 28.4404
14.1224489795918 25.727
14.1265306122449 41.1915
14.130612244898 28.4058
14.134693877551 32.3384
14.1387755102041 22.9101
14.1428571428571 18.0115
14.1469387755102 6.648
14.1510204081633 1.54638
14.1551020408163 0.0
14.1591836734694 0.0
14.1632653061224 0.0
14.1673469387755 0.0
14.1714285714286 0.0
14.1755102040816 0.0
14.1795918367347 0.0
14.1836734693878 0.900388
14.1877551020408 6.95527
14.1918367346939 10.493
14.1959183673469 4.62401
14.2 0.0
14.2040816326531 1.7097
14.2081632653061 0.0
14.2122448979592 0.0
14.2163265306122 0.0
14.2204081632653 0.0
14.2244897959184 0.0
14.2285714285714 0.0
14.2326530612245 0.0
14.2367346938776 1.89805
14.2408163265306 5.65493
14.2448979591837 4.61239
14.2489795918367 8.02845
14.2530612244898 0.709057
14.2571428571429 0.0
14.2612244897959 0.0
14.265306122449 0.0
14.269387755102 0.598907
14.2734693877551 0.489831
14.2775510204082 0.841379
14.2816326530612 7.27594
14.2857142857143 5.5548
14.2897959183673 3.65126
14.2938775510204 1.00183
14.2979591836735 0.0
14.3020408163265 0.0
14.3061224489796 0.0
14.3102040816327 0.0
14.3142857142857 0.0
14.3183673469388 0.0
14.3224489795918 0.0
14.3265306122449 0.0
14.330612244898 0.0
14.334693877551 0.0
14.3387755102041 0.0
14.3428571428571 0.0
14.3469387755102 0.0
14.3510204081633 0.0
14.3551020408163 0.0
14.3591836734694 0.0
14.3632653061224 0.0
14.3673469387755 0.0
14.3714285714286 0.0
14.3755102040816 0.0
14.3795918367347 0.0
14.3836734693878 0.0
14.3877551020408 0.0
14.3918367346939 0.0
14.3959183673469 0.0
14.4 0.0
14.4040816326531 0.0
14.4081632653061 0.0
14.4122448979592 0.0
14.4163265306122 0.0
14.4204081632653 0.0
14.4244897959184 0.0
14.4285714285714 0.0
14.4326530612245 0.0
14.4367346938776 0.0
14.4408163265306 0.0
14.4448979591837 0.0
14.4489795918367 0.0
14.4530612244898 0.0
14.4571428571429 0.0
14.4612244897959 0.0
14.465306122449 0.0
14.469387755102 0.0
14.4734693877551 0.0
14.4775510204082 0.0
14.4816326530612 0.0
14.4857142857143 0.0
14.4897959183673 0.0
14.4938775510204 0.0
14.4979591836735 0.0
14.5020408163265 0.0
14.5061224489796 0.0
14.5102040816327 0.0
14.5142857142857 0.0
14.5183673469388 0.0
14.5224489795918 0.0
14.5265306122449 0.0
14.530612244898 0.0
14.534693877551 0.0
14.5387755102041 0.0
14.5428571428571 0.0
14.5469387755102 0.0
14.5510204081633 0.0
14.5551020408163 0.0
14.5591836734694 0.0
14.5632653061224 0.0
14.5673469387755 0.0
14.5714285714286 0.0
14.5755102040816 0.0
14.5795918367347 0.0
14.5836734693878 0.0
14.5877551020408 0.0
14.5918367346939 0.0
14.5959183673469 0.0
14.6 0.0
14.6040816326531 0.0
14.6081632653061 0.0
14.6122448979592 0.0
14.6163265306122 0.0
14.6204081632653 0.0
14.6244897959184 0.0
14.6285714285714 0.0
14.6326530612245 0.0
14.6367346938776 0.0
14.6408163265306 0.0
14.6448979591837 0.0
14.6489795918367 0.0
14.6530612244898 0.0
14.6571428571429 0.0
14.6612244897959 0.0
14.665306122449 0.0
14.669387755102 0.0
14.6734693877551 0.0
14.6775510204082 0.0
14.6816326530612 0.0
14.6857142857143 0.0
14.6897959183673 0.0
14.6938775510204 0.0
14.6979591836735 0.0
14.7020408163265 0.0
14.7061224489796 0.45377
14.7102040816327 13.2452
14.7142857142857 3.98517
14.7183673469388 9.03525
14.7224489795918 13.6776
14.7265306122449 16.9384
14.730612244898 21.8647
14.734693877551 23.4056
14.7387755102041 25.8425
14.7428571428571 29.6192
14.7469387755102 23.3527
14.7510204081633 23.423
14.7551020408163 51.4814
14.7591836734694 135.239
14.7632653061224 136.88
14.7673469387755 218.294
14.7714285714286 246.305
14.7755102040816 258.988
14.7795918367347 241.919
14.7836734693878 228.041
14.7877551020408 219.41
14.7918367346939 207.48
14.7959183673469 177.165
14.8 186.69
14.8040816326531 170.629
14.8081632653061 152.874
14.8122448979592 126.526
14.8163265306122 108.864
14.8204081632653 85.9624
14.8244897959184 63.0188
14.8285714285714 41.8413
14.8326530612245 25.0795
14.8367346938776 11.7148
14.8408163265306 0.0
14.8448979591837 0.0
14.8489795918367 0.0
14.8530612244898 0.0
14.8571428571429 0.0
14.8612244897959 0.0
14.865306122449 0.0
14.869387755102 0.0
14.8734693877551 0.0
14.8775510204082 0.0
14.8816326530612 0.0
14.8857142857143 0.0
14.8897959183673 0.0
14.8938775510204 0.0
14.8979591836735 0.0
14.9020408163265 0.0
14.9061224489796 0.0
14.9102040816327 0.0
14.9142857142857 0.0
14.9183673469388 0.0
14.9224489795918 0.0
14.9265306122449 0.0
14.930612244898 0.0
14.934693877551 0.0
14.9387755102041 0.0
14.9428571428571 0.0
14.9469387755102 0.0
14.9510204081633 0.0
14.9551020408163 0.0
14.9591836734694 6.54137
14.9632653061224 0.0
14.9673469387755 12.0221
14.9714285714286 20.7264
14.9755102040816 37.1195
14.9795918367347 38.9572
14.9836734693878 37.5714
14.9877551020408 31.0946
14.9918367346939 21.5944
14.9959183673469 13.6175
15.0 5.55182
