0.00408163265306122 0.0
0.00816326530612245 0.0
0.0122448979591837 0.0
0.0163265306122449 0.0
0.0204081632653061 0.0
0.0244897959183673 0.0
0.0285714285714286 0.0
0.0326530612244898 0.0
0.036734693877551 0.0
0.0408163265306122 0.0
0.0448979591836735 0.0
0.0489795918367347 0.0
0.0530612244897959 0.0
0.0571428571428571 0.0
0.0612244897959184 0.0
0.0653061224489796 0.0
0.0693877551020408 0.0
0.073469387755102 0.0
0.0775510204081633 0.0
0.0816326530612245 0.0
0.0857142857142857 0.0
0.0897959183673469 0.0
0.0938775510204082 0.0
0.0979591836734694 0.0
0.102040816326531 0.0
0.106122448979592 0.0
0.110204081632653 0.0
0.114285714285714 0.0
0.118367346938776 0.0
0.122448979591837 3698.01
0.126530612244898 728.772
0.130612244897959 460.733
0.13469387755102 231.576
0.138775510204082 339.729
0.142857142857143 278.171
0.146938775510204 256.171
0.151020408163265 212.264
0.155102040816327 185.385
0.159183673469388 157.743
0.163265306122449 133.364
0.16734693877551 114.067
0.171428571428571 94.7313
0.175510204081633 68.7909
0.179591836734694 53.5765
0.183673469387755 43.3123
0.187755102040816 27.0433
0.191836734693878 8.79741
0.195918367346939 0.0472069
0.2 0.0
0.204081632653061 0.0
0.208163265306122 0.0
0.212244897959184 0.0
0.216326530612245 0.0
0.220408163265306 0.0
0.224489795918367 0.0
0.228571428571429 2.17628
0.23265306122449 0.0
0.236734693877551 0.324726
0.240816326530612 0.0
0.244897959183673 0.0
0.248979591836735 0.0
0.253061224489796 1.93858
0.257142857142857 0.0
0.261224489795918 0.0
0.26530612244898 0.0
0.269387755102041 0.0
0.273469387755102 0.0
0.277551020408163 0.0
0.281632653061224 0.0
0.285714285714286 0.0
0.289795918367347 3.75843
0.293877551020408 4.39167
0.297959183673469 2.35534
0.302040816326531 0.477791
0.306122448979592 1.98388
0.310204081632653 1.2846
0.314285714285714 2.05302
0.318367346938775 1.18566
0.322448979591837 0.184536
0.326530612244898 0.0
0.330612244897959 0.0
0.33469387755102 3.6006
0.338775510204082 9.22942
0.342857142857143 8.62908
0.346938775510204 6.74248
0.351020408163265 2.79999
0.355102040816327 0.0
0.359183673469388 1.66368
0.363265306122449 3.84927
0.36734693877551 4.52328
0.371428571428571 1.18232
0.375510204081633 8.46791
0.379591836734694 10.8173
0.383673469387755 7.91001
0.387755102040816 3.09849
0.391836734693878 0.0305176
0.395918367346939 0.827074
0.4 0.0
0.404081632653061 0.799656
0.408163265306122 0.0
0.412244897959184 0.0
0.416326530612245 0.0
0.420408163265306 0.0
0.424489795918367 0.0
0.428571428571429 0.0
0.43265306122449 0.207424
0.436734693877551 2.45714
0.440816326530612 4.00758
0.444897959183673 10.9603
0.448979591836735 13.473
0.453061224489796 52.9206
0.457142857142857 3773.75
0.461224489795918 728.948
0.46530612244898 397.63
0.469387755102041 395.833
0.473469387755102 385.563
0.477551020408163 289.113
0.481632653061224 225.655
0.485714285714286 223.923
0.489795918367347 188.81
0.493877551020408 170.786
0.497959183673469 137.45
0.502040816326531 113.634
0.506122448979592 92.2446
0.510204081632653 75.3661
0.514285714285714 58.2984
0.518367346938776 43.1079
0.522448979591837 25.4014
0.526530612244898 14.2297
0.530612244897959 0.0
0.53469387755102 0.0
0.538775510204082 0.371858
0.542857142857143 0.0
0.546938775510204 0.0
0.551020408163265 0.0
0.555102040816327 0.0
0.559183673469388 0.0
0.563265306122449 0.0
0.56734693877551 0.0
0.571428571428571 0.0
0.575510204081633 0.0
0.579591836734694 0.0
0.583673469387755 0.0
0.587755102040816 0.0
0.591836734693878 0.0
0.595918367346939 0.0
0.6 0.0
0.604081632653061 0.0
0.608163265306122 0.0
0.612244897959184 0.0
0.616326530612245 0.0
0.620408163265306 0.0
0.624489795918367 0.0
0.628571428571429 0.0
0.63265306122449 0.0
0.636734693877551 0.0
0.640816326530612 0.0
0.644897959183673 0.0
0.648979591836735 0.0
0.653061224489796 1.03742
0.657142857142857 0.0
0.661224489795918 5.30535
0.66530612244898 0.0
0.669387755102041 0.0
0.673469387755102 0.0
0.677551020408163 0.0
0.681632653061224 0.0
0.685714285714286 0.0
0.689795918367347 0.0
0.693877551020408 0.0
0.697959183673469 2.23905
0.702040816326531 0.0
0.706122448979592 24.4988
0.710204081632653 4.22749
0.714285714285714 0.0
0.718367346938775 1.60116
0.722448979591837 0.0
0.726530612244898 0.0
0.730612244897959 0.0
0.73469387755102 0.0
0.738775510204082 0.0
0.742857142857143 0.0
0.746938775510204 0.0
0.751020408163265 0.0
0.755102040816326 1.56826
0.759183673469388 2.84538
0.763265306122449 12.3076
0.76734693877551 3.52272
0.771428571428571 0.072822
0.775510204081633 5.52309
0.779591836734694 0.0
0.783673469387755 1.79202
0.787755102040816 0.0
0.791836734693877 0.170411
0.795918367346939 0.0
0.8 0.0
0.804081632653061 0.0
0.808163265306122 0.0
0.812244897959184 0.0
0.816326530612245 0.0
0.820408163265306 0.0
0.824489795918367 0.0
0.828571428571429 0.0
0.83265306122449 0.0
0.836734693877551 0.0
0.840816326530612 2.23392
0.844897959183673 0.0
0.848979591836735 0.0
0.853061224489796 0.7146
0.857142857142857 0.0
0.861224489795918 0.0
0.86530612244898 0.0
0.869387755102041 0.0
0.873469387755102 2.78604
0.877551020408163 27.8579
0.881632653061225 42.4666
0.885714285714286 158.404
0.889795918367347 207.754
0.893877551020408 291.172
0.897959183673469 243.8
0.902040816326531 215.101
0.906122448979592 212.145
0.910204081632653 184.142
0.914285714285714 134.111
0.918367346938776 138.897
0.922448979591837 117.66
0.926530612244898 95.4079
0.930612244897959 75.3314
0.93469387755102 57.2568
0.938775510204082 45.7739
0.942857142857143 26.61
0.946938775510204 15.1572
0.951020408163265 2.7011
0.955102040816327 0.0
0.959183673469388 0.0
0.963265306122449 0.0
0.96734693877551 0.0
0.971428571428571 0.0
0.975510204081633 0.0
0.979591836734694 0.0
0.983673469387755 0.0
0.987755102040816 0.0
0.991836734693878 0.0
0.995918367346939 0.0
1.0 0.0
1.00408163265306 0.0
1.00816326530612 0.0
1.01224489795918 0.0
1.01632653061224 0.0
1.02040816326531 0.0
1.02448979591837 0.0
1.02857142857143 0.0
1.03265306122449 0.0
1.03673469387755 0.0
1.04081632653061 0.0
1.04489795918367 0.0
1.04897959183673 0.0
1.0530612244898 0.0
1.05714285714286 0.0
1.06122448979592 0.0
1.06530612244898 0.0
1.06938775510204 0.0
1.0734693877551 0.0
1.07755102040816 0.0
1.08163265306122 0.0
1.08571428571429 0.0
1.08979591836735 0.0
1.09387755102041 0.0
1.09795918367347 0.0
1.10204081632653 0.0
1.10612244897959 0.0
1.11020408163265 0.0
1.11428571428571 0.0
1.11836734693878 0.976592
1.12244897959184 0.0
1.1265306122449 1.72067
1.13061224489796 3.12799
1.13469387755102 2.42174
1.13877551020408 0.0
1.14285714285714 0.0
1.1469387755102 0.0
1.15102040816327 0.0
1.15510204081633 0.0
1.15918367346939 0.0
1.16326530612245 0.0
1.16734693877551 0.910312
1.17142857142857 0.0
1.17551020408163 0.0
1.17959183673469 0.0
1.18367346938776 0.859499
1.18775510204082 0.0
1.19183673469388 0.0
1.19591836734694 0.0
1.2 0.0
1.20408163265306 0.0
1.20816326530612 0.0
1.21224489795918 0.0
1.21632653061224 0.0
1.22040816326531 0.0
1.22448979591837 0.0
1.22857142857143 0.0
1.23265306122449 0.0
1.23673469387755 0.0
1.24081632653061 0.0
1.24489795918367 0.0
1.24897959183673 0.0
1.2530612244898 0.0
1.25714285714286 0.0
1.26122448979592 1.63913
1.26530612244898 0.0
1.26938775510204 0.0
1.2734693877551 5.29003
1.27755102040816 0.0
1.28163265306122 0.0
1.28571428571429 0.0
1.28979591836735 3.21817
1.29387755102041 6.8296
1.29795918367347 10.3335
1.30204081632653 58.4898
1.30612244897959 155.66
1.31020408163265 140.983
1.31428571428571 247.256
1.31836734693878 188.287
1.32244897959184 186.718
1.3265306122449 156.039
1.33061224489796 139.914
1.33469387755102 102.805
1.33877551020408 86.8175
1.34285714285714 68.2471
1.3469387755102 58.6897
1.35102040816327 39.9261
1.35510204081633 34.1736
1.35918367346939 21.7664
1.36326530612245 12.4581
1.36734693877551 2.70438
1.37142857142857 0.0
1.37551020408163 0.0
1.37959183673469 0.0
1.38367346938776 0.0
1.38775510204082 0.0
1.39183673469388 0.0
1.39591836734694 0.0
1.4 0.0
1.40408163265306 0.0
1.40816326530612 0.0
1.41224489795918 0.0
1.41632653061225 0.0
1.42040816326531 0.0
1.42448979591837 0.0
1.42857142857143 0.0
1.43265306122449 0.0
1.43673469387755 0.0
1.44081632653061 0.0
1.44489795918367 0.0
1.44897959183673 0.0
1.4530612244898 0.0
1.45714285714286 0.0
1.46122448979592 0.0
1.46530612244898 0.0
1.46938775510204 0.0
1.4734693877551 0.0
1.47755102040816 0.0
1.48163265306122 0.0
1.48571428571429 0.0
1.48979591836735 0.0
1.49387755102041 0.844836
1.49795918367347 0.0
1.50204081632653 0.0
1.50612244897959 0.000804663
1.51020408163265 0.0
1.51428571428571 0.0
1.51836734693878 0.0
1.52244897959184 0.0
1.5265306122449 0.0
1.53061224489796 0.0
1.53469387755102 0.0
1.53877551020408 0.0
1.54285714285714 0.0
1.5469387755102 0.0
1.55102040816327 0.529766
1.55510204081633 0.0
1.55918367346939 0.0
1.56326530612245 0.0
1.56734693877551 0.0
1.57142857142857 0.0
1.57551020408163 0.0
1.57959183673469 0.0
1.58367346938775 0.0
1.58775510204082 0.0
1.59183673469388 0.0
1.59591836734694 0.0
1.6 0.0
1.60408163265306 2.71077
1.60816326530612 1.62521
1.61224489795918 0.470638
1.61632653061224 0.303954
1.62040816326531 0.0
1.62448979591837 0.681728
1.62857142857143 0.0
1.63265306122449 0.0
1.63673469387755 0.0
1.64081632653061 0.0
1.64489795918367 0.0
1.64897959183673 0.0
1.6530612244898 0.0
1.65714285714286 0.0
1.66122448979592 0.0
1.66530612244898 0.0
1.66938775510204 0.0
1.6734693877551 0.0
1.67755102040816 0.0
1.68163265306122 0.0
1.68571428571429 0.0
1.68979591836735 0.0
1.69387755102041 0.0
1.69795918367347 0.0
1.70204081632653 0.0
1.70612244897959 0.0
1.71020408163265 0.0
1.71428571428571 0.0
1.71836734693878 0.0
1.72244897959184 0.0
1.7265306122449 0.0
1.73061224489796 0.197947
1.73469387755102 0.0
1.73877551020408 0.0
1.74285714285714 0.0
1.7469387755102 0.0
1.75102040816327 0.0
1.75510204081633 0.0
1.75918367346939 1.4475
1.76326530612245 0.0
1.76734693877551 0.667334
1.77142857142857 0.0698566
1.77551020408163 0.0
1.77959183673469 2.18707
1.78367346938776 3.16626
1.78775510204082 4.11308
1.79183673469388 10.9994
1.79591836734694 3.28821
1.8 7.99891
1.80408163265306 2.22957
1.80816326530612 4.78739
1.81224489795918 0.0
1.81632653061224 0.0
1.82040816326531 3.56723
1.82448979591837 0.0
1.82857142857143 0.444055
1.83265306122449 2.36626
1.83673469387755 3.20768
1.84081632653061 3.25298
1.84489795918367 4.1616
1.84897959183673 2.6145
1.8530612244898 0.0
1.85714285714286 0.0
1.86122448979592 0.0
1.86530612244898 0.423133
1.86938775510204 0.0
1.8734693877551 1.16634
1.87755102040816 0.0
1.88163265306122 0.0
1.88571428571429 0.409961
1.88979591836735 0.0
1.89387755102041 0.0
1.89795918367347 0.0
1.90204081632653 0.864089
1.90612244897959 0.590682
1.91020408163265 0.0
1.91428571428571 0.355959
1.91836734693878 0.0
1.92244897959184 0.0
1.9265306122449 0.0
1.93061224489796 0.0
1.93469387755102 0.0
1.93877551020408 0.0
1.94285714285714 0.0
1.9469387755102 0.0
1.95102040816327 0.0
1.95510204081633 0.0
1.95918367346939 0.0
1.96326530612245 0.0
1.96734693877551 0.0
1.97142857142857 0.756383
1.97551020408163 0.0
1.97959183673469 0.0
1.98367346938776 4.39036
1.98775510204082 0.0
1.99183673469388 0.322104
1.99591836734694 1.12724
2.0 3.16697
2.00408163265306 3.02029
2.00816326530612 1.1577
2.01224489795918 0.383735
2.01632653061225 0.0
2.02040816326531 0.37244
2.02448979591837 0.0
2.02857142857143 0.0
2.03265306122449 0.0
2.03673469387755 0.0
2.04081632653061 0.0
2.04489795918367 0.0
2.04897959183673 0.0
2.0530612244898 0.0
2.05714285714286 0.0
2.06122448979592 0.0
2.06530612244898 0.0
2.06938775510204 0.0
2.0734693877551 0.0
2.07755102040816 0.0
2.08163265306122 0.0
2.08571428571429 0.0
2.08979591836735 0.0
2.09387755102041 0.0
2.09795918367347 0.0
2.10204081632653 0.0
2.10612244897959 0.0
2.11020408163265 0.0
2.11428571428571 0.0
2.11836734693878 0.0
2.12244897959184 0.0
2.1265306122449 0.430703
2.13061224489796 0.0
2.13469387755102 0.0
2.13877551020408 0.0
2.14285714285714 0.0
2.1469387755102 0.0
2.15102040816327 0.0
2.15510204081633 0.0
2.15918367346939 0.0
2.16326530612245 0.0
2.16734693877551 2.77287
2.17142857142857 0.0
2.17551020408163 0.0
2.17959183673469 0.0
2.18367346938776 0.0
2.18775510204082 2.02513
2.19183673469388 0.0
2.19591836734694 0.539422
2.2 3.38864
2.20408163265306 0.381172
2.20816326530612 18.7966
2.21224489795918 2.01747
2.21632653061224 2.40862
2.22040816326531 0.597
2.22448979591837 0.0
2.22857142857143 24.9581
2.23265306122449 0.0
2.23673469387755 0.0
2.24081632653061 0.824511
2.24489795918367 0.0
2.24897959183673 0.0
2.2530612244898 0.0
2.25714285714286 0.0
2.26122448979592 0.0
2.26530612244898 0.0
2.26938775510204 0.0
2.2734693877551 0.0
2.27755102040816 0.0
2.28163265306122 0.0
2.28571428571429 0.0
2.28979591836735 0.0
2.29387755102041 0.0
2.29795918367347 0.0
2.30204081632653 0.0
2.30612244897959 0.0
2.31020408163265 0.0
2.31428571428571 0.0
2.31836734693878 0.0
2.32244897959184 1.73841
2.3265306122449 3.11601
2.33061224489796 5.41092
2.33469387755102 0.0
2.33877551020408 0.0
2.34285714285714 5.35378
2.3469387755102 0.0
2.35102040816327 0.0
2.35510204081633 0.0
2.35918367346939 0.0
2.36326530612245 0.0
2.36734693877551 0.0
2.37142857142857 0.0
2.37551020408163 0.0
2.37959183673469 0.0
2.38367346938776 0.0
2.38775510204082 0.0
2.39183673469388 4.9789
2.39591836734694 0.0
2.4 0.0
2.40408163265306 0.0
2.40816326530612 0.0
2.41224489795918 0.0
2.41632653061225 0.0
2.42040816326531 0.0
2.42448979591837 0.0
2.42857142857143 0.0
2.43265306122449 0.0
2.43673469387755 0.0
2.44081632653061 0.0
2.44489795918367 0.0
2.44897959183673 0.0
2.4530612244898 0.0
2.45714285714286 0.0
2.46122448979592 0.0
2.46530612244898 0.0
2.46938775510204 0.0
2.4734693877551 0.0
2.47755102040816 0.0
2.48163265306122 0.0
2.48571428571429 0.0
2.48979591836735 1.76091
2.49387755102041 0.0
2.49795918367347 0.0
2.50204081632653 0.0
2.50612244897959 0.0
2.51020408163265 0.516176
2.51428571428571 0.0
2.51836734693878 0.0
2.52244897959184 0.0
2.5265306122449 0.0
2.53061224489796 0.0
2.53469387755102 0.0
2.53877551020408 0.0
2.54285714285714 0.0
2.5469387755102 0.0
2.55102040816327 0.0
2.55510204081633 0.0
2.55918367346939 0.0
2.56326530612245 0.0
2.56734693877551 0.0
2.57142857142857 0.0
2.57551020408163 0.980139
2.57959183673469 0.0
2.58367346938775 0.775099
2.58775510204082 0.0
2.59183673469388 5.91236
2.59591836734694 0.0
2.6 2.63542
2.60408163265306 3.08797
2.60816326530612 0.0
2.61224489795918 0.0
2.61632653061224 0.0
2.62040816326531 0.0
2.62448979591837 0.0
2.62857142857143 0.0
2.63265306122449 0.0
2.63673469387755 0.0
2.64081632653061 1.71524
2.64489795918367 0.093326
2.64897959183673 0.0
2.6530612244898 0.0
2.65714285714286 3.1482
2.66122448979592 0.0
2.66530612244898 0.969708
2.66938775510204 0.0
2.6734693877551 9.7916
2.67755102040816 3.40474
2.68163265306122 2.80127
2.68571428571429 0.0
2.68979591836735 0.479221
2.69387755102041 0.0
2.69795918367347 0.0
2.70204081632653 0.0
2.70612244897959 0.0
2.71020408163265 0.0
2.71428571428571 0.0
2.71836734693878 0.0
2.72244897959184 0.0
2.7265306122449 0.0
2.73061224489796 0.0
2.73469387755102 0.0
2.73877551020408 1.54978
2.74285714285714 0.299931
2.7469387755102 0.0
2.75102040816327 0.0
2.75510204081633 0.6404
2.75918367346939 0.0
2.76326530612245 3.06653
2.76734693877551 1.05533
2.77142857142857 3.12737
2.77551020408163 0.0
2.77959183673469 1.92212
2.78367346938776 1.68908
2.78775510204082 1.84464
2.79183673469388 2.33386
2.79591836734694 6.8141
2.8 3.09585
2.80408163265306 3.86949
2.80816326530612 2.3752
2.81224489795918 6.43388
2.81632653061224 2.17313
2.82040816326531 5.35169
2.82448979591837 4.12935
2.82857142857143 1.02317
2.83265306122449 0.165641
2.83673469387755 0.518024
2.84081632653061 0.0
2.84489795918367 3.80322
2.84897959183673 3.09354
2.8530612244898 5.79205
2.85714285714286 0.0
2.86122448979592 4.30149
2.86530612244898 0.0
2.86938775510204 0.0
2.8734693877551 0.0
2.87755102040816 0.0
2.88163265306122 0.0
2.88571428571429 0.0
2.88979591836735 0.0
2.89387755102041 0.0
2.89795918367347 0.0
2.90204081632653 0.0
2.90612244897959 0.0
2.91020408163265 0.0
2.91428571428571 0.0
2.91836734693878 0.0
2.92244897959184 0.0
2.9265306122449 0.0
2.93061224489796 0.0
2.93469387755102 0.0
2.93877551020408 0.0
2.94285714285714 0.0
2.9469387755102 0.0
2.95102040816327 0.0
2.95510204081633 0.0
2.95918367346939 0.0
2.96326530612245 0.0
2.96734693877551 0.0
2.97142857142857 0.0
2.97551020408163 0.0
2.97959183673469 0.0
2.98367346938775 0.0
2.98775510204082 0.0
2.99183673469388 0.0
2.99591836734694 0.0
3.0 0.0
3.00408163265306 0.729978
3.00816326530612 0.0
3.01224489795918 0.0
3.01632653061225 0.0
3.02040816326531 0.551045
3.02448979591837 0.0
3.02857142857143 0.0
3.03265306122449 0.284433
3.03673469387755 0.0
3.04081632653061 13.1955
3.04489795918367 8.36861
3.04897959183673 37.3109
3.0530612244898 81.2987
3.05714285714286 61.104
3.06122448979592 142.522
3.06530612244898 193.101
3.06938775510204 164.536
3.0734693877551 139.581
3.07755102040816 112.874
3.08163265306122 92.0674
3.08571428571429 70.1616
3.08979591836735 49.1537
3.09387755102041 40.6646
3.09795918367347 25.1934
3.10204081632653 25.0552
3.10612244897959 11.5883
3.11020408163265 1.2061
3.11428571428571 0.0
3.11836734693878 0.0
3.12244897959184 0.0
3.1265306122449 0.0
3.13061224489796 0.0
3.13469387755102 0.0
3.13877551020408 0.0
3.14285714285714 0.0
3.1469387755102 0.0
3.15102040816327 0.0
3.15510204081633 0.0
3.15918367346939 0.0
3.16326530612245 0.0
3.16734693877551 0.0
3.17142857142857 0.0
3.17551020408163 0.0
3.17959183673469 0.0
3.18367346938776 0.0
3.18775510204082 0.0
3.19183673469388 0.0
3.19591836734694 0.0
3.2 0.0
3.20408163265306 0.0
3.20816326530612 0.0
3.21224489795918 0.0
3.21632653061224 0.0
3.22040816326531 0.0
3.22448979591837 0.0
3.22857142857143 0.0
3.23265306122449 0.0
3.23673469387755 0.0
3.24081632653061 0.0
3.24489795918367 0.0
3.24897959183673 0.0
3.2530612244898 0.0
3.25714285714286 0.0
3.26122448979592 0.0
3.26530612244898 0.0
3.26938775510204 0.0
3.2734693877551 0.0
3.27755102040816 0.0
3.28163265306122 0.0
3.28571428571429 0.0
3.28979591836735 0.0
3.29387755102041 0.0
3.29795918367347 0.0
3.30204081632653 0.0
3.30612244897959 0.0
3.31020408163265 0.0
3.31428571428571 0.0
3.31836734693878 0.0
3.32244897959184 0.0
3.3265306122449 0.0
3.33061224489796 0.0
3.33469387755102 0.0
3.33877551020408 0.0
3.34285714285714 0.0
3.3469387755102 0.0
3.35102040816327 0.860244
3.35510204081633 1.20863
3.35918367346939 0.922024
3.36326530612245 3.83859
3.36734693877551 0.0
3.37142857142857 0.0
3.37551020408163 0.0
3.37959183673469 0.0
3.38367346938776 0.0
3.38775510204082 0.0
3.39183673469388 0.0
3.39591836734694 0.0
3.4 0.0
3.40408163265306 0.0
3.40816326530612 0.0
3.41224489795918 3.29965
3.41632653061225 0.493705
3.42040816326531 1.58221
3.42448979591837 0.0
3.42857142857143 0.0
3.43265306122449 0.0
3.43673469387755 0.0
3.44081632653061 0.0
3.44489795918367 0.0
3.44897959183673 0.0
3.4530612244898 0.0
3.45714285714286 0.0
3.46122448979592 0.0
3.46530612244898 0.0
3.46938775510204 0.0
3.4734693877551 0.0
3.47755102040816 0.0
3.48163265306122 0.496209
3.48571428571429 0.0
3.48979591836735 0.0
3.49387755102041 2.78261
3.49795918367347 1.59392
3.50204081632653 0.0
3.50612244897959 4.31144
3.51020408163265 17.6789
3.51428571428571 78.6955
3.51836734693878 93.827
3.52244897959184 80.9686
3.5265306122449 89.7171
3.53061224489796 65.9066
3.53469387755102 58.8439
3.53877551020408 45.964
3.54285714285714 31.9418
3.5469387755102 20.1936
3.55102040816327 8.03333
3.55510204081633 0.0
3.55918367346939 0.0
3.56326530612245 0.0
3.56734693877551 0.0
3.57142857142857 0.0
3.57551020408163 0.0
3.57959183673469 0.0
3.58367346938775 0.0
3.58775510204082 0.0
3.59183673469388 0.0
3.59591836734694 0.0
3.6 0.0
3.60408163265306 0.0
3.60816326530612 6.95556
3.61224489795918 0.0
3.61632653061224 2.74944
3.62040816326531 2.47303
3.62448979591837 0.0
3.62857142857143 0.0
3.63265306122449 0.0
3.63673469387755 0.0
3.64081632653061 0.0
3.64489795918367 0.0
3.64897959183673 0.0
3.6530612244898 0.0
3.65714285714286 0.0
3.66122448979592 0.0
3.66530612244898 0.0
3.66938775510204 0.0
3.6734693877551 0.0
3.67755102040816 0.0
3.68163265306122 0.998467
3.68571428571429 0.0
3.68979591836735 0.0
3.69387755102041 0.0
3.69795918367347 0.0
3.70204081632653 0.0
3.70612244897959 0.0
3.71020408163265 0.0
3.71428571428571 0.0
3.71836734693878 1.48976
3.72244897959184 3.10254
3.7265306122449 0.0
3.73061224489796 0.0
3.73469387755102 0.0
3.73877551020408 0.0
3.74285714285714 0.0
3.7469387755102 0.0
3.75102040816327 0.415564
3.75510204081633 2.29168
3.75918367346939 1.84262
3.76326530612245 0.0
3.76734693877551 0.0
3.77142857142857 0.0
3.77551020408163 0.0
3.77959183673469 0.0
3.78367346938776 0.0
3.78775510204082 0.0
3.79183673469388 0.0
3.79591836734694 0.0
3.8 0.0
3.80408163265306 0.0
3.80816326530612 0.0
3.81224489795918 0.0
3.81632653061224 0.0
3.82040816326531 0.0
3.82448979591837 0.0
3.82857142857143 0.0
3.83265306122449 0.0
3.83673469387755 0.0
3.84081632653061 0.0
3.84489795918367 4.91416
3.84897959183673 0.0
3.8530612244898 0.0
3.85714285714286 0.0
3.86122448979592 0.0
3.86530612244898 0.0
3.86938775510204 0.0
3.8734693877551 0.0
3.87755102040816 0.0
3.88163265306122 0.0
3.88571428571429 0.0
3.88979591836735 0.0
3.89387755102041 0.361964
3.89795918367347 0.794828
3.90204081632653 0.0
3.90612244897959 0.0
3.91020408163265 0.0
3.91428571428571 0.0
3.91836734693878 0.0
3.92244897959184 0.0
3.9265306122449 0.0
3.93061224489796 0.0
3.93469387755102 0.0
3.93877551020408 0.0
3.94285714285714 0.965983
3.9469387755102 1.31828
3.95102040816327 1.54625
3.95510204081633 31.67
3.95918367346939 50.493
3.96326530612245 88.5435
3.96734693877551 110.948
3.97142857142857 119.358
3.97551020408163 117.937
3.97959183673469 106.813
3.98367346938775 84.8193
3.98775510204082 71.1192
3.99183673469388 48.7715
3.99591836734694 33.5965
4.0 16.8222
4.00408163265306 9.89568
4.00816326530612 0.946879
4.01224489795918 0.0
4.01632653061225 0.0
4.02040816326531 0.0
4.02448979591837 0.0
4.02857142857143 0.956059
4.03265306122449 0.0
4.03673469387755 0.0
4.04081632653061 0.0
4.04489795918367 0.0
4.04897959183673 0.0
4.0530612244898 0.0
4.05714285714286 0.0
4.06122448979592 0.0
4.06530612244898 0.0
4.06938775510204 0.0
4.0734693877551 0.0
4.07755102040816 0.0
4.08163265306122 0.0
4.08571428571429 0.0
4.08979591836735 0.0
4.09387755102041 0.0
4.09795918367347 0.0
4.10204081632653 0.0
4.10612244897959 0.0
4.11020408163265 0.0
4.11428571428571 0.0
4.11836734693878 0.0
4.12244897959184 0.0
4.1265306122449 0.0
4.13061224489796 0.0
4.13469387755102 0.0
4.13877551020408 0.0
4.14285714285714 0.0
4.1469387755102 0.0
4.15102040816326 0.0
4.15510204081633 0.0
4.15918367346939 0.0
4.16326530612245 0.0
4.16734693877551 0.0
4.17142857142857 0.0
4.17551020408163 0.0
4.17959183673469 0.0
4.18367346938776 0.0
4.18775510204082 0.0
4.19183673469388 0.0
4.19591836734694 0.0
4.2 0.0
4.20408163265306 0.0
4.20816326530612 0.0
4.21224489795918 0.0
4.21632653061225 0.0
4.22040816326531 0.0
4.22448979591837 0.0
4.22857142857143 0.0
4.23265306122449 0.0
4.23673469387755 0.0
4.24081632653061 0.0
4.24489795918367 0.0
4.24897959183673 0.0
4.2530612244898 0.0
4.25714285714286 0.0
4.26122448979592 1.89269
4.26530612244898 0.0
4.26938775510204 0.0
4.2734693877551 0.0
4.27755102040816 0.0
4.28163265306122 0.0
4.28571428571429 0.0
4.28979591836735 0.0
4.29387755102041 2.35504
4.29795918367347 2.43551
4.30204081632653 4.88952
4.30612244897959 3.95575
4.31020408163265 5.60264
4.31428571428571 0.0
4.31836734693878 0.0
4.32244897959184 0.0
4.3265306122449 0.0
4.33061224489796 0.0
4.33469387755102 0.0
4.33877551020408 0.0
4.34285714285714 0.0
4.3469387755102 0.0
4.35102040816327 0.0
4.35510204081633 0.0
4.35918367346939 0.00321865
4.36326530612245 0.0
4.36734693877551 0.0
4.37142857142857 0.0
4.37551020408163 1.19674
4.37959183673469 0.0
4.38367346938776 0.0
4.38775510204082 0.0932515
4.39183673469388 0.28652
4.39591836734694 0.0
4.4 20.2677
4.40408163265306 11.2578
4.40816326530612 17.2326
4.41224489795918 31.5764
4.41632653061224 24.9896
4.42040816326531 29.7576
4.42448979591837 17.7702
4.42857142857143 25.9163
4.43265306122449 34.2301
4.43673469387755 1.54072
4.44081632653061 4.8908
4.44489795918367 0.0
4.44897959183673 0.348628
4.4530612244898 0.0
4.45714285714286 0.0
4.46122448979592 0.0
4.46530612244898 0.0
4.46938775510204 0.0
4.4734693877551 0.0
4.47755102040816 0.0
4.48163265306122 0.0
4.48571428571429 0.0
4.48979591836735 0.333548
4.49387755102041 0.0
4.49795918367347 0.0
4.50204081632653 0.0
4.50612244897959 2.44629
4.51020408163265 2.10452
4.51428571428571 1.75118
4.51836734693878 7.70311
4.52244897959184 0.224829
4.5265306122449 0.434875
4.53061224489796 16.865
4.53469387755102 0.00309944
4.53877551020408 19.3061
4.54285714285714 0.217915
4.5469387755102 2.79993
4.55102040816327 10.8995
4.55510204081633 0.0
4.55918367346939 2.45869
4.56326530612245 0.0
4.56734693877551 3.15762
4.57142857142857 0.0
4.57551020408163 0.900984
4.57959183673469 0.0
4.58367346938776 3.04727
4.58775510204082 0.0
4.59183673469388 0.0
4.59591836734694 0.610828
4.6 2.04621
4.60408163265306 0.0
4.60816326530612 4.91762
4.61224489795918 6.05753
4.61632653061224 0.0392646
4.62040816326531 4.05672
4.62448979591837 0.108212
4.62857142857143 0.400901
4.63265306122449 1.83035
4.63673469387755 1.35136
4.64081632653061 1.55963
4.64489795918367 2.95314
4.64897959183673 0.0
4.6530612244898 9.93198
4.65714285714286 13.3754
4.66122448979592 3.24565
4.66530612244898 9.43501
4.66938775510204 12.5872
4.6734693877551 3.6909
4.67755102040816 9.81069
4.68163265306122 0.594854
4.68571428571429 8.02082
4.68979591836735 7.20537
4.69387755102041 1.64974
4.69795918367347 7.20356
4.70204081632653 2.20412
4.70612244897959 7.4417
4.71020408163265 10.8959
4.71428571428571 5.50467
4.71836734693878 10.1516
4.72244897959184 2.01815
4.7265306122449 4.00968
4.73061224489796 1.85479
4.73469387755102 0.0
4.73877551020408 0.0
4.74285714285714 0.0
4.7469387755102 1.26737
4.75102040816327 0.506639
4.75510204081633 0.0
4.75918367346939 3.1296
4.76326530612245 0.0
4.76734693877551 0.0
4.77142857142857 0.0
4.77551020408163 0.0
4.77959183673469 0.0
4.78367346938775 0.0
4.78775510204082 0.0
4.79183673469388 0.0
4.79591836734694 0.0
4.8 0.0
4.80408163265306 0.0
4.80816326530612 0.0165701
4.81224489795918 10.6124
4.81632653061224 1.6036
4.82040816326531 16.2669
4.82448979591837 3.72171
4.82857142857143 22.7325
4.83265306122449 25.3298
4.83673469387755 16.9288
4.84081632653061 17.944
4.84489795918367 0.0
4.84897959183674 2.83593
4.8530612244898 5.38778
4.85714285714286 23.5216
4.86122448979592 3.56036
4.86530612244898 14.5512
4.86938775510204 1.10185
4.8734693877551 3.84229
4.87755102040816 15.2149
4.88163265306122 0.0
4.88571428571429 7.69621
4.88979591836735 0.0
4.89387755102041 0.328109
4.89795918367347 0.0
4.90204081632653 0.0
4.90612244897959 0.0
4.91020408163265 0.0
4.91428571428571 0.0
4.91836734693878 0.0
4.92244897959184 0.0
4.9265306122449 0.0
4.93061224489796 0.0
4.93469387755102 0.0
4.93877551020408 0.0
4.94285714285714 0.0
4.9469387755102 0.0
4.95102040816327 0.0
4.95510204081633 0.0
4.95918367346939 0.0
4.96326530612245 0.0
4.96734693877551 0.0
4.97142857142857 0.0
4.97551020408163 3.10451
4.97959183673469 0.0
4.98367346938775 0.0
4.98775510204082 0.0
4.99183673469388 1.61067
4.99591836734694 0.0
5.0 0.0
5.00408163265306 0.0
5.00816326530612 0.0
5.01224489795918 0.0
5.01632653061225 0.0
5.02040816326531 0.0
5.02448979591837 0.0
5.02857142857143 0.291102
5.03265306122449 0.0
5.03673469387755 0.0
5.04081632653061 0.0
5.04489795918367 0.0
5.04897959183673 0.0
5.0530612244898 0.0
5.05714285714286 0.0
5.06122448979592 0.0
5.06530612244898 0.0
5.06938775510204 0.0
5.0734693877551 0.0
5.07755102040816 0.0
5.08163265306122 0.0
5.08571428571429 0.0858307
5.08979591836735 1.82772
5.09387755102041 0.0
5.09795918367347 6.58655
5.10204081632653 0.299215
5.10612244897959 13.1812
5.11020408163265 1.38852
5.11428571428571 5.00727
5.11836734693878 0.0
5.12244897959184 1.52355
5.1265306122449 0.0
5.13061224489796 2.79337
5.13469387755102 0.0
5.13877551020408 0.0
5.14285714285714 0.0
5.1469387755102 0.0
5.15102040816326 2.1123
5.15510204081633 0.0
5.15918367346939 3.00214
5.16326530612245 0.0
5.16734693877551 9.75417
5.17142857142857 6.80161
5.17551020408163 0.0
5.17959183673469 0.0
5.18367346938776 3.68249
5.18775510204082 0.0
5.19183673469388 0.0
5.19591836734694 2.21163
5.2 7.67838
5.20408163265306 12.4171
5.20816326530612 1.56784
5.21224489795918 0.825793
5.21632653061225 0.0
5.22040816326531 11.5892
5.22448979591837 0.0
5.22857142857143 0.121593
5.23265306122449 3.84194
5.23673469387755 0.0
5.24081632653061 0.0
5.24489795918367 1.24522
5.24897959183673 0.0
5.2530612244898 0.0
5.25714285714286 0.845373
5.26122448979592 5.0187
5.26530612244898 15.0622
5.26938775510204 7.95901
5.2734693877551 20.4314
5.27755102040816 9.7852
5.28163265306122 14.6339
5.28571428571429 2.57874
5.28979591836735 0.0
5.29387755102041 3.76952
5.29795918367347 0.0
5.30204081632653 0.0
5.30612244897959 0.0
5.31020408163265 1.23519
5.31428571428571 5.95659
5.31836734693878 0.792652
5.32244897959184 3.97128
5.3265306122449 2.31189
5.33061224489796 4.14133
5.33469387755102 0.0
5.33877551020408 3.87681
5.34285714285714 0.0
5.3469387755102 0.0
5.35102040816327 8.46679
5.35510204081633 0.0
5.35918367346939 0.0
5.36326530612245 0.0
5.36734693877551 0.988781
5.37142857142857 0.0
5.37551020408163 1.87373
5.37959183673469 0.311151
5.38367346938776 7.28402
5.38775510204082 3.52272
5.39183673469388 14.2262
5.39591836734694 2.99048
5.4 3.57914
5.40408163265306 9.27699
5.40816326530612 0.0
5.41224489795918 0.0
5.41632653061224 5.89208
5.42040816326531 0.0
5.42448979591837 0.345923
5.42857142857143 2.28855
5.43265306122449 3.92997
5.43673469387755 0.330135
5.44081632653061 5.041
5.44489795918367 0.0
5.44897959183673 0.0
5.4530612244898 1.17999
5.45714285714286 0.616014
5.46122448979592 0.0
5.46530612244898 0.0
5.46938775510204 1.69414
5.4734693877551 0.0
5.47755102040816 0.0
5.48163265306122 0.0
5.48571428571429 3.44315
5.48979591836735 0.0
5.49387755102041 2.83837
5.49795918367347 0.215232
5.50204081632653 2.79701
5.50612244897959 0.0
5.51020408163265 0.0
5.51428571428571 0.0
5.51836734693878 2.58803
5.52244897959184 3.27799
5.5265306122449 0.0
5.53061224489796 2.33114
5.53469387755102 0.282198
5.53877551020408 0.876427
5.54285714285714 0.0
5.5469387755102 0.184059
5.55102040816327 0.0
5.55510204081633 0.0
5.55918367346939 0.950456
5.56326530612245 0.0
5.56734693877551 0.0
5.57142857142857 0.0
5.57551020408163 0.0
5.57959183673469 0.0
5.58367346938776 0.0
5.58775510204082 2.23899
5.59183673469388 0.72211
5.59591836734694 0.0
5.6 1.57154
5.60408163265306 4.44425
5.60816326530612 0.0
5.61224489795918 5.68962
5.61632653061224 0.191212
5.62040816326531 0.0
5.62448979591837 11.7867
5.62857142857143 2.35248
5.63265306122449 0.0
5.63673469387755 2.98462
5.64081632653061 0.0
5.64489795918367 3.36438
5.64897959183673 8.82581
5.6530612244898 17.5532
5.65714285714286 49.1648
5.66122448979592 4.02594
5.66530612244898 80.9114
5.66938775510204 75.4743
5.6734693877551 85.4429
5.67755102040816 83.699
5.68163265306122 64.824
5.68571428571429 68.6303
5.68979591836735 44.1667
5.69387755102041 34.7521
5.69795918367347 21.8829
5.70204081632653 15.9321
5.70612244897959 12.1344
5.71020408163265 7.94035
5.71428571428571 0.0
5.71836734693878 0.799358
5.72244897959184 0.0
5.7265306122449 0.0
5.73061224489796 0.0
5.73469387755102 0.0
5.73877551020408 0.0
5.74285714285714 0.0
5.7469387755102 0.0
5.75102040816327 0.0
5.75510204081633 0.0
5.75918367346939 0.0
5.76326530612245 0.0
5.76734693877551 0.0
5.77142857142857 0.0
5.77551020408163 0.0
5.77959183673469 0.0
5.78367346938775 0.0
5.78775510204082 0.0
5.79183673469388 0.0
5.79591836734694 0.0
5.8 0.0
5.80408163265306 0.0
5.80816326530612 0.0
5.81224489795918 0.0
5.81632653061224 0.0
5.82040816326531 0.0
5.82448979591837 0.0
5.82857142857143 0.0
5.83265306122449 0.0
5.83673469387755 0.0
5.84081632653061 0.0
5.84489795918367 0.0
5.84897959183674 0.0
5.8530612244898 0.0
5.85714285714286 0.0
5.86122448979592 0.0
5.86530612244898 0.0
5.86938775510204 0.0
5.8734693877551 0.0
5.87755102040816 0.0
5.88163265306122 0.0
5.88571428571429 0.0
5.88979591836735 0.0
5.89387755102041 0.0
5.89795918367347 0.0
5.90204081632653 0.0
5.90612244897959 0.0
5.91020408163265 0.0
5.91428571428571 0.0
5.91836734693878 0.0
5.92244897959184 0.0
5.9265306122449 8.08149
5.93061224489796 3.03189
5.93469387755102 9.74602
5.93877551020408 3.01272
5.94285714285714 1.26755
5.9469387755102 0.0
5.95102040816327 2.2431
5.95510204081633 0.0
5.95918367346939 0.0
5.96326530612245 0.0
5.96734693877551 0.0
5.97142857142857 0.0
5.97551020408163 0.0
5.97959183673469 0.0
5.98367346938775 0.0
5.98775510204082 0.0
5.99183673469388 0.0
5.99591836734694 0.0
6.0 0.0
6.00408163265306 0.0
6.00816326530612 0.0
6.01224489795918 0.0
6.01632653061225 0.0
6.02040816326531 0.0
6.02448979591837 0.0
6.02857142857143 0.0
6.03265306122449 0.0
6.03673469387755 0.0
6.04081632653061 0.0
6.04489795918367 0.0
6.04897959183673 0.0
6.0530612244898 0.0
6.05714285714286 0.0
6.06122448979592 0.0
6.06530612244898 0.0
6.06938775510204 0.0
6.0734693877551 0.0
6.07755102040816 0.0
6.08163265306122 0.0
6.08571428571429 0.0
6.08979591836735 0.0
6.09387755102041 0.391036
6.09795918367347 0.0
6.10204081632653 2.41148
6.10612244897959 3.73721
6.11020408163265 6.88183
6.11428571428571 6.23968
6.11836734693878 4.19587
6.12244897959184 11.99
6.1265306122449 15.5998
6.13061224489796 19.7961
6.13469387755102 25.6141
6.13877551020408 17.3651
6.14285714285714 16.7983
6.1469387755102 7.69995
6.15102040816326 0.0
6.15510204081633 0.349641
6.15918367346939 0.0
6.16326530612245 0.0
6.16734693877551 0.0
6.17142857142857 0.0
6.17551020408163 0.0
6.17959183673469 0.0
6.18367346938776 0.0
6.18775510204082 0.0
6.19183673469388 0.0
6.19591836734694 0.0
6.2 0.0
6.20408163265306 0.0
6.20816326530612 0.0
6.21224489795918 0.0
6.21632653061225 0.0
6.22040816326531 0.0
6.22448979591837 0.0
6.22857142857143 0.0
6.23265306122449 0.0
6.23673469387755 0.0
6.24081632653061 0.0
6.24489795918367 0.0
6.24897959183673 0.0
6.2530612244898 0.0759438
6.25714285714286 0.0
6.26122448979592 0.0
6.26530612244898 0.0
6.26938775510204 0.0
6.2734693877551 0.0
6.27755102040816 0.0
6.28163265306122 0.0
6.28571428571429 0.0
6.28979591836735 0.0
6.29387755102041 1.05321
6.29795918367347 0.0
6.30204081632653 0.0
6.30612244897959 0.0
6.31020408163265 0.0
6.31428571428571 0.0
6.31836734693878 0.0
6.32244897959184 0.0
6.3265306122449 0.0
6.33061224489796 0.0
6.33469387755102 0.0
6.33877551020408 0.0
6.34285714285714 0.0
6.3469387755102 0.0
6.35102040816327 0.0
6.35510204081633 0.0
6.35918367346939 1.2188
6.36326530612245 1.96266
6.36734693877551 0.0
6.37142857142857 6.08182
6.37551020408163 0.0
6.37959183673469 2.4882
6.38367346938776 0.0
6.38775510204082 0.0
6.39183673469388 0.0
6.39591836734694 0.0
6.4 0.0
6.40408163265306 0.0
6.40816326530612 0.0
6.41224489795918 0.516236
6.41632653061224 0.0
6.42040816326531 1.94437
6.42448979591837 0.0
6.42857142857143 1.69775
6.43265306122449 0.0156686
6.43673469387755 0.0
6.44081632653061 0.0
6.44489795918367 0.0
6.44897959183673 0.0
6.4530612244898 0.0
6.45714285714286 0.0
6.46122448979592 0.495732
6.46530612244898 3.81869
6.46938775510204 2.44355
6.4734693877551 0.0
6.47755102040816 0.0
6.48163265306122 0.0
6.48571428571429 0.13274
6.48979591836735 0.0
6.49387755102041 0.0
6.49795918367347 0.0
6.50204081632653 0.0
6.50612244897959 0.0
6.51020408163265 0.0
6.51428571428571 0.0
6.51836734693878 8.55092
6.52244897959184 2.09457
6.5265306122449 22.7029
6.53061224489796 61.0054
6.53469387755102 91.813
6.53877551020408 127.052
6.54285714285714 132.152
6.5469387755102 137.122
6.55102040816327 123.781
6.55510204081633 106.902
6.55918367346939 83.3764
6.56326530612245 63.1533
6.56734693877551 45.0644
6.57142857142857 28.7947
6.57551020408163 15.0183
6.57959183673469 4.0752
6.58367346938776 0.651658
6.58775510204082 0.0
6.59183673469388 0.0
6.59591836734694 0.0
6.6 0.0
6.60408163265306 0.0
6.60816326530612 0.0
6.61224489795918 0.0
6.61632653061224 0.0
6.62040816326531 0.0
6.62448979591837 0.0
6.62857142857143 0.0
6.63265306122449 0.0
6.63673469387755 0.0
6.64081632653061 0.0
6.64489795918367 0.0
6.64897959183673 0.0
6.6530612244898 0.0
6.65714285714286 0.0
6.66122448979592 0.0
6.66530612244898 0.0
6.66938775510204 0.0
6.6734693877551 0.0
6.67755102040816 0.0
6.68163265306122 0.0
6.68571428571429 0.0
6.68979591836735 0.0
6.69387755102041 0.0
6.69795918367347 0.0
6.70204081632653 2.71505
6.70612244897959 5.26357
6.71020408163265 5.43261
6.71428571428571 7.17801
6.71836734693878 3.80826
6.72244897959184 2.71237
6.7265306122449 0.0
6.73061224489796 0.0
6.73469387755102 0.130892
6.73877551020408 0.0
6.74285714285714 0.0
6.7469387755102 0.0
6.75102040816327 0.0
6.75510204081633 0.0
6.75918367346939 0.0
6.76326530612245 0.0
6.76734693877551 0.0
6.77142857142857 0.0
6.77551020408163 0.0
6.77959183673469 0.0
6.78367346938775 0.0
6.78775510204082 0.0
6.79183673469388 0.0
6.79591836734694 2.60602
6.8 0.0
6.80408163265306 1.297
6.80816326530612 1.14572
6.81224489795918 1.14393
6.81632653061224 1.84542
6.82040816326531 0.0
6.82448979591837 0.0
6.82857142857143 0.0
6.83265306122449 0.0
6.83673469387755 1.2213
6.84081632653061 0.0
6.84489795918367 1.07336
6.84897959183674 0.875831
6.8530612244898 2.38764
6.85714285714286 2.10708
6.86122448979592 0.695583
6.86530612244898 0.567673
6.86938775510204 0.0
6.8734693877551 0.0
6.87755102040816 0.0
6.88163265306122 0.0
6.88571428571429 0.0
6.88979591836735 0.0
6.89387755102041 0.0
6.89795918367347 0.0
6.90204081632653 0.0
6.90612244897959 0.0
6.91020408163265 0.0
6.91428571428571 0.0
6.91836734693878 0.0
6.92244897959184 0.0
6.9265306122449 0.0
6.93061224489796 0.0
6.93469387755102 0.0
6.93877551020408 0.0
6.94285714285714 0.0
6.9469387755102 0.0
6.95102040816327 0.0
6.95510204081633 0.0
6.95918367346939 0.0
6.96326530612245 0.0
6.96734693877551 0.552058
6.97142857142857 0.0
6.97551020408163 0.0
6.97959183673469 0.0
6.98367346938775 0.0
6.98775510204082 0.0
6.99183673469388 0.0
6.99591836734694 0.0
7.0 0.0
7.00408163265306 0.0
7.00816326530612 3.35628
7.01224489795918 0.0
7.01632653061225 1.55747
7.02040816326531 3.5671
7.02448979591837 11.427
7.02857142857143 8.59338
7.03265306122449 0.0
7.03673469387755 10.0749
7.04081632653061 1.33884
7.04489795918367 1.701
7.04897959183673 9.07701
7.0530612244898 0.0
7.05714285714286 0.0
7.06122448979592 0.0
7.06530612244898 0.0
7.06938775510204 0.0
7.0734693877551 0.0
7.07755102040816 0.0
7.08163265306122 0.0
7.08571428571429 0.0
7.08979591836735 0.0
7.09387755102041 0.0
7.09795918367347 0.0
7.10204081632653 0.0
7.10612244897959 0.0
7.11020408163265 0.0
7.11428571428571 0.0
7.11836734693878 0.0
7.12244897959184 0.0
7.1265306122449 0.0
7.13061224489796 0.0
7.13469387755102 0.0
7.13877551020408 0.0
7.14285714285714 0.0
7.1469387755102 0.0
7.15102040816326 0.0
7.15510204081633 0.0
7.15918367346939 0.0
7.16326530612245 0.0
7.16734693877551 0.0
7.17142857142857 0.320643
7.17551020408163 0.0
7.17959183673469 0.0
7.18367346938776 0.0
7.18775510204082 0.0
7.19183673469388 0.0
7.19591836734694 0.0
7.2 0.0
7.20408163265306 0.0
7.20816326530612 0.0
7.21224489795918 0.0
7.21632653061225 0.0
7.22040816326531 0.0
7.22448979591837 0.712603
7.22857142857143 0.0
7.23265306122449 3.76493
7.23673469387755 2.88546
7.24081632653061 3.67841
7.24489795918367 2.18928
7.24897959183673 5.15929
7.2530612244898 13.2719
7.25714285714286 1.6827
7.26122448979592 5.8383
7.26530612244898 10.0138
7.26938775510204 0.811815
7.2734693877551 4.25371
7.27755102040816 0.0
7.28163265306122 0.0
7.28571428571429 0.0
7.28979591836735 0.0
7.29387755102041 0.0
7.29795918367347 1.77363
7.30204081632653 0.0
7.30612244897959 4.90457
7.31020408163265 0.0
7.31428571428571 0.0
7.31836734693878 2.57668
7.32244897959184 0.0
7.3265306122449 0.0
7.33061224489796 0.0
7.33469387755102 0.0
7.33877551020408 0.0
7.34285714285714 0.0
7.3469387755102 2.81918
7.35102040816327 0.0
7.35510204081633 1.75166
7.35918367346939 1.6771
7.36326530612245 5.5891
7.36734693877551 3.00413
7.37142857142857 0.324905
7.37551020408163 10.4074
7.37959183673469 12.6584
7.38367346938776 24.6339
7.38775510204082 34.783
7.39183673469388 58.8253
7.39591836734694 133.494
7.4 89.0541
7.40408163265306 123.001
7.40816326530612 113.073
7.41224489795918 105.242
7.41632653061224 89.5665
7.42040816326531 72.7563
7.42448979591837 51.0495
7.42857142857143 29.2783
7.43265306122449 16.8166
7.43673469387755 0.0
7.44081632653061 0.0
7.44489795918367 0.0
7.44897959183673 0.0
7.4530612244898 0.0
7.45714285714286 0.0
7.46122448979592 0.0
7.46530612244898 0.0
7.46938775510204 0.0
7.4734693877551 0.0
7.47755102040816 0.0
7.48163265306122 0.0
7.48571428571429 0.0
7.48979591836735 0.0
7.49387755102041 0.0
7.49795918367347 0.0
7.50204081632653 0.0
7.50612244897959 0.0
7.51020408163265 0.0
7.51428571428571 0.0
7.51836734693878 0.0
7.52244897959184 0.0
7.5265306122449 0.0
7.53061224489796 0.0
7.53469387755102 0.0
7.53877551020408 0.0
7.54285714285714 0.0
7.5469387755102 0.0
7.55102040816327 0.0
7.55510204081633 0.0
7.55918367346939 0.0
7.56326530612245 0.0
7.56734693877551 0.0
7.57142857142857 0.0
7.57551020408163 0.0
7.57959183673469 0.0
7.58367346938776 0.0
7.58775510204082 0.0
7.59183673469388 0.0
7.59591836734694 0.0
7.6 0.0
7.60408163265306 0.0
7.60816326530612 0.0
7.61224489795918 2.88099
7.61632653061224 0.0
7.62040816326531 0.0
7.62448979591837 0.0
7.62857142857143 0.0
7.63265306122449 0.0
7.63673469387755 0.0
7.64081632653061 0.0
7.64489795918367 0.0
7.64897959183673 0.0
7.6530612244898 6.37609
7.65714285714286 0.0
7.66122448979592 0.0
7.66530612244898 0.0
7.66938775510204 0.0
7.6734693877551 0.0
7.67755102040816 0.0
7.68163265306122 0.0
7.68571428571429 0.0
7.68979591836735 0.0
7.69387755102041 0.0
7.69795918367347 0.0
7.70204081632653 0.0
7.70612244897959 0.0
7.71020408163265 0.0
7.71428571428571 0.0
7.71836734693878 0.91064
7.72244897959184 0.0
7.7265306122449 0.0
7.73061224489796 0.0
7.73469387755102 8.01215
7.73877551020408 0.0
7.74285714285714 0.0
7.7469387755102 0.0
7.75102040816327 0.0
7.75510204081633 0.0
7.75918367346939 0.0
7.76326530612245 0.0
7.76734693877551 0.0
7.77142857142857 3.47283
7.77551020408163 11.2795
7.77959183673469 5.77393
7.78367346938775 4.14979
7.78775510204082 8.59904
7.79183673469388 11.7532
7.79591836734694 0.0
7.8 0.0
7.80408163265306 4.16829
7.80816326530612 0.0
7.81224489795918 3.51861
7.81632653061224 9.25383
7.82040816326531 0.738204
7.82448979591837 0.871241
7.82857142857143 1.5431
7.83265306122449 2.10559
7.83673469387755 0.0
7.84081632653061 0.0
7.84489795918367 0.0
7.84897959183674 0.487149
7.8530612244898 0.0
7.85714285714286 4.49401
7.86122448979592 0.0
7.86530612244898 0.925004
7.86938775510204 1.04082
7.8734693877551 4.7425
7.87755102040816 0.0
7.88163265306122 0.254273
7.88571428571429 0.0
7.88979591836735 0.0
7.89387755102041 2.15572
7.89795918367347 6.60855
7.90204081632653 0.0
7.90612244897959 3.73799
7.91020408163265 13.627
7.91428571428571 5.13005
7.91836734693878 16.0381
7.92244897959184 40.5281
7.9265306122449 8.14462
7.93061224489796 24.9928
7.93469387755102 29.3309
7.93877551020408 12.9601
7.94285714285714 10.4896
7.9469387755102 0.0
7.95102040816327 5.97149
7.95510204081633 0.0
7.95918367346939 0.0
7.96326530612245 0.0
7.96734693877551 0.0
7.97142857142857 0.0
7.97551020408163 0.0
7.97959183673469 1.02186
7.98367346938775 0.0
7.98775510204082 2.61414
7.99183673469388 0.0
7.99591836734694 0.0
8.0 1.73026
8.00408163265306 3.4197
8.00816326530612 0.0
8.01224489795918 0.41914
8.01632653061225 7.90381
8.02040816326531 8.84187
8.02448979591837 2.39563
8.02857142857143 9.93229
8.03265306122449 1.01894
8.03673469387755 0.0
8.04081632653061 1.97313
8.04489795918367 2.78831
8.04897959183674 0.0
8.0530612244898 2.73277
8.05714285714286 2.77785
8.06122448979592 1.30336
8.06530612244898 3.65891
8.06938775510204 10.8792
8.0734693877551 2.04003
8.07755102040816 0.0
8.08163265306122 1.64837
8.08571428571429 4.00108
8.08979591836735 1.75923
8.09387755102041 5.7652
8.09795918367347 4.70048
8.10204081632653 3.89805
8.10612244897959 1.85651
8.11020408163265 5.1601
8.11428571428571 0.0
8.11836734693878 0.651896
8.12244897959184 0.0
8.1265306122449 0.0
8.13061224489796 0.0
8.13469387755102 2.21366
8.13877551020408 0.988498
8.14285714285714 0.0
8.1469387755102 3.52168
8.15102040816327 0.0
8.15510204081633 0.0
8.15918367346939 0.0
8.16326530612245 0.0
8.16734693877551 0.0
8.17142857142857 0.0
8.17551020408163 0.223517
8.17959183673469 0.0
8.18367346938776 0.0
8.18775510204082 0.0
8.19183673469388 0.0
8.19591836734694 0.0
8.2 0.0
8.20408163265306 0.0
8.20816326530612 0.0
8.21224489795918 0.0
8.21632653061224 0.0
8.22040816326531 0.58791
8.22448979591837 0.0
8.22857142857143 0.0
8.23265306122449 0.0
8.23673469387755 0.0
8.24081632653061 0.0
8.24489795918367 0.0
8.24897959183673 0.0
8.2530612244898 0.0
8.25714285714286 0.0
8.26122448979592 0.0
8.26530612244898 0.0
8.26938775510204 0.0
8.2734693877551 0.0
8.27755102040816 1.70953
8.28163265306122 2.54086
8.28571428571429 18.6101
8.28979591836735 33.9871
8.29387755102041 41.6108
8.29795918367347 78.3353
8.30204081632653 89.3942
8.30612244897959 100.75
8.31020408163265 98.1428
8.31428571428571 85.9399
8.31836734693877 66.8063
8.32244897959184 41.4355
8.3265306122449 20.3347
8.33061224489796 23.3378
8.33469387755102 13.2212
8.33877551020408 3.41779
8.34285714285714 0.262767
8.3469387755102 0.0
8.35102040816327 0.0
8.35510204081633 0.0
8.35918367346939 0.0
8.36326530612245 0.0
8.36734693877551 0.0
8.37142857142857 0.0
8.37551020408163 0.0
8.37959183673469 0.0
8.38367346938776 0.0
8.38775510204082 0.0
8.39183673469388 0.0
8.39591836734694 0.0
8.4 0.0
8.40408163265306 0.0
8.40816326530612 0.0
8.41224489795918 0.0
8.41632653061225 0.0
8.42040816326531 0.0
8.42448979591837 0.0
8.42857142857143 2.49022
8.43265306122449 3.0427
8.43673469387755 0.0
8.44081632653061 0.0
8.44489795918367 0.0
8.44897959183673 0.0
8.4530612244898 0.0
8.45714285714286 0.0
8.46122448979592 0.0
8.46530612244898 0.0
8.46938775510204 0.0
8.4734693877551 0.0
8.47755102040816 0.0
8.48163265306122 0.0
8.48571428571429 0.0
8.48979591836735 0.0
8.49387755102041 0.0
8.49795918367347 0.0
8.50204081632653 0.0
8.50612244897959 0.0
8.51020408163265 0.0
8.51428571428571 0.0
8.51836734693878 0.327647
8.52244897959184 0.0
8.5265306122449 1.41644
8.53061224489796 2.4426
8.53469387755102 0.0
8.53877551020408 0.0
8.54285714285714 0.0
8.5469387755102 0.0
8.55102040816327 0.0
8.55510204081633 0.0
8.55918367346939 0.0
8.56326530612245 0.0
8.56734693877551 0.0
8.57142857142857 0.0
8.57551020408163 0.0
8.57959183673469 0.0
8.58367346938775 0.0
8.58775510204082 0.0
8.59183673469388 1.50595
8.59591836734694 0.0
8.6 0.0
8.60408163265306 0.0
8.60816326530612 1.20613
8.61224489795918 0.0
8.61632653061224 0.0
8.62040816326531 0.0
8.62448979591837 1.86056
8.62857142857143 2.13374
8.63265306122449 0.69534
8.63673469387755 0.0
8.64081632653061 0.0
8.64489795918367 0.0
8.64897959183673 0.0
8.6530612244898 0.0
8.65714285714286 0.0
8.66122448979592 0.0
8.66530612244898 5.46482
8.66938775510204 2.76208
8.6734693877551 5.40012
8.67755102040816 0.0
8.68163265306123 0.157475
8.68571428571429 0.0
8.68979591836735 0.0
8.69387755102041 0.0
8.69795918367347 0.0
8.70204081632653 0.0
8.70612244897959 0.0
8.71020408163265 0.763655
8.71428571428571 0.396013
8.71836734693878 0.848174
8.72244897959184 0.614941
8.7265306122449 0.0
8.73061224489796 0.0
8.73469387755102 0.0
8.73877551020408 0.0
8.74285714285714 0.0
8.7469387755102 0.0
8.75102040816327 0.0
8.75510204081633 0.0
8.75918367346939 0.0
8.76326530612245 0.0
8.76734693877551 0.0
8.77142857142857 0.0
8.77551020408163 0.0
8.77959183673469 0.0
8.78367346938776 0.0
8.78775510204082 0.0
8.79183673469388 0.155181
8.79591836734694 3.43926
8.8 3.25811
8.80408163265306 5.64593
8.80816326530612 10.2795
8.81224489795918 7.69946
8.81632653061224 2.0563
8.82040816326531 7.38154
8.82448979591837 5.61959
8.82857142857143 0.0
8.83265306122449 1.75887
8.83673469387755 9.85873
8.84081632653061 4.96864
8.84489795918367 4.19557
8.84897959183673 7.17207
8.8530612244898 1.8151
8.85714285714286 1.02861
8.86122448979592 0.0
8.86530612244898 0.0
8.86938775510204 0.0
8.8734693877551 0.0
8.87755102040816 0.0
8.88163265306122 0.0
8.88571428571429 0.0
8.88979591836735 0.0
8.89387755102041 0.0
8.89795918367347 0.0
8.90204081632653 0.0
8.90612244897959 0.0
8.91020408163265 5.69594
8.91428571428571 5.58317
8.91836734693878 0.0
8.92244897959184 3.26318
8.9265306122449 5.06854
8.93061224489796 2.41321
8.93469387755102 2.91094
8.93877551020408 0.391245
8.94285714285714 4.30939
8.9469387755102 3.08543
8.95102040816326 4.22165
8.95510204081633 5.84286
8.95918367346939 6.42133
8.96326530612245 3.12728
8.96734693877551 2.45256
8.97142857142857 2.52384
8.97551020408163 0.0
8.97959183673469 0.0
8.98367346938775 0.0
8.98775510204082 0.0
8.99183673469388 0.0
8.99591836734694 0.0
9.0 0.0
9.00408163265306 0.0
9.00816326530612 0.867814
9.01224489795918 2.68793
9.01632653061225 0.0
9.02040816326531 0.0
9.02448979591837 0.0
9.02857142857143 0.0
9.03265306122449 0.0
9.03673469387755 0.0
9.04081632653061 0.718176
9.04489795918367 3.61355
9.04897959183674 1.81541
9.0530612244898 5.81762
9.05714285714286 3.44321
9.06122448979592 0.263095
9.06530612244898 0.0
9.06938775510204 1.45748
9.0734693877551 0.0
9.07755102040816 9.04775
9.08163265306122 2.39363
9.08571428571429 15.1033
9.08979591836735 18.9292
9.09387755102041 4.66949
9.09795918367347 23.287
9.10204081632653 17.4976
9.10612244897959 14.9553
9.11020408163265 20.6398
9.11428571428571 32.2462
9.11836734693878 12.3362
9.12244897959184 12.6796
9.1265306122449 12.8018
9.13061224489796 11.6167
9.13469387755102 25.1234
9.13877551020408 10.1954
9.14285714285714 16.2769
9.1469387755102 12.188
9.15102040816327 19.4918
9.15510204081633 41.1697
9.15918367346939 34.228
9.16326530612245 55.4241
9.16734693877551 74.0144
9.17142857142857 65.4972
9.17551020408163 97.7277
9.17959183673469 103.441
9.18367346938776 83.296
9.18775510204082 85.6075
9.19183673469388 72.6798
9.19591836734694 55.0045
9.2 47.7011
9.20408163265306 34.1189
9.20816326530612 16.4458
9.21224489795918 9.15185
9.21632653061224 0.0
9.22040816326531 0.0
9.22448979591837 0.0
9.22857142857143 0.0
9.23265306122449 0.0
9.23673469387755 2.23398
9.24081632653061 1.07688
9.24489795918367 0.0
9.24897959183673 0.0
9.2530612244898 0.0715256
9.25714285714286 0.854313
9.26122448979592 0.0
9.26530612244898 0.0
9.26938775510204 0.0
9.2734693877551 0.0
9.27755102040816 0.0
9.28163265306122 0.0
9.28571428571429 0.0
9.28979591836735 0.0
9.29387755102041 0.0
9.29795918367347 0.0
9.30204081632653 0.0
9.30612244897959 0.0
9.31020408163265 0.0
9.31428571428571 0.0
9.31836734693877 0.0
9.32244897959184 0.0
9.3265306122449 0.0
9.33061224489796 0.0
9.33469387755102 1.32525
9.33877551020408 0.0
9.34285714285714 0.0
9.3469387755102 0.0
9.35102040816327 0.0
9.35510204081633 0.0
9.35918367346939 0.0
9.36326530612245 0.0
9.36734693877551 0.0
9.37142857142857 0.0
9.37551020408163 0.0
9.37959183673469 0.0
9.38367346938776 0.0
9.38775510204082 0.0
9.39183673469388 0.0
9.39591836734694 0.0
9.4 0.0
9.40408163265306 0.0
9.40816326530612 0.0
9.41224489795918 0.0
9.41632653061225 0.0
9.42040816326531 0.0
9.42448979591837 0.0
9.42857142857143 0.0
9.43265306122449 0.0
9.43673469387755 2.91383
9.44081632653061 0.0
9.44489795918367 0.0
9.44897959183673 0.0
9.4530612244898 0.0
9.45714285714286 0.0
9.46122448979592 0.0
9.46530612244898 0.0
9.46938775510204 0.0
9.4734693877551 0.0
9.47755102040816 0.0
9.48163265306122 0.0
9.48571428571429 0.0
9.48979591836735 0.0
9.49387755102041 0.0
9.49795918367347 0.0
9.50204081632653 0.0
9.50612244897959 0.0
9.51020408163265 0.0
9.51428571428571 0.0
9.51836734693878 0.0
9.52244897959184 0.0
9.5265306122449 0.0
9.53061224489796 0.0
9.53469387755102 0.0
9.53877551020408 0.0
9.54285714285714 0.0
9.5469387755102 0.0
9.55102040816327 0.0
9.55510204081633 0.0
9.55918367346939 0.0
9.56326530612245 0.0
9.56734693877551 0.0
9.57142857142857 0.0
9.57551020408163 0.0
9.57959183673469 0.0
9.58367346938775 0.0
9.58775510204082 1.26255
9.59183673469388 0.0
9.59591836734694 0.607193
9.6 0.0
9.60408163265306 0.136614
9.60816326530612 0.142634
9.61224489795918 1.13654
9.61632653061224 8.6005
9.62040816326531 14.5029
9.62448979591837 20.6108
9.62857142857143 2.15596
9.63265306122449 22.1835
9.63673469387755 2.2136
9.64081632653061 16.2907
9.64489795918367 1.70708
9.64897959183673 2.70495
9.6530612244898 1.04383
9.65714285714286 0.0
9.66122448979592 0.0
9.66530612244898 0.0
9.66938775510204 0.0
9.6734693877551 0.0
9.67755102040816 0.580609
9.68163265306123 0.0
9.68571428571429 1.773
9.68979591836735 0.0
9.69387755102041 0.0
9.69795918367347 1.88532
9.70204081632653 0.0
9.70612244897959 0.0818372
9.71020408163265 0.0
9.71428571428571 1.59526
9.71836734693878 0.0
9.72244897959184 0.0
9.7265306122449 3.42895
9.73061224489796 0.0
9.73469387755102 1.0802
9.73877551020408 0.0
9.74285714285714 0.715911
9.7469387755102 0.0
9.75102040816327 0.41984
9.75510204081633 0.0
9.75918367346939 0.0
9.76326530612245 0.0
9.76734693877551 0.0
9.77142857142857 0.0
9.77551020408163 0.0
9.77959183673469 0.250623
9.78367346938776 0.0
9.78775510204082 1.61274
9.79183673469388 0.0
9.79591836734694 4.20353
9.8 0.480592
9.80408163265306 1.06651
9.80816326530612 0.862181
9.81224489795918 0.677928
9.81632653061224 5.49983
9.82040816326531 1.27876
9.82448979591837 0.0
9.82857142857143 1.14998
9.83265306122449 0.690103
9.83673469387755 1.46453
9.84081632653061 0.0
9.84489795918367 0.647426
9.84897959183673 0.0
9.8530612244898 0.0
9.85714285714286 5.95436
9.86122448979592 4.86326
9.86530612244898 8.65054
9.86938775510204 2.87044
9.8734693877551 6.26397
9.87755102040816 6.70451
9.88163265306122 0.442624
9.88571428571429 3.19362
9.88979591836735 0.738576
9.89387755102041 0.333905
9.89795918367347 1.99254
9.90204081632653 0.0
9.90612244897959 0.0174046
9.91020408163265 1.56021
9.91428571428571 2.97889
9.91836734693878 0.0
9.92244897959184 5.76712
9.9265306122449 0.0
9.93061224489796 0.110969
9.93469387755102 3.22407
9.93877551020408 0.0
9.94285714285714 1.84613
9.9469387755102 0.0
9.95102040816326 2.14685
9.95510204081633 1.00011
9.95918367346939 0.0
9.96326530612245 0.0
9.96734693877551 0.0
9.97142857142857 0.0
9.97551020408163 0.0
9.97959183673469 1.47575
9.98367346938775 0.0
9.98775510204082 0.0
9.99183673469388 0.0
9.99591836734694 0.0
10.0 0.0
10.0040816326531 0.0
10.0081632653061 0.0
10.0122448979592 0.0
10.0163265306122 0.0
10.0204081632653 0.0
10.0244897959184 0.0
10.0285714285714 0.0
10.0326530612245 0.0
10.0367346938776 3.79616
10.0408163265306 0.17345
10.0448979591837 0.748456
10.0489795918367 0.21854
10.0530612244898 1.89807
10.0571428571429 0.0
10.0612244897959 14.227
10.065306122449 7.08444
10.069387755102 26.9761
10.0734693877551 43.1784
10.0775510204082 27.72
10.0816326530612 49.2427
10.0857142857143 25.9876
10.0897959183673 41.0691
10.0938775510204 23.7616
10.0979591836735 19.1487
10.1020408163265 10.1889
10.1061224489796 3.55583
10.1102040816327 10.0691
10.1142857142857 3.47623
10.1183673469388 0.0
10.1224489795918 0.0
10.1265306122449 0.0
10.130612244898 0.0
10.134693877551 0.681102
10.1387755102041 0.0
10.1428571428571 0.0
10.1469387755102 0.0
10.1510204081633 0.0
10.1551020408163 0.0
10.1591836734694 0.0
10.1632653061224 0.0
10.1673469387755 0.0
10.1714285714286 0.0
10.1755102040816 0.0
10.1795918367347 0.0
10.1836734693878 0.0
10.1877551020408 0.0
10.1918367346939 0.0
10.1959183673469 0.0
10.2 0.0
10.2040816326531 0.0
10.2081632653061 0.0
10.2122448979592 0.0
10.2163265306122 0.0
10.2204081632653 0.0
10.2244897959184 0.646353
10.2285714285714 0.0
10.2326530612245 5.23956
10.2367346938776 0.0
10.2408163265306 0.962555
10.2448979591837 0.0
10.2489795918367 7.83226
10.2530612244898 0.0
10.2571428571429 1.92744
10.2612244897959 2.16264
10.265306122449 0.0
10.269387755102 0.0
10.2734693877551 0.0
10.2775510204082 0.0
10.2816326530612 0.0
10.2857142857143 0.0
10.2897959183673 0.0
10.2938775510204 0.0
10.2979591836735 0.0
10.3020408163265 0.0
10.3061224489796 0.0
10.3102040816327 3.65883
10.3142857142857 0.0
10.3183673469388 0.0
10.3224489795918 1.91918
10.3265306122449 13.6241
10.330612244898 0.775337
10.334693877551 13.7376
10.3387755102041 1.8065
10.3428571428571 1.75798
10.3469387755102 6.75595
10.3510204081633 0.0
10.3551020408163 6.40088
10.3591836734694 0.0
10.3632653061224 0.0
10.3673469387755 0.0
10.3714285714286 0.0
10.3755102040816 0.0
10.3795918367347 0.0
10.3836734693878 0.0
10.3877551020408 0.0
10.3918367346939 0.0
10.3959183673469 0.0
10.4 0.0
10.4040816326531 0.0
10.4081632653061 0.0
10.4122448979592 0.0
10.4163265306122 0.0
10.4204081632653 0.0
10.4244897959184 0.0
10.4285714285714 2.73538
10.4326530612245 0.0
10.4367346938776 0.294566
10.4408163265306 0.0
10.4448979591837 0.0
10.4489795918367 0.0
10.4530612244898 0.0
10.4571428571429 0.0
10.4612244897959 7.6209
10.465306122449 0.0
10.469387755102 0.0
10.4734693877551 0.0
10.4775510204082 0.0
10.4816326530612 0.0
10.4857142857143 0.0
10.4897959183673 0.0
10.4938775510204 0.0
10.4979591836735 0.662208
10.5020408163265 0.0
10.5061224489796 0.0
10.5102040816327 0.0
10.5142857142857 0.645816
10.5183673469388 0.0
10.5224489795918 0.0
10.5265306122449 0.0
10.530612244898 8.45019
10.534693877551 16.7745
10.5387755102041 0.0
10.5428571428571 15.9081
10.5469387755102 0.0
10.5510204081633 5.50324
10.5551020408163 8.811
10.5591836734694 0.723809
10.5632653061224 0.0
10.5673469387755 1.67298
10.5714285714286 0.0
10.5755102040816 0.0
10.5795918367347 0.0
10.5836734693878 0.0
10.5877551020408 0.0
10.5918367346939 0.0
10.5959183673469 0.0
10.6 0.0
10.6040816326531 0.0
10.6081632653061 0.0
10.6122448979592 0.0
10.6163265306122 0.0
10.6204081632653 0.0
10.6244897959184 0.0
10.6285714285714 0.0
10.6326530612245 0.0
10.6367346938776 0.0
10.6408163265306 0.0
10.6448979591837 0.850111
10.6489795918367 3.67248
10.6530612244898 7.17133
10.6571428571429 0.0
10.6612244897959 5.41776
10.665306122449 4.16648
10.669387755102 1.33175
10.6734693877551 0.720143
10.6775510204082 1.78486
10.6816326530612 0.0
10.6857142857143 1.62263
10.6897959183673 0.0
10.6938775510204 0.0
10.6979591836735 0.0
10.7020408163265 0.0
10.7061224489796 0.0
10.7102040816327 0.0
10.7142857142857 0.0
10.7183673469388 0.0
10.7224489795918 2.97058
10.7265306122449 0.0
10.730612244898 0.0
10.734693877551 3.4783
10.7387755102041 0.0
10.7428571428571 0.863075
10.7469387755102 3.76658
10.7510204081633 0.0
10.7551020408163 0.0
10.7591836734694 3.04317
10.7632653061224 4.34911
10.7673469387755 3.71104
10.7714285714286 0.0
10.7755102040816 0.0
10.7795918367347 0.0
10.7836734693878 0.0
10.7877551020408 0.517547
10.7918367346939 0.0
10.7959183673469 0.0
10.8 0.0
10.8040816326531 0.0
10.8081632653061 0.0
10.8122448979592 0.0
10.8163265306122 0.0
10.8204081632653 0.0
10.8244897959184 0.0
10.8285714285714 0.0
10.8326530612245 0.0
10.8367346938776 3.10007
10.8408163265306 0.0
10.8448979591837 1.41132
10.8489795918367 0.0
10.8530612244898 0.0
10.8571428571429 0.615895
10.8612244897959 0.0
10.865306122449 3.70865
10.869387755102 0.445604
10.8734693877551 0.0
10.8775510204082 0.727534
10.8816326530612 0.0
10.8857142857143 0.839293
10.8897959183673 2.55582
10.8938775510204 0.0
10.8979591836735 0.0
10.9020408163265 0.0
10.9061224489796 0.0
10.9102040816327 0.0
10.9142857142857 0.519097
10.9183673469388 0.0
10.9224489795918 13.638
10.9265306122449 14.0067
10.930612244898 49.2974
10.934693877551 53.9148
10.9387755102041 148.645
10.9428571428571 190.995
10.9469387755102 143.994
10.9510204081633 167.625
10.9551020408163 133.004
10.9591836734694 115.805
10.9632653061224 106.831
10.9673469387755 86.09
10.9714285714286 83.2306
10.9755102040816 62.1191
10.9795918367347 47.9646
10.9836734693878 33.9624
10.9877551020408 18.9652
10.9918367346939 7.26932
10.9959183673469 0.929117
11.0 0.0
11.0040816326531 0.0
11.0081632653061 0.0
11.0122448979592 0.0
11.0163265306122 0.0
11.0204081632653 0.0
11.0244897959184 0.0
11.0285714285714 0.0
11.0326530612245 0.0
11.0367346938776 0.0
11.0408163265306 0.0
11.0448979591837 0.0
11.0489795918367 0.0
11.0530612244898 0.0
11.0571428571429 0.0
11.0612244897959 0.0
11.065306122449 0.0
11.069387755102 0.0
11.0734693877551 0.0
11.0775510204082 0.0
11.0816326530612 0.0
11.0857142857143 0.201762
11.0897959183673 0.0
11.0938775510204 0.0
11.0979591836735 1.5865
11.1020408163265 0.0
11.1061224489796 0.0
11.1102040816327 0.0
11.1142857142857 0.0
11.1183673469388 0.832438
11.1224489795918 0.0
11.1265306122449 1.84709
11.130612244898 0.0
11.134693877551 0.0
11.1387755102041 0.0
11.1428571428571 0.0
11.1469387755102 0.0
11.1510204081633 0.0
11.1551020408163 0.0
11.1591836734694 0.0
11.1632653061224 0.0
11.1673469387755 0.0
11.1714285714286 0.0
11.1755102040816 0.0
11.1795918367347 0.510693
11.1836734693878 0.0
11.1877551020408 0.0
11.1918367346939 0.0
11.1959183673469 0.0
11.2 0.0
11.2040816326531 0.442624
11.2081632653061 0.0
11.2122448979592 0.0
11.2163265306122 0.0
11.2204081632653 0.0
11.2244897959184 0.0
11.2285714285714 0.0
11.2326530612245 0.0
11.2367346938776 0.0
11.2408163265306 0.0
11.2448979591837 0.0
11.2489795918367 0.0
11.2530612244898 0.0
11.2571428571429 0.0
11.2612244897959 1.38155
11.265306122449 0.0
11.269387755102 0.147223
11.2734693877551 0.0
11.2775510204082 0.0
11.2816326530612 0.0
11.2857142857143 0.0
11.2897959183673 0.0
11.2938775510204 0.0
11.2979591836735 0.0
11.3020408163265 0.0
11.3061224489796 0.0
11.3102040816327 0.0
11.3142857142857 0.0
11.3183673469388 0.0
11.3224489795918 0.0
11.3265306122449 0.0
11.330612244898 0.0
11.334693877551 0.0
11.3387755102041 1.02106
11.3428571428571 3.81005
11.3469387755102 5.51093
11.3510204081633 13.7729
11.3551020408163 1.86348
11.3591836734694 0.179678
11.3632653061224 2.31564
11.3673469387755 3.46351
11.3714285714286 9.35685
11.3755102040816 7.47474
11.3795918367347 0.0
11.3836734693878 0.0
11.3877551020408 0.0
11.3918367346939 0.0
11.3959183673469 0.0
11.4 0.0
11.4040816326531 0.0
11.4081632653061 0.0
11.4122448979592 0.0
11.4163265306122 0.0
11.4204081632653 0.0
11.4244897959184 0.0
11.4285714285714 0.0
11.4326530612245 2.27022
11.4367346938776 0.0
11.4408163265306 0.0
11.4448979591837 0.0
11.4489795918367 0.0
11.4530612244898 0.0
11.4571428571429 0.0
11.4612244897959 0.0
11.465306122449 0.0
11.469387755102 0.0
11.4734693877551 0.0
11.4775510204082 0.0
11.4816326530612 0.0
11.4857142857143 0.0
11.4897959183673 0.0
11.4938775510204 0.0
11.4979591836735 0.0
11.5020408163265 0.0
11.5061224489796 0.0
11.5102040816327 0.0
11.5142857142857 0.0
11.5183673469388 0.0
11.5224489795918 0.0
11.5265306122449 0.0
11.530612244898 0.0
11.534693877551 0.0
11.5387755102041 0.0
11.5428571428571 3.67892
11.5469387755102 0.0
11.5510204081633 3.07608
11.5551020408163 0.59104
11.5591836734694 3.32117
11.5632653061224 6.42464
11.5673469387755 3.28237
11.5714285714286 10.371
11.5755102040816 0.300348
11.5795918367347 5.30601
11.5836734693878 0.0
11.5877551020408 0.0
11.5918367346939 2.21217
11.5959183673469 0.0
11.6 1.02881
11.6040816326531 3.89552
11.6081632653061 0.0
11.6122448979592 2.06602
11.6163265306122 0.0
11.6204081632653 0.613257
11.6244897959184 0.498116
11.6285714285714 8.79532
11.6326530612245 1.39284
11.6367346938776 0.0
11.6408163265306 12.7207
11.6448979591837 0.0
11.6489795918367 4.48895
11.6530612244898 0.0
11.6571428571429 0.0
11.6612244897959 1.38533
11.665306122449 0.0
11.669387755102 0.0
11.6734693877551 0.0
11.6775510204082 0.121295
11.6816326530612 0.0
11.6857142857143 0.0
11.6897959183673 0.0
11.6938775510204 0.0
11.6979591836735 2.11817
11.7020408163265 5.05114
11.7061224489796 22.2733
11.7102040816327 14.0198
11.7142857142857 109.555
11.7183673469388 143.267
11.7224489795918 136.956
11.7265306122449 149.647
11.730612244898 128.364
11.734693877551 138.113
11.7387755102041 113.924
11.7428571428571 88.9751
11.7469387755102 61.8407
11.7510204081633 45.9181
11.7551020408163 27.8731
11.7591836734694 9.73629
11.7632653061224 0.0
11.7673469387755 0.0
11.7714285714286 0.0
11.7755102040816 0.0
11.7795918367347 0.0
11.7836734693878 0.0
11.7877551020408 0.0
11.7918367346939 0.0
11.7959183673469 0.0
11.8 0.0
11.8040816326531 0.0
11.8081632653061 0.0
11.8122448979592 0.0
11.8163265306122 0.0
11.8204081632653 0.0
11.8244897959184 0.0
11.8285714285714 0.0
11.8326530612245 0.0
11.8367346938776 0.0
11.8408163265306 0.0
11.8448979591837 0.0
11.8489795918367 0.0
11.8530612244898 0.0
11.8571428571429 0.0
11.8612244897959 0.0
11.865306122449 0.0
11.869387755102 0.0
11.8734693877551 5.56123
11.8775510204082 2.9794
11.8816326530612 4.58491
11.8857142857143 2.20978
11.8897959183673 0.0
11.8938775510204 0.0
11.8979591836735 0.0
11.9020408163265 0.0
11.9061224489796 0.0
11.9102040816327 0.0
11.9142857142857 0.0
11.9183673469388 0.0
11.9224489795918 0.0
11.9265306122449 0.0
11.930612244898 0.0
11.934693877551 3.2199
11.9387755102041 0.0
11.9428571428571 0.0
11.9469387755102 0.0
11.9510204081633 0.0
11.9551020408163 0.375196
11.9591836734694 1.75659
11.9632653061224 1.27447
11.9673469387755 0.793219
11.9714285714286 3.7874
11.9755102040816 1.98311
11.9795918367347 0.0
11.9836734693878 0.00159442
11.9877551020408 0.0
11.9918367346939 0.0
11.9959183673469 0.0
12.0 0.0
12.0040816326531 0.998884
12.0081632653061 2.11875
12.0122448979592 3.65233
12.0163265306122 4.00156
12.0204081632653 1.71
12.0244897959184 1.68836
12.0285714285714 1.78856
12.0326530612245 1.55687
12.0367346938776 3.2593
12.0408163265306 0.844181
12.0448979591837 3.05839
12.0489795918367 3.27632
12.0530612244898 1.77912
12.0571428571429 2.51228
12.0612244897959 1.0066
12.065306122449 1.81043
12.069387755102 4.94677
12.0734693877551 1.69933
12.0775510204082 1.64118
12.0816326530612 0.00476837
12.0857142857143 1.02872
12.0897959183673 0.0
12.0938775510204 0.0
12.0979591836735 0.207543
12.1020408163265 0.0
12.1061224489796 0.0
12.1102040816327 0.0
12.1142857142857 0.0
12.1183673469388 0.0
12.1224489795918 0.0
12.1265306122449 0.0
12.130612244898 0.0
12.134693877551 0.0
12.1387755102041 0.0
12.1428571428571 0.0
12.1469387755102 0.0
12.1510204081633 0.0
12.1551020408163 0.0
12.1591836734694 0.0
12.1632653061224 0.0
12.1673469387755 0.0
12.1714285714286 0.52166
12.1755102040816 10.8456
12.1795918367347 12.4856
12.1836734693878 12.5236
12.1877551020408 10.4917
12.1918367346939 18.5904
12.1959183673469 7.15719
12.2 11.5463
12.2040816326531 2.4243
12.2081632653061 1.21893
12.2122448979592 0.0
12.2163265306122 0.0
12.2204081632653 0.0
12.2244897959184 0.0
12.2285714285714 0.0
12.2326530612245 0.0
12.2367346938776 0.0
12.2408163265306 2.10204
12.2448979591837 4.56998
12.2489795918367 1.52594
12.2530612244898 1.4133
12.2571428571429 0.0
12.2612244897959 0.0
12.265306122449 1.14879
12.269387755102 0.169396
12.2734693877551 0.0
12.2775510204082 0.661492
12.2816326530612 7.65692
12.2857142857143 1.1977
12.2897959183673 1.16074
12.2938775510204 2.14303
12.2979591836735 1.59949
12.3020408163265 1.73417
12.3061224489796 1.20685
12.3102040816327 2.707
12.3142857142857 1.73658
12.3183673469388 1.60116
12.3224489795918 0.311002
12.3265306122449 1.18075
12.330612244898 1.97488
12.334693877551 0.0
12.3387755102041 0.0
12.3428571428571 0.0
12.3469387755102 0.0
12.3510204081633 0.0
12.3551020408163 0.0
12.3591836734694 0.0
12.3632653061224 0.0
12.3673469387755 0.274062
12.3714285714286 1.92127
12.3755102040816 0.732958
12.3795918367347 0.72664
12.3836734693878 3.94672
12.3877551020408 0.0
12.3918367346939 0.0
12.3959183673469 0.0
12.4 0.0
12.4040816326531 0.0
12.4081632653061 0.0
12.4122448979592 0.0
12.4163265306122 0.0
12.4204081632653 0.0
12.4244897959184 0.0
12.4285714285714 0.177689
12.4326530612245 0.0
12.4367346938776 0.0
12.4408163265306 0.0
12.4448979591837 0.0
12.4489795918367 0.0
12.4530612244898 0.0
12.4571428571429 0.0
12.4612244897959 0.0
12.465306122449 0.0
12.469387755102 0.0
12.4734693877551 0.0
12.4775510204082 0.0
12.4816326530612 0.0277758
12.4857142857143 0.0
12.4897959183673 0.473857
12.4938775510204 1.25957
12.4979591836735 0.0
12.5020408163265 0.0
12.5061224489796 0.0
12.5102040816327 0.0
12.5142857142857 0.0
12.5183673469388 0.0
12.5224489795918 0.0
12.5265306122449 0.0
12.530612244898 0.0
12.534693877551 0.0
12.5387755102041 0.0
12.5428571428571 0.0
12.5469387755102 0.0
12.5510204081633 0.0
12.5551020408163 0.0
12.5591836734694 0.0
12.5632653061224 0.0
12.5673469387755 0.0
12.5714285714286 0.0
12.5755102040816 0.0
12.5795918367347 0.0
12.5836734693878 0.0
12.5877551020408 0.0
12.5918367346939 0.0
12.5959183673469 0.0
12.6 0.0
12.6040816326531 0.0
12.6081632653061 0.0
12.6122448979592 2.8764
12.6163265306122 2.25714
12.6204081632653 3.92252
12.6244897959184 31.5931
12.6285714285714 9.30093
12.6326530612245 7.84983
12.6367346938776 5.51695
12.6408163265306 6.1745
12.6448979591837 0.0
12.6489795918367 4.72839
12.6530612244898 0.0
12.6571428571429 0.0
12.6612244897959 0.0
12.665306122449 0.956833
12.669387755102 0.0
12.6734693877551 0.0
12.6775510204082 0.0
12.6816326530612 0.0
12.6857142857143 0.0025928
12.6897959183673 3.15411
12.6938775510204 0.0
12.6979591836735 0.0
12.7020408163265 0.0
12.7061224489796 0.0
12.7102040816327 0.991464
12.7142857142857 0.0
12.7183673469388 0.89395
12.7224489795918 0.0
12.7265306122449 0.0
12.730612244898 0.0
12.734693877551 0.0
12.7387755102041 0.0
12.7428571428571 0.0
12.7469387755102 2.74393
12.7510204081633 0.0420809
12.7551020408163 0.0
12.7591836734694 1.22678
12.7632653061224 0.0
12.7673469387755 0.0
12.7714285714286 0.0
12.7755102040816 0.0
12.7795918367347 0.0
12.7836734693878 0.0
12.7877551020408 0.0
12.7918367346939 0.756413
12.7959183673469 0.0
12.8 1.33306
12.8040816326531 0.0
12.8081632653061 0.0
12.8122448979592 0.0
12.8163265306122 0.0
12.8204081632653 0.0
12.8244897959184 0.0
12.8285714285714 0.0
12.8326530612245 0.0
12.8367346938776 0.466585
12.8408163265306 0.729322
12.8448979591837 0.0
12.8489795918367 0.0
12.8530612244898 2.01191
12.8571428571429 0.0
12.8612244897959 0.0
12.865306122449 0.0
12.869387755102 0.0
12.8734693877551 0.0
12.8775510204082 0.0
12.8816326530612 0.0
12.8857142857143 0.0
12.8897959183673 0.0
12.8938775510204 0.638187
12.8979591836735 0.0
12.9020408163265 1.0529
12.9061224489796 3.92154
12.9102040816327 0.0
12.9142857142857 1.91863
12.9183673469388 0.570297
12.9224489795918 0.0
12.9265306122449 0.0
12.930612244898 0.0
12.934693877551 0.0
12.9387755102041 0.0
12.9428571428571 0.0
12.9469387755102 0.0
12.9510204081633 0.0
12.9551020408163 0.0
12.9591836734694 0.0
12.9632653061224 0.0
12.9673469387755 0.0
12.9714285714286 0.0
12.9755102040816 0.0
12.9795918367347 0.238955
12.9836734693878 0.0
12.9877551020408 3.62927
12.9918367346939 0.0
12.9959183673469 3.98231
13.0 3.60316
13.0040816326531 0.287026
13.0081632653061 1.05635
13.0122448979592 2.41178
13.0163265306122 2.76738
13.0204081632653 0.0
13.0244897959184 6.6697
13.0285714285714 5.20695
13.0326530612245 0.0
13.0367346938776 2.65199
13.0408163265306 0.0
13.0448979591837 0.0
13.0489795918367 0.071317
13.0530612244898 3.74416
13.0571428571429 0.0768676
13.0612244897959 0.433683
13.065306122449 2.03479
13.069387755102 1.07013
13.0734693877551 1.81061
13.0775510204082 0.549406
13.0816326530612 3.76526
13.0857142857143 6.76087
13.0897959183673 8.70903
13.0938775510204 37.4156
13.0979591836735 30.4134
13.1020408163265 5.56035
13.1061224489796 6.13382
13.1102040816327 0.278242
13.1142857142857 14.8762
13.1183673469388 0.865817
13.1224489795918 8.2339
13.1265306122449 8.28969
13.130612244898 2.36291
13.134693877551 0.230104
13.1387755102041 1.66535
13.1428571428571 0.0
13.1469387755102 0.66039
13.1510204081633 0.0
13.1551020408163 5.31822
13.1591836734694 0.0246577
13.1632653061224 0.0
13.1673469387755 1.32591
13.1714285714286 0.0
13.1755102040816 0.0
13.1795918367347 3.34071
13.1836734693878 0.0
13.1877551020408 0.0
13.1918367346939 1.38969
13.1959183673469 0.176642
13.2 0.0
13.2040816326531 0.0
13.2081632653061 0.189271
13.2122448979592 0.0
13.2163265306122 0.792919
13.2204081632653 0.0
13.2244897959184 0.0
13.2285714285714 0.0
13.2326530612245 0.0
13.2367346938776 0.17637
13.2408163265306 0.0
13.2448979591837 0.234544
13.2489795918367 0.0
13.2530612244898 1.4986
13.2571428571429 0.0
13.2612244897959 0.0
13.265306122449 0.0
13.269387755102 0.0
13.2734693877551 0.553887
13.2775510204082 0.0
13.2816326530612 0.0
13.2857142857143 0.104278
13.2897959183673 0.0
13.2938775510204 0.0
13.2979591836735 0.0
13.3020408163265 0.0
13.3061224489796 0.0
13.3102040816327 0.0
13.3142857142857 0.0
13.3183673469388 1.49035
13.3224489795918 0.0
13.3265306122449 0.0984669
13.330612244898 0.0
13.334693877551 0.0
13.3387755102041 0.0
13.3428571428571 0.0
13.3469387755102 0.0
13.3510204081633 0.133805
13.3551020408163 0.0
13.3591836734694 0.0
13.3632653061224 0.0
13.3673469387755 0.0
13.3714285714286 0.0
13.3755102040816 0.0
13.3795918367347 0.0
13.3836734693878 0.0
13.3877551020408 0.0
13.3918367346939 0.0
13.3959183673469 0.0
13.4 0.0
13.4040816326531 0.0
13.4081632653061 0.0
13.4122448979592 0.0
13.4163265306122 0.0
13.4204081632653 0.0
13.4244897959184 0.0
13.4285714285714 0.0
13.4326530612245 0.0
13.4367346938776 0.0
13.4408163265306 0.0
13.4448979591837 0.0
13.4489795918367 0.0
13.4530612244898 1.38944
13.4571428571429 0.0
13.4612244897959 0.0
13.465306122449 0.0
13.469387755102 12.194
13.4734693877551 26.3331
13.4775510204082 19.2768
13.4816326530612 120.492
13.4857142857143 182.622
13.4897959183673 191.449
13.4938775510204 161.622
13.4979591836735 148.037
13.5020408163265 126.687
13.5061224489796 104.51
13.5102040816327 82.0376
13.5142857142857 59.3695
13.5183673469388 42.184
13.5224489795918 24.9862
13.5265306122449 17.6501
13.530612244898 10.4739
13.534693877551 2.74968
13.5387755102041 0.0
13.5428571428571 0.0
13.5469387755102 0.0
13.5510204081633 0.0
13.5551020408163 0.0
13.5591836734694 0.0
13.5632653061224 0.0
13.5673469387755 0.0
13.5714285714286 0.0
13.5755102040816 0.0
13.5795918367347 0.0
13.5836734693878 0.0
13.5877551020408 0.0
13.5918367346939 0.0
13.5959183673469 0.0
13.6 0.0
13.6040816326531 0.0
13.6081632653061 0.23073
13.6122448979592 0.421822
13.6163265306122 0.234663
13.6204081632653 0.0
13.6244897959184 0.0
13.6285714285714 0.0
13.6326530612245 0.0
13.6367346938776 0.0
13.6408163265306 0.0
13.6448979591837 0.0
13.6489795918367 0.0
13.6530612244898 0.0
13.6571428571429 0.0
13.6612244897959 0.0
13.665306122449 0.0
13.669387755102 0.0
13.6734693877551 0.0
13.6775510204082 0.0
13.6816326530612 0.0
13.6857142857143 0.0
13.6897959183673 0.0
13.6938775510204 0.0
13.6979591836735 0.0
13.7020408163265 0.0
13.7061224489796 0.0
13.7102040816327 1.85579
13.7142857142857 2.87354
13.7183673469388 0.0
13.7224489795918 1.93059
13.7265306122449 0.0381963
13.730612244898 0.208519
13.734693877551 0.0
13.7387755102041 0.0
13.7428571428571 0.0
13.7469387755102 0.0
13.7510204081633 0.0
13.7551020408163 0.0
13.7591836734694 0.0
13.7632653061224 0.0
13.7673469387755 0.0
13.7714285714286 0.0
13.7755102040816 0.0
13.7795918367347 0.0
13.7836734693878 0.0
13.7877551020408 0.0
13.7918367346939 0.353159
13.7959183673469 0.0
13.8 0.0
13.8040816326531 0.0
13.8081632653061 0.0
13.8122448979592 0.0
13.8163265306122 0.0
13.8204081632653 0.0
13.8244897959184 0.0
13.8285714285714 0.0
13.8326530612245 0.0
13.8367346938776 0.0
13.8408163265306 0.0
13.8448979591837 0.0
13.8489795918367 0.0
13.8530612244898 0.0
13.8571428571429 0.0
13.8612244897959 0.0
13.865306122449 0.0
13.869387755102 0.0
13.8734693877551 0.0
13.8775510204082 0.0
13.8816326530612 0.0
13.8857142857143 0.0
13.8897959183673 0.0
13.8938775510204 0.0
13.8979591836735 0.79675
13.9020408163265 3.39034
13.9061224489796 9.52937
13.9102040816327 10.9795
13.9142857142857 23.1615
13.9183673469388 9.50074
13.9224489795918 35.236
13.9265306122449 56.8007
13.930612244898 61.6468
13.934693877551 72.7612
13.9387755102041 75.3254
13.9428571428571 60.9293
13.9469387755102 50.7632
13.9510204081633 30.44
13.9551020408163 19.1042
13.9591836734694 10.993
13.9632653061224 1.30183
13.9673469387755 0.0
13.9714285714286 0.0
13.9755102040816 0.0
13.9795918367347 0.0
13.9836734693878 0.0
13.9877551020408 0.0
13.9918367346939 0.0
13.9959183673469 0.0
14.0 0.0
14.0040816326531 0.0
14.0081632653061 0.0
14.0122448979592 0.0
14.0163265306122 0.0
14.0204081632653 0.0
14.0244897959184 0.0
14.0285714285714 0.0
14.0326530612245 0.0
14.0367346938776 0.0
14.0408163265306 0.0
14.0448979591837 0.0
14.0489795918367 0.0
14.0530612244898 4.52536
14.0571428571429 5.74896
14.0612244897959 2.14329
14.065306122449 17.2985
14.069387755102 1.88163
14.0734693877551 12.4948
14.0775510204082 7.32347
14.0816326530612 0.0
14.0857142857143 1.96555
14.0897959183673 1.26445
14.0938775510204 0.0
14.0979591836735 0.0
14.1020408163265 0.0
14.1061224489796 0.0
14.1102040816327 0.0
14.1142857142857 0.0
14.1183673469388 0.0
14.1224489795918 0.0
14.1265306122449 0.0
14.130612244898 0.0
14.134693877551 0.0
14.1387755102041 1.61982
14.1428571428571 0.0
14.1469387755102 0.0
14.1510204081633 0.0
14.1551020408163 0.0
14.1591836734694 0.0
14.1632653061224 0.0
14.1673469387755 0.0
14.1714285714286 1.20193
14.1755102040816 0.0
14.1795918367347 0.0971146
14.1836734693878 0.0
14.1877551020408 0.901699
14.1918367346939 0.477552
14.1959183673469 0.534713
14.2 0.0
14.2040816326531 0.0
14.2081632653061 0.0
14.2122448979592 0.0
14.2163265306122 0.0
14.2204081632653 0.0
14.2244897959184 0.0
14.2285714285714 0.0
14.2326530612245 0.0
14.2367346938776 0.0
14.2408163265306 0.0
14.2448979591837 0.0
14.2489795918367 0.0
14.2530612244898 0.0
14.2571428571429 0.0
14.2612244897959 0.0
14.265306122449 0.0
14.269387755102 0.0
14.2734693877551 0.0
14.2775510204082 0.0
14.2816326530612 0.0
14.2857142857143 0.0
14.2897959183673 0.0
14.2938775510204 0.0
14.2979591836735 0.0
14.3020408163265 0.0
14.3061224489796 0.0
14.3102040816327 0.0
14.3142857142857 0.0
14.3183673469388 0.0
14.3224489795918 4.94319
14.3265306122449 0.0
14.330612244898 0.556946
14.334693877551 0.0
14.3387755102041 0.0
14.3428571428571 0.0
14.3469387755102 0.0
14.3510204081633 0.0
14.3551020408163 0.0
14.3591836734694 0.0
14.3632653061224 0.0
14.3673469387755 0.0
14.3714285714286 0.0
14.3755102040816 0.0
14.3795918367347 0.0
14.3836734693878 4.63519
14.3877551020408 25.8436
14.3918367346939 10.7677
14.3959183673469 59.0649
14.4 63.7099
14.4040816326531 89.9189
14.4081632653061 98.845
14.4122448979592 88.6485
14.4163265306122 81.007
14.4204081632653 59.1158
14.4244897959184 46.697
14.4285714285714 34.1759
14.4326530612245 16.5328
14.4367346938776 4.23345
14.4408163265306 1.19311
14.4448979591837 0.0
14.4489795918367 0.0
14.4530612244898 0.0
14.4571428571429 0.0
14.4612244897959 0.0
14.465306122449 0.0
14.469387755102 0.0
14.4734693877551 0.0
14.4775510204082 0.0
14.4816326530612 0.0
14.4857142857143 0.0
14.4897959183673 0.0
14.4938775510204 0.0408292
14.4979591836735 0.0
14.5020408163265 0.0
14.5061224489796 0.0396371
14.5102040816327 0.0
14.5142857142857 0.0
14.5183673469388 0.0
14.5224489795918 0.703633
14.5265306122449 0.695348
14.530612244898 0.0
14.534693877551 0.0
14.5387755102041 0.0
14.5428571428571 0.0
14.5469387755102 0.0
14.5510204081633 0.0
14.5551020408163 0.0
14.5591836734694 0.0
14.5632653061224 0.0
14.5673469387755 0.0
14.5714285714286 1.15216
14.5755102040816 3.34573
14.5795918367347 3.87067
14.5836734693878 1.19933
14.5877551020408 3.07077
14.5918367346939 4.45698
14.5959183673469 3.29502
14.6 5.25433
14.6040816326531 0.0
14.6081632653061 0.0
14.6122448979592 0.0
14.6163265306122 0.0
14.6204081632653 0.0
14.6244897959184 0.0
14.6285714285714 0.0
14.6326530612245 0.0
14.6367346938776 0.0
14.6408163265306 0.0
14.6448979591837 0.0
14.6489795918367 0.0
14.6530612244898 0.0
14.6571428571429 0.0
14.6612244897959 0.0
14.665306122449 0.0
14.669387755102 0.0
14.6734693877551 0.0
14.6775510204082 0.0
14.6816326530612 0.0
14.6857142857143 0.0
14.6897959183673 0.0
14.6938775510204 0.0
14.6979591836735 0.90903
14.7020408163265 3.93093
14.7061224489796 3.80387
14.7102040816327 0.0
14.7142857142857 0.0
14.7183673469388 0.0
14.7224489795918 0.0
14.7265306122449 0.0
14.730612244898 0.0
14.734693877551 0.0
14.7387755102041 0.0
14.7428571428571 0.0
14.7469387755102 0.0
14.7510204081633 0.0
14.7551020408163 1.11417
14.7591836734694 0.0
14.7632653061224 0.142068
14.7673469387755 0.0
14.7714285714286 0.0
14.7755102040816 0.0
14.7795918367347 0.0
14.7836734693878 0.0
14.7877551020408 0.0
14.7918367346939 0.329375
14.7959183673469 5.1479
14.8 7.49391
14.8040816326531 4.72019
14.8081632653061 10.6113
14.8122448979592 30.5606
14.8163265306122 31.8002
14.8204081632653 0.987917
14.8244897959184 7.89785
14.8285714285714 22.0697
14.8326530612245 32.8003
14.8367346938776 45.8221
14.8408163265306 15.2404
14.8448979591837 20.1917
14.8489795918367 20.736
14.8530612244898 0.568867
14.8571428571429 0.773668
14.8612244897959 5.38099
14.865306122449 0.0
14.869387755102 0.0
14.8734693877551 0.0
14.8775510204082 0.0
14.8816326530612 0.0
14.8857142857143 0.0
14.8897959183673 0.0
14.8938775510204 0.0
14.8979591836735 0.0
14.9020408163265 0.0
14.9061224489796 0.0
14.9102040816327 1.16825
14.9142857142857 0.0
14.9183673469388 0.0
14.9224489795918 0.0
14.9265306122449 0.0
14.930612244898 0.0
14.934693877551 0.0
14.9387755102041 0.0
14.9428571428571 0.0
14.9469387755102 0.0
14.9510204081633 0.0
14.9551020408163 0.0
14.9591836734694 0.886738
14.9632653061224 3.67332
14.9673469387755 0.0
14.9714285714286 6.6725
14.9755102040816 6.05498
14.9795918367347 5.65688
14.9836734693878 1.29052
14.9877551020408 4.88758
14.9918367346939 0.0
14.9959183673469 0.0
15.0 2.43825
