0.00408163265306122 88.4159
0.00816326530612245 103.111
0.0122448979591837 104.464
0.0163265306122449 85.1831
0.0204081632653061 68.8736
0.0244897959183673 64.2889
0.0285714285714286 52.0763
0.0326530612244898 37.0331
0.036734693877551 28.3645
0.0408163265306122 17.9756
0.0448979591836735 12.5972
0.0489795918367347 11.245
0.0530612244897959 10.8464
0.0571428571428571 11.6419
0.0612244897959184 8.70335
0.0653061224489796 0.0
0.0693877551020408 0.0
0.073469387755102 0.0
0.0775510204081633 0.0
0.0816326530612245 0.0
0.0857142857142857 0.0
0.0897959183673469 0.0
0.0938775510204082 0.0
0.0979591836734694 0.0
0.102040816326531 0.0
0.106122448979592 0.0
0.110204081632653 0.0
0.114285714285714 0.0
0.118367346938776 0.0
0.122448979591837 0.0
0.126530612244898 0.0
0.130612244897959 0.0
0.13469387755102 0.0
0.138775510204082 0.0
0.142857142857143 0.0
0.146938775510204 0.0
0.151020408163265 0.0
0.155102040816327 0.0
0.159183673469388 0.0
0.163265306122449 0.0
0.16734693877551 0.0
0.171428571428571 0.0
0.175510204081633 0.0
0.179591836734694 0.0
0.183673469387755 0.0
0.187755102040816 0.0
0.191836734693878 0.0
0.195918367346939 0.0
0.2 0.0
0.204081632653061 0.0
0.208163265306122 0.0
0.212244897959184 0.0
0.216326530612245 0.658885
0.220408163265306 1.57394
0.224489795918367 9.98064
0.228571428571429 25.7151
0.23265306122449 42.6532
0.236734693877551 82.3174
0.240816326530612 108.33
0.244897959183673 103.719
0.248979591836735 87.3995
0.253061224489796 68.4586
0.257142857142857 39.6611
0.261224489795918 26.238
0.26530612244898 9.96374
0.269387755102041 1.58966
0.273469387755102 0.0
0.277551020408163 0.0
0.281632653061224 0.0
0.285714285714286 0.0
0.289795918367347 0.0
0.293877551020408 0.0
0.297959183673469 0.0
0.302040816326531 0.0
0.306122448979592 0.0
0.310204081632653 0.0
0.314285714285714 0.0
0.318367346938775 0.0
0.322448979591837 0.0
0.326530612244898 0.0
0.330612244897959 0.0
0.33469387755102 0.0
0.338775510204082 0.0
0.342857142857143 0.0
0.346938775510204 1.94396
0.351020408163265 0.0
0.355102040816327 0.0
0.359183673469388 0.0
0.363265306122449 0.0
0.36734693877551 0.0
0.371428571428571 0.0
0.375510204081633 0.0
0.379591836734694 0.0
0.383673469387755 0.0
0.387755102040816 0.802159
0.391836734693878 0.0
0.395918367346939 0.0
0.4 0.0
0.404081632653061 0.0
0.408163265306122 0.0
0.412244897959184 0.0
0.416326530612245 0.0
0.420408163265306 0.0
0.424489795918367 7.46632
0.428571428571429 11.5534
0.43265306122449 2.00126
0.436734693877551 23.563
0.440816326530612 27.8979
0.444897959183673 0.121832
0.448979591836735 6.0401
0.453061224489796 19.9972
0.457142857142857 0.302494
0.461224489795918 0.104353
0.46530612244898 0.0
0.469387755102041 0.0
0.473469387755102 0.0
0.477551020408163 0.0
0.481632653061224 0.0
0.485714285714286 0.0
0.489795918367347 0.0
0.493877551020408 3.35556
0.497959183673469 0.0
0.502040816326531 0.0
0.506122448979592 1.25551
0.510204081632653 0.0
0.514285714285714 0.0
0.518367346938776 5.50628
0.522448979591837 0.0
0.526530612244898 0.0
0.530612244897959 0.0
0.53469387755102 0.0
0.538775510204082 0.0
0.542857142857143 0.0
0.546938775510204 0.0
0.551020408163265 0.0
0.555102040816327 0.0
0.559183673469388 0.0
0.563265306122449 0.0
0.56734693877551 0.0
0.571428571428571 0.0
0.575510204081633 3.13759
0.579591836734694 0.0
0.583673469387755 2.98733
0.587755102040816 0.0
0.591836734693878 0.0
0.595918367346939 0.0
0.6 2.67959
0.604081632653061 1.89298
0.608163265306122 0.0
0.612244897959184 11.4014
0.616326530612245 11.3415
0.620408163265306 0.170827
0.624489795918367 7.11957
0.628571428571429 22.8773
0.63265306122449 11.0455
0.636734693877551 33.3697
0.640816326530612 61.1332
0.644897959183673 29.6963
0.648979591836735 43.5978
0.653061224489796 35.6699
0.657142857142857 51.0385
0.661224489795918 41.5791
0.66530612244898 62.9573
0.669387755102041 47.6378
0.673469387755102 37.3784
0.677551020408163 24.9346
0.681632653061224 20.2231
0.685714285714286 14.0746
0.689795918367347 8.01444
0.693877551020408 0.0
0.697959183673469 0.0
0.702040816326531 0.0
0.706122448979592 0.0
0.710204081632653 0.0
0.714285714285714 0.0
0.718367346938775 0.0
0.722448979591837 0.0
0.726530612244898 0.0
0.730612244897959 0.0
0.73469387755102 0.0
0.738775510204082 0.0
0.742857142857143 0.0
0.746938775510204 0.0
0.751020408163265 0.0
0.755102040816326 0.0
0.759183673469388 0.0
0.763265306122449 0.0
0.76734693877551 0.0
0.771428571428571 0.866413
0.775510204081633 0.0
0.779591836734694 0.0
0.783673469387755 0.0
0.787755102040816 1.22619
0.791836734693877 0.0
0.795918367346939 0.0
0.8 0.0
0.804081632653061 24.2028
0.808163265306122 0.0
0.812244897959184 59.9542
0.816326530612245 70.9399
0.820408163265306 115.444
0.824489795918367 123.611
0.828571428571429 127.188
0.83265306122449 103.679
0.836734693877551 79.9325
0.840816326530612 53.7935
0.844897959183673 28.7256
0.848979591836735 4.57756
0.853061224489796 0.0
0.857142857142857 0.0
0.861224489795918 0.0
0.86530612244898 0.0
0.869387755102041 0.0
0.873469387755102 0.0
0.877551020408163 0.0
0.881632653061225 0.0
0.885714285714286 0.0
0.889795918367347 0.0
0.893877551020408 19.3643
0.897959183673469 0.0
0.902040816326531 0.0
0.906122448979592 0.0
0.910204081632653 2.42561
0.914285714285714 0.0
0.918367346938776 0.0
0.922448979591837 0.0
0.926530612244898 0.0
0.930612244897959 0.0
0.93469387755102 2.23416
0.938775510204082 2.5546
0.942857142857143 6.99775
0.946938775510204 0.0
0.951020408163265 3.90628
0.955102040816327 0.0
0.959183673469388 6.05489
0.963265306122449 0.0
0.96734693877551 0.0
0.971428571428571 0.0
0.975510204081633 0.0
0.979591836734694 0.0
0.983673469387755 7.51346
0.987755102040816 0.0
0.991836734693878 0.0
0.995918367346939 0.0
1.0 0.330746
1.00408163265306 0.903636
1.00816326530612 0.0
1.01224489795918 0.0
1.01632653061224 0.0
1.02040816326531 0.0
1.02448979591837 6.43936
1.02857142857143 0.265986
1.03265306122449 0.0
1.03673469387755 6.49025
1.04081632653061 0.0
1.04489795918367 7.1604
1.04897959183673 0.0
1.0530612244898 0.0
1.05714285714286 0.0
1.06122448979592 0.0
1.06530612244898 2.06961
1.06938775510204 0.0
1.0734693877551 0.0
1.07755102040816 6.92552
1.08163265306122 0.0
1.08571428571429 8.11675
1.08979591836735 4.2547
1.09387755102041 10.1144
1.09795918367347 0.0
1.10204081632653 1.80441
1.10612244897959 15.0954
1.11020408163265 0.0
1.11428571428571 1.72237
1.11836734693878 17.5598
1.12244897959184 0.0431538
1.1265306122449 11.5037
1.13061224489796 26.6129
1.13469387755102 30.3819
1.13877551020408 82.5614
1.14285714285714 136.739
1.1469387755102 181.977
1.15102040816327 178.562
1.15510204081633 171.693
1.15918367346939 152.199
1.16326530612245 136.272
1.16734693877551 128.637
1.17142857142857 116.261
1.17551020408163 105.787
1.17959183673469 78.7537
1.18367346938776 68.1848
1.18775510204082 52.958
1.19183673469388 43.2136
1.19591836734694 24.9299
1.2 8.20321
1.20408163265306 1.52439
1.20816326530612 0.0
1.21224489795918 0.0
1.21632653061224 0.0
1.22040816326531 0.0
1.22448979591837 0.0
1.22857142857143 0.0
1.23265306122449 0.0
1.23673469387755 0.0
1.24081632653061 0.819385
1.24489795918367 7.60484
1.24897959183673 6.30319
1.2530612244898 20.8767
1.25714285714286 17.0599
1.26122448979592 14.9785
1.26530612244898 9.75582
1.26938775510204 0.0
1.2734693877551 0.0
1.27755102040816 0.0
1.28163265306122 0.0
1.28571428571429 0.0
1.28979591836735 0.0
1.29387755102041 0.0
1.29795918367347 0.0
1.30204081632653 0.0
1.30612244897959 0.0
1.31020408163265 0.0
1.31428571428571 0.0
1.31836734693878 0.0
1.32244897959184 0.0
1.3265306122449 0.0
1.33061224489796 0.0
1.33469387755102 0.0
1.33877551020408 0.0
1.34285714285714 0.0
1.3469387755102 0.0
1.35102040816327 0.0
1.35510204081633 0.0
1.35918367346939 0.0
1.36326530612245 0.0
1.36734693877551 0.0
1.37142857142857 0.0
1.37551020408163 0.0
1.37959183673469 0.0
1.38367346938776 0.0
1.38775510204082 0.0
1.39183673469388 0.0
1.39591836734694 0.0
1.4 0.0
1.40408163265306 0.0
1.40816326530612 2.27427
1.41224489795918 3.13243
1.41632653061225 0.0
1.42040816326531 0.778824
1.42448979591837 1.46365
1.42857142857143 0.0
1.43265306122449 0.0809431
1.43673469387755 0.0
1.44081632653061 0.0
1.44489795918367 0.0
1.44897959183673 0.0
1.4530612244898 0.0
1.45714285714286 0.0
1.46122448979592 0.0
1.46530612244898 0.0
1.46938775510204 0.0
1.4734693877551 0.0
1.47755102040816 0.0
1.48163265306122 0.0
1.48571428571429 0.0
1.48979591836735 0.0
1.49387755102041 0.0
1.49795918367347 0.0
1.50204081632653 0.0
1.50612244897959 0.0
1.51020408163265 0.0
1.51428571428571 0.0
1.51836734693878 0.0
1.52244897959184 0.0
1.5265306122449 0.567406
1.53061224489796 2.45702
1.53469387755102 2.8481
1.53877551020408 0.901818
1.54285714285714 0.0
1.5469387755102 0.0
1.55102040816327 0.0
1.55510204081633 0.0
1.55918367346939 0.0
1.56326530612245 0.0
1.56734693877551 0.0
1.57142857142857 0.0
1.57551020408163 0.0
1.57959183673469 0.0
1.58367346938775 0.0
1.58775510204082 0.0
1.59183673469388 0.805974
1.59591836734694 0.0
1.6 0.0
1.60408163265306 0.0
1.60816326530612 0.0
1.61224489795918 0.0
1.61632653061224 0.0
1.62040816326531 0.0
1.62448979591837 0.0
1.62857142857143 0.0
1.63265306122449 1.3206
1.63673469387755 6.00828
1.64081632653061 13.8651
1.64489795918367 20.9758
1.64897959183673 26.2011
1.6530612244898 27.839
1.65714285714286 25.7941
1.66122448979592 21.083
1.66530612244898 15.0357
1.66938775510204 5.81605
1.6734693877551 0.0
1.67755102040816 0.0
1.68163265306122 0.0
1.68571428571429 0.0
1.68979591836735 0.0
1.69387755102041 0.0
1.69795918367347 0.0
1.70204081632653 0.0
1.70612244897959 0.0
1.71020408163265 0.0
1.71428571428571 0.0
1.71836734693878 0.0
1.72244897959184 0.0
1.7265306122449 0.0
1.73061224489796 0.0
1.73469387755102 0.0
1.73877551020408 0.0
1.74285714285714 0.0
1.7469387755102 0.0
1.75102040816327 0.0
1.75510204081633 0.0
1.75918367346939 0.0
1.76326530612245 0.0
1.76734693877551 0.0
1.77142857142857 0.0
1.77551020408163 0.0
1.77959183673469 0.0
1.78367346938776 0.0
1.78775510204082 0.0
1.79183673469388 0.0
1.79591836734694 0.0
1.8 0.0
1.80408163265306 0.0
1.80816326530612 0.0
1.81224489795918 0.0
1.81632653061224 0.0
1.82040816326531 0.0
1.82448979591837 0.222325
1.82857142857143 10.2044
1.83265306122449 7.96271
1.83673469387755 31.6411
1.84081632653061 39.1771
1.84489795918367 43.0633
1.84897959183673 43.2343
1.8530612244898 34.0013
1.85714285714286 26.1117
1.86122448979592 9.07992
1.86530612244898 0.83217
1.86938775510204 0.0
1.8734693877551 0.0
1.87755102040816 0.0
1.88163265306122 0.0
1.88571428571429 0.0
1.88979591836735 0.0
1.89387755102041 0.0
1.89795918367347 0.0
1.90204081632653 0.0
1.90612244897959 0.0
1.91020408163265 0.0
1.91428571428571 0.0
1.91836734693878 0.0
1.92244897959184 0.0
1.9265306122449 0.0
1.93061224489796 0.0
1.93469387755102 0.0
1.93877551020408 0.0
1.94285714285714 0.0
1.9469387755102 0.0
1.95102040816327 0.0
1.95510204081633 0.0
1.95918367346939 0.0
1.96326530612245 0.0
1.96734693877551 0.0
1.97142857142857 12.7142
1.97551020408163 65.6469
1.97959183673469 115.192
1.98367346938776 138.692
1.98775510204082 159.607
1.99183673469388 191.22
1.99591836734694 208.345
2.0 188.926
2.00408163265306 166.977
2.00816326530612 150.879
2.01224489795918 132.796
2.01632653061225 111.386
2.02040816326531 90.361
2.02448979591837 66.6734
2.02857142857143 44.5383
2.03265306122449 31.3847
2.03673469387755 18.4417
2.04081632653061 7.24941
2.04489795918367 1.926
2.04897959183673 0.0
2.0530612244898 0.0
2.05714285714286 0.0
2.06122448979592 0.0
2.06530612244898 0.0
2.06938775510204 0.0
2.0734693877551 0.0
2.07755102040816 0.0
2.08163265306122 0.0
2.08571428571429 0.0
2.08979591836735 0.0
2.09387755102041 0.372887
2.09795918367347 2.80249
2.10204081632653 1.09112
2.10612244897959 0.0
2.11020408163265 0.0
2.11428571428571 0.0
2.11836734693878 0.0
2.12244897959184 0.0
2.1265306122449 0.0
2.13061224489796 0.0
2.13469387755102 0.0
2.13877551020408 0.0
2.14285714285714 0.0
2.1469387755102 0.0
2.15102040816327 0.0
2.15510204081633 0.0
2.15918367346939 0.0
2.16326530612245 0.0
2.16734693877551 0.0
2.17142857142857 0.0
2.17551020408163 0.0
2.17959183673469 0.0
2.18367346938776 0.0
2.18775510204082 0.0
2.19183673469388 0.0
2.19591836734694 0.0
2.2 0.0
2.20408163265306 0.0
2.20816326530612 0.1266
2.21224489795918 0.0
2.21632653061224 0.0
2.22040816326531 0.0
2.22448979591837 0.0
2.22857142857143 0.0
2.23265306122449 0.0
2.23673469387755 0.0
2.24081632653061 0.0
2.24489795918367 1.37857
2.24897959183673 9.4409
2.2530612244898 11.7991
2.25714285714286 15.6758
2.26122448979592 13.221
2.26530612244898 9.85771
2.26938775510204 6.45211
2.2734693877551 0.768855
2.27755102040816 0.0
2.28163265306122 0.0
2.28571428571429 0.0
2.28979591836735 0.0
2.29387755102041 0.0
2.29795918367347 0.0
2.30204081632653 0.0
2.30612244897959 0.0
2.31020408163265 0.0
2.31428571428571 0.0
2.31836734693878 0.0
2.32244897959184 0.0
2.3265306122449 0.0
2.33061224489796 0.0
2.33469387755102 0.0
2.33877551020408 0.0
2.34285714285714 0.0
2.3469387755102 0.0
2.35102040816327 0.0
2.35510204081633 0.0
2.35918367346939 0.0
2.36326530612245 0.0
2.36734693877551 0.0
2.37142857142857 0.0
2.37551020408163 0.0
2.37959183673469 0.0
2.38367346938776 0.0
2.38775510204082 0.0
2.39183673469388 0.0
2.39591836734694 0.0
2.4 0.0
2.40408163265306 0.0
2.40816326530612 0.0
2.41224489795918 0.51415
2.41632653061225 0.0
2.42040816326531 0.0
2.42448979591837 2.90406
2.42857142857143 1.737
2.43265306122449 7.17276
2.43673469387755 13.9434
2.44081632653061 20.7405
2.44489795918367 27.0084
2.44897959183673 30.6477
2.4530612244898 34.6988
2.45714285714286 41.2691
2.46122448979592 35.4078
2.46530612244898 16.417
2.46938775510204 3.78375
2.4734693877551 0.0
2.47755102040816 0.0
2.48163265306122 0.0
2.48571428571429 0.0
2.48979591836735 0.0
2.49387755102041 0.0
2.49795918367347 0.0
2.50204081632653 0.0
2.50612244897959 0.0
2.51020408163265 0.0
2.51428571428571 0.0
2.51836734693878 0.0
2.52244897959184 0.0
2.5265306122449 0.0
2.53061224489796 0.0
2.53469387755102 0.0
2.53877551020408 0.0
2.54285714285714 0.0
2.5469387755102 0.0
2.55102040816327 0.0
2.55510204081633 0.0
2.55918367346939 0.0
2.56326530612245 0.0
2.56734693877551 0.0
2.57142857142857 0.0
2.57551020408163 0.0
2.57959183673469 0.0
2.58367346938775 0.0
2.58775510204082 0.0
2.59183673469388 0.0
2.59591836734694 0.0
2.6 0.0
2.60408163265306 0.0
2.60816326530612 0.0
2.61224489795918 0.0
2.61632653061224 0.0
2.62040816326531 0.0
2.62448979591837 0.0
2.62857142857143 0.0
2.63265306122449 0.0
2.63673469387755 0.0
2.64081632653061 0.0
2.64489795918367 0.0
2.64897959183673 0.0
2.6530612244898 0.0
2.65714285714286 0.0
2.66122448979592 0.0
2.66530612244898 0.0
2.66938775510204 0.0
2.6734693877551 0.603233
2.67755102040816 0.0
2.68163265306122 0.0
2.68571428571429 0.0
2.68979591836735 0.117719
2.69387755102041 0.0
2.69795918367347 0.0
2.70204081632653 0.0
2.70612244897959 0.0
2.71020408163265 0.0
2.71428571428571 0.0
2.71836734693878 0.0
2.72244897959184 0.0
2.7265306122449 0.0
2.73061224489796 0.0
2.73469387755102 0.0
2.73877551020408 0.0
2.74285714285714 0.0
2.7469387755102 0.0
2.75102040816327 0.0
2.75510204081633 0.0
2.75918367346939 0.0
2.76326530612245 1.51955
2.76734693877551 0.0
2.77142857142857 0.0570789
2.77551020408163 0.0
2.77959183673469 0.0
2.78367346938776 0.0
2.78775510204082 0.0
2.79183673469388 0.0
2.79591836734694 0.0
2.8 0.0
2.80408163265306 0.0
2.80816326530612 0.0
2.81224489795918 0.0
2.81632653061224 0.5612
2.82040816326531 1.36476
2.82448979591837 1.30571
2.82857142857143 0.125051
2.83265306122449 0.0
2.83673469387755 8.02731
2.84081632653061 8.0539
2.84489795918367 21.4254
2.84897959183673 32.5293
2.8530612244898 56.3146
2.85714285714286 79.1544
2.86122448979592 98.4062
2.86530612244898 92.1573
2.86938775510204 87.788
2.8734693877551 64.5234
2.87755102040816 42.6687
2.88163265306122 18.4456
2.88571428571429 1.89397
2.88979591836735 0.0
2.89387755102041 0.0
2.89795918367347 0.0
2.90204081632653 0.0
2.90612244897959 0.0
2.91020408163265 0.0
2.91428571428571 0.0
2.91836734693878 0.0
2.92244897959184 0.0
2.9265306122449 0.0
2.93061224489796 0.0
2.93469387755102 0.0
2.93877551020408 0.0
2.94285714285714 0.0
2.9469387755102 0.0
2.95102040816327 0.0
2.95510204081633 0.47785
2.95918367346939 4.884
2.96326530612245 0.0
2.96734693877551 4.96796
2.97142857142857 4.3326
2.97551020408163 0.0
2.97959183673469 0.0212193
2.98367346938775 0.0
2.98775510204082 0.0
2.99183673469388 0.0
2.99591836734694 0.0
3.0 0.0
3.00408163265306 0.0
3.00816326530612 0.0
3.01224489795918 0.0
3.01632653061225 1.30659
3.02040816326531 0.0
3.02448979591837 0.0
3.02857142857143 0.0
3.03265306122449 0.0
3.03673469387755 0.0
3.04081632653061 0.0
3.04489795918367 0.0
3.04897959183673 0.0
3.0530612244898 0.0
3.05714285714286 0.0
3.06122448979592 0.0
3.06530612244898 4.56241
3.06938775510204 0.0
3.0734693877551 0.0
3.07755102040816 0.0
3.08163265306122 0.0
3.08571428571429 0.0
3.08979591836735 0.0
3.09387755102041 0.0
3.09795918367347 0.0
3.10204081632653 0.0
3.10612244897959 0.0
3.11020408163265 0.0
3.11428571428571 0.0
3.11836734693878 0.0
3.12244897959184 0.0
3.1265306122449 1.66613
3.13061224489796 0.0
3.13469387755102 0.0
3.13877551020408 0.0
3.14285714285714 0.0
3.1469387755102 0.0
3.15102040816327 0.0
3.15510204081633 6.45071
3.15918367346939 16.7396
3.16326530612245 16.5285
3.16734693877551 14.5295
3.17142857142857 6.2604
3.17551020408163 1.69665
3.17959183673469 0.0
3.18367346938776 0.0
3.18775510204082 1.29175
3.19183673469388 9.39869
3.19591836734694 0.0
3.2 3.66712
3.20408163265306 3.99786
3.20816326530612 3.07783
3.21224489795918 11.9362
3.21632653061224 32.9295
3.22040816326531 53.0125
3.22448979591837 68.473
3.22857142857143 86.2547
3.23265306122449 85.4545
3.23673469387755 98.5892
3.24081632653061 94.7784
3.24489795918367 87.061
3.24897959183673 83.4773
3.2530612244898 70.1704
3.25714285714286 53.9086
3.26122448979592 43.4635
3.26530612244898 30.7775
3.26938775510204 20.4185
3.2734693877551 3.09721
3.27755102040816 0.0
3.28163265306122 0.0
3.28571428571429 0.0
3.28979591836735 0.0
3.29387755102041 0.0
3.29795918367347 0.0
3.30204081632653 0.0
3.30612244897959 0.0
3.31020408163265 0.0
3.31428571428571 0.0
3.31836734693878 0.0
3.32244897959184 0.0
3.3265306122449 0.0
3.33061224489796 0.0
3.33469387755102 0.0
3.33877551020408 0.0
3.34285714285714 0.0
3.3469387755102 5.0538
3.35102040816327 0.0
3.35510204081633 0.0
3.35918367346939 0.0
3.36326530612245 0.0
3.36734693877551 0.0
3.37142857142857 0.0
3.37551020408163 0.0
3.37959183673469 3.56221
3.38367346938776 2.93297
3.38775510204082 4.43363
3.39183673469388 0.0
3.39591836734694 0.0
3.4 0.0
3.40408163265306 0.0
3.40816326530612 0.0
3.41224489795918 0.793368
3.41632653061225 0.0
3.42040816326531 0.0
3.42448979591837 0.0
3.42857142857143 25.1621
3.43265306122449 34.1512
3.43673469387755 43.1811
3.44081632653061 52.2028
3.44489795918367 32.6037
3.44897959183673 53.7608
3.4530612244898 84.9784
3.45714285714286 96.8288
3.46122448979592 96.2275
3.46530612244898 75.9223
3.46938775510204 49.8922
3.4734693877551 23.9072
3.47755102040816 4.44853
3.48163265306122 0.0
3.48571428571429 0.0
3.48979591836735 0.0
3.49387755102041 0.0
3.49795918367347 0.0
3.50204081632653 0.0
3.50612244897959 0.0
3.51020408163265 0.0
3.51428571428571 0.0
3.51836734693878 0.0
3.52244897959184 0.0
3.5265306122449 0.0
3.53061224489796 0.0
3.53469387755102 0.0
3.53877551020408 0.0
3.54285714285714 0.0
3.5469387755102 0.0
3.55102040816327 0.0
3.55510204081633 0.0
3.55918367346939 0.0
3.56326530612245 0.0
3.56734693877551 0.0
3.57142857142857 0.0
3.57551020408163 0.0
3.57959183673469 0.0
3.58367346938775 0.0
3.58775510204082 0.0
3.59183673469388 1.70559
3.59591836734694 0.0
3.6 1.79332
3.60408163265306 0.0
3.60816326530612 0.409544
3.61224489795918 0.0
3.61632653061224 0.0
3.62040816326531 0.0
3.62448979591837 0.0
3.62857142857143 0.0
3.63265306122449 0.0
3.63673469387755 0.0
3.64081632653061 3.28833
3.64489795918367 0.0731945
3.64897959183673 5.74797
3.6530612244898 5.20565
3.65714285714286 1.95104
3.66122448979592 0.515044
3.66530612244898 0.0
3.66938775510204 0.0
3.6734693877551 0.0
3.67755102040816 0.0
3.68163265306122 0.0
3.68571428571429 0.0
3.68979591836735 0.0
3.69387755102041 0.0
3.69795918367347 0.0
3.70204081632653 0.0
3.70612244897959 0.302047
3.71020408163265 0.0
3.71428571428571 0.0
3.71836734693878 0.0
3.72244897959184 0.0
3.7265306122449 0.0
3.73061224489796 0.0
3.73469387755102 0.0
3.73877551020408 1.70529
3.74285714285714 0.0
3.7469387755102 3.78245
3.75102040816327 0.0
3.75510204081633 0.0
3.75918367346939 0.0
3.76326530612245 0.0
3.76734693877551 0.998273
3.77142857142857 0.0
3.77551020408163 0.0933409
3.77959183673469 1.00419
3.78367346938776 0.0
3.78775510204082 4.83983
3.79183673469388 0.0
3.79591836734694 0.760078
3.8 0.0
3.80408163265306 0.0
3.80816326530612 0.0
3.81224489795918 0.0
3.81632653061224 0.0
3.82040816326531 0.0
3.82448979591837 2.29955
3.82857142857143 41.231
3.83265306122449 0.0
3.83673469387755 24.6029
3.84081632653061 32.3363
3.84489795918367 39.4633
3.84897959183673 63.9191
3.8530612244898 81.4772
3.85714285714286 81.9613
3.86122448979592 90.5681
3.86530612244898 77.6803
3.86938775510204 62.9439
3.8734693877551 35.7192
3.87755102040816 14.4834
3.88163265306122 0.0
3.88571428571429 0.0
3.88979591836735 0.0
3.89387755102041 0.0
3.89795918367347 0.0
3.90204081632653 0.0
3.90612244897959 0.0
3.91020408163265 0.0
3.91428571428571 0.0
3.91836734693878 2.02584
3.92244897959184 10.686
3.9265306122449 15.5592
3.93061224489796 27.9934
3.93469387755102 32.8986
3.93877551020408 51.4764
3.94285714285714 60.2567
3.9469387755102 65.3766
3.95102040816327 58.0628
3.95510204081633 50.0494
3.95918367346939 44.9416
3.96326530612245 26.4723
3.96734693877551 12.0437
3.97142857142857 1.70364
3.97551020408163 0.0
3.97959183673469 0.0
3.98367346938775 0.0
3.98775510204082 0.0
3.99183673469388 0.0
3.99591836734694 0.0
4.0 0.0
4.00408163265306 0.0
4.00816326530612 0.0
4.01224489795918 5.87517
4.01632653061225 9.30171
4.02040816326531 34.2245
4.02448979591837 62.792
4.02857142857143 122.605
4.03265306122449 137.384
4.03673469387755 134.62
4.04081632653061 124.935
4.04489795918367 105.512
4.04897959183673 78.1783
4.0530612244898 49.6664
4.05714285714286 23.8408
4.06122448979592 3.07824
4.06530612244898 0.0
4.06938775510204 0.0
4.0734693877551 0.0
4.07755102040816 0.0
4.08163265306122 0.0
4.08571428571429 0.0
4.08979591836735 0.0
4.09387755102041 0.0
4.09795918367347 0.0
4.10204081632653 0.0
4.10612244897959 0.0
4.11020408163265 0.0
4.11428571428571 0.0
4.11836734693878 0.0
4.12244897959184 0.0
4.1265306122449 0.0
4.13061224489796 0.0
4.13469387755102 0.0
4.13877551020408 0.0
4.14285714285714 0.0
4.1469387755102 0.0
4.15102040816326 0.0
4.15510204081633 0.0
4.15918367346939 0.0
4.16326530612245 0.0
4.16734693877551 0.0
4.17142857142857 0.0
4.17551020408163 0.0
4.17959183673469 0.0
4.18367346938776 0.0
4.18775510204082 0.0
4.19183673469388 1.00321
4.19591836734694 0.0
4.2 0.0
4.20408163265306 0.0
4.20816326530612 0.0
4.21224489795918 0.0
4.21632653061225 0.0
4.22040816326531 0.0
4.22448979591837 0.0
4.22857142857143 0.0
4.23265306122449 0.0
4.23673469387755 1.13159
4.24081632653061 0.0
4.24489795918367 1.78885
4.24897959183673 0.538647
4.2530612244898 0.0
4.25714285714286 0.0
4.26122448979592 6.40321
4.26530612244898 0.0
4.26938775510204 0.0
4.2734693877551 0.0
4.27755102040816 0.0
4.28163265306122 0.0
4.28571428571429 0.0
4.28979591836735 0.0
4.29387755102041 0.0
4.29795918367347 0.0
4.30204081632653 0.0
4.30612244897959 0.0
4.31020408163265 0.0
4.31428571428571 0.0
4.31836734693878 0.0
4.32244897959184 0.889301
4.3265306122449 7.29907
4.33061224489796 17.8359
4.33469387755102 5.27982
4.33877551020408 12.2631
4.34285714285714 1.67251
4.3469387755102 9.17917
4.35102040816327 0.0
4.35510204081633 0.0
4.35918367346939 0.0
4.36326530612245 0.0
4.36734693877551 0.0
4.37142857142857 0.0
4.37551020408163 0.0
4.37959183673469 0.0
4.38367346938776 0.0
4.38775510204082 0.0
4.39183673469388 0.0
4.39591836734694 2.50888
4.4 5.30797
4.40408163265306 12.6849
4.40816326530612 59.3047
4.41224489795918 49.1902
4.41632653061224 112.986
4.42040816326531 284.777
4.42448979591837 260.285
4.42857142857143 230.089
4.43265306122449 221.241
4.43673469387755 203.295
4.44081632653061 183.055
4.44489795918367 163.656
4.44897959183673 136.685
4.4530612244898 113.617
4.45714285714286 87.7715
4.46122448979592 66.4948
4.46530612244898 47.0015
4.46938775510204 30.1028
4.4734693877551 11.3433
4.47755102040816 0.0
4.48163265306122 0.0
4.48571428571429 0.0
4.48979591836735 0.0
4.49387755102041 0.0
4.49795918367347 0.0
4.50204081632653 0.0
4.50612244897959 0.0
4.51020408163265 0.0
4.51428571428571 0.0
4.51836734693878 0.0
4.52244897959184 0.0
4.5265306122449 0.0
4.53061224489796 0.0
4.53469387755102 0.0
4.53877551020408 0.0
4.54285714285714 0.0
4.5469387755102 0.0
4.55102040816327 0.0
4.55510204081633 0.0
4.55918367346939 0.0
4.56326530612245 0.0
4.56734693877551 0.0
4.57142857142857 0.0
4.57551020408163 0.0
4.57959183673469 0.0
4.58367346938776 0.0
4.58775510204082 0.0
4.59183673469388 0.0
4.59591836734694 0.0
4.6 0.0
4.60408163265306 0.0
4.60816326530612 0.0
4.61224489795918 0.0
4.61632653061224 0.0
4.62040816326531 0.0
4.62448979591837 0.0
4.62857142857143 0.133038
4.63265306122449 0.0
4.63673469387755 0.0
4.64081632653061 0.0
4.64489795918367 0.0
4.64897959183673 0.0
4.6530612244898 0.0
4.65714285714286 0.0
4.66122448979592 0.0
4.66530612244898 0.0
4.66938775510204 0.0
4.6734693877551 0.0
4.67755102040816 0.0
4.68163265306122 0.0
4.68571428571429 0.0
4.68979591836735 0.0
4.69387755102041 0.0
4.69795918367347 0.0
4.70204081632653 0.0
4.70612244897959 0.0
4.71020408163265 0.0
4.71428571428571 0.0
4.71836734693878 0.0
4.72244897959184 0.0
4.7265306122449 0.0
4.73061224489796 0.0
4.73469387755102 0.0459552
4.73877551020408 0.0
4.74285714285714 0.0
4.7469387755102 0.0
4.75102040816327 0.0
4.75510204081633 0.0
4.75918367346939 0.0
4.76326530612245 0.0
4.76734693877551 0.0
4.77142857142857 0.0
4.77551020408163 0.0
4.77959183673469 0.0
4.78367346938775 0.0
4.78775510204082 0.0
4.79183673469388 0.0
4.79591836734694 0.0
4.8 0.0
4.80408163265306 0.0
4.80816326530612 0.0
4.81224489795918 0.0
4.81632653061224 0.0
4.82040816326531 0.0
4.82448979591837 0.0
4.82857142857143 0.0
4.83265306122449 0.0
4.83673469387755 0.0
4.84081632653061 1.00943
4.84489795918367 2.22376
4.84897959183674 0.0
4.8530612244898 0.0
4.85714285714286 0.0
4.86122448979592 0.0
4.86530612244898 0.0
4.86938775510204 0.429869
4.8734693877551 0.0
4.87755102040816 0.23365
4.88163265306122 0.0
4.88571428571429 0.0
4.88979591836735 0.0
4.89387755102041 0.0
4.89795918367347 0.0
4.90204081632653 0.0
4.90612244897959 0.0
4.91020408163265 0.0
4.91428571428571 0.0
4.91836734693878 0.0
4.92244897959184 0.0
4.9265306122449 0.0
4.93061224489796 0.0
4.93469387755102 0.0
4.93877551020408 0.0
4.94285714285714 0.0
4.9469387755102 0.0
4.95102040816327 0.0
4.95510204081633 0.0
4.95918367346939 0.0
4.96326530612245 0.0
4.96734693877551 0.0
4.97142857142857 0.0
4.97551020408163 0.0
4.97959183673469 0.0
4.98367346938775 0.0
4.98775510204082 0.0
4.99183673469388 0.0
4.99591836734694 0.0
5.0 0.0
5.00408163265306 0.0
5.00816326530612 0.0
5.01224489795918 0.0
5.01632653061225 0.0
5.02040816326531 3.28617
5.02448979591837 4.99368
5.02857142857143 17.3392
5.03265306122449 42.2481
5.03673469387755 68.8618
5.04081632653061 83.4707
5.04489795918367 86.0028
5.04897959183673 81.9636
5.0530612244898 67.4767
5.05714285714286 53.3423
5.06122448979592 34.2662
5.06530612244898 14.32
5.06938775510204 0.0
5.0734693877551 0.0
5.07755102040816 0.0
5.08163265306122 0.0
5.08571428571429 0.0
5.08979591836735 0.0
5.09387755102041 0.0
5.09795918367347 0.0
5.10204081632653 0.0
5.10612244897959 0.0
5.11020408163265 0.0
5.11428571428571 0.0
5.11836734693878 0.0
5.12244897959184 0.0
5.1265306122449 0.0
5.13061224489796 0.0
5.13469387755102 0.0
5.13877551020408 0.0
5.14285714285714 0.0
5.1469387755102 0.372291
5.15102040816326 0.0
5.15510204081633 0.0
5.15918367346939 0.0
5.16326530612245 0.0
5.16734693877551 0.0
5.17142857142857 0.0
5.17551020408163 0.0
5.17959183673469 0.0
5.18367346938776 0.0
5.18775510204082 0.0
5.19183673469388 0.0
5.19591836734694 0.0
5.2 0.0
5.20408163265306 0.0
5.20816326530612 0.0
5.21224489795918 0.0
5.21632653061225 0.0
5.22040816326531 0.0
5.22448979591837 0.0
5.22857142857143 14.8106
5.23265306122449 60.2729
5.23673469387755 115.648
5.24081632653061 139.924
5.24489795918367 169.505
5.24897959183673 165.351
5.2530612244898 166.499
5.25714285714286 159.906
5.26122448979592 134.348
5.26530612244898 105.242
5.26938775510204 87.3171
5.2734693877551 73.4433
5.27755102040816 64.9857
5.28163265306122 48.1382
5.28571428571429 30.504
5.28979591836735 20.6201
5.29387755102041 8.46171
5.29795918367347 3.50267
5.30204081632653 0.0
5.30612244897959 0.0
5.31020408163265 0.0
5.31428571428571 0.0
5.31836734693878 0.0
5.32244897959184 0.0
5.3265306122449 0.0
5.33061224489796 0.0
5.33469387755102 0.0
5.33877551020408 0.0
5.34285714285714 0.0
5.3469387755102 0.0
5.35102040816327 0.0
5.35510204081633 0.0
5.35918367346939 0.0
5.36326530612245 0.0
5.36734693877551 0.0
5.37142857142857 0.0
5.37551020408163 0.0
5.37959183673469 0.0
5.38367346938776 0.847936
5.38775510204082 0.400901
5.39183673469388 0.0
5.39591836734694 3.48634
5.4 1.05619
5.40408163265306 0.143647
5.40816326530612 0.0
5.41224489795918 0.0
5.41632653061224 0.0
5.42040816326531 0.0
5.42448979591837 0.0
5.42857142857143 0.0
5.43265306122449 0.0
5.43673469387755 0.0
5.44081632653061 0.0
5.44489795918367 0.0
5.44897959183673 0.0
5.4530612244898 0.0
5.45714285714286 0.0
5.46122448979592 0.0
5.46530612244898 0.0
5.46938775510204 0.0
5.4734693877551 0.0
5.47755102040816 0.0
5.48163265306122 0.0
5.48571428571429 0.0
5.48979591836735 0.0
5.49387755102041 0.0
5.49795918367347 0.0
5.50204081632653 0.0
5.50612244897959 0.0
5.51020408163265 0.0
5.51428571428571 0.0
5.51836734693878 0.0
5.52244897959184 0.0
5.5265306122449 0.0
5.53061224489796 0.0
5.53469387755102 0.0
5.53877551020408 0.0
5.54285714285714 0.0
5.5469387755102 0.0
5.55102040816327 0.0
5.55510204081633 0.0
5.55918367346939 0.0
5.56326530612245 0.0
5.56734693877551 0.0
5.57142857142857 0.0
5.57551020408163 0.0
5.57959183673469 0.0
5.58367346938776 0.0
5.58775510204082 0.486374
5.59183673469388 0.0200272
5.59591836734694 0.0
5.6 1.09959
5.60408163265306 1.67763
5.60816326530612 1.47569
5.61224489795918 2.25997
5.61632653061224 5.48864
5.62040816326531 10.9355
5.62448979591837 11.2981
5.62857142857143 21.8673
5.63265306122449 25.9934
5.63673469387755 22.0846
5.64081632653061 10.8384
5.64489795918367 2.68531
5.64897959183673 0.0
5.6530612244898 0.0
5.65714285714286 0.0
5.66122448979592 0.0
5.66530612244898 0.0
5.66938775510204 0.0
5.6734693877551 0.0
5.67755102040816 0.0
5.68163265306122 0.0
5.68571428571429 0.0
5.68979591836735 0.0
5.69387755102041 0.0
5.69795918367347 0.0
5.70204081632653 0.00464916
5.70612244897959 0.0
5.71020408163265 0.0
5.71428571428571 0.0
5.71836734693878 0.0
5.72244897959184 0.0
5.7265306122449 0.0
5.73061224489796 0.0
5.73469387755102 0.0
5.73877551020408 0.0
5.74285714285714 0.0
5.7469387755102 0.0
5.75102040816327 0.0
5.75510204081633 0.0
5.75918367346939 0.0
5.76326530612245 0.0
5.76734693877551 0.0
5.77142857142857 0.0
5.77551020408163 0.0
5.77959183673469 0.0
5.78367346938775 0.0
5.78775510204082 0.0
5.79183673469388 0.0
5.79591836734694 0.0
5.8 0.235617
5.80408163265306 0.0
5.80816326530612 0.0
5.81224489795918 0.0
5.81632653061224 0.0
5.82040816326531 0.0
5.82448979591837 0.0
5.82857142857143 0.0
5.83265306122449 0.0
5.83673469387755 0.0
5.84081632653061 0.0
5.84489795918367 0.0
5.84897959183674 0.0
5.8530612244898 0.0
5.85714285714286 0.0
5.86122448979592 0.0
5.86530612244898 0.0
5.86938775510204 0.0
5.8734693877551 0.0
5.87755102040816 0.0
5.88163265306122 0.0
5.88571428571429 0.0
5.88979591836735 0.0
5.89387755102041 0.0483394
5.89795918367347 0.199556
5.90204081632653 1.0305
5.90612244897959 0.403225
5.91020408163265 0.504732
5.91428571428571 0.0
5.91836734693878 0.0
5.92244897959184 0.0
5.9265306122449 0.54857
5.93061224489796 1.46723
5.93469387755102 0.0
5.93877551020408 0.255704
5.94285714285714 1.42264
5.9469387755102 0.723749
5.95102040816327 0.0
5.95510204081633 1.16777
5.95918367346939 0.0
5.96326530612245 0.0231508
5.96734693877551 0.0
5.97142857142857 0.0
5.97551020408163 0.0
5.97959183673469 0.0
5.98367346938775 0.0
5.98775510204082 0.0
5.99183673469388 0.0
5.99591836734694 0.0
6.0 0.0
6.00408163265306 0.0
6.00816326530612 0.0
6.01224489795918 0.0
6.01632653061225 0.0
6.02040816326531 0.589848
6.02448979591837 4.59018
6.02857142857143 24.7178
6.03265306122449 39.557
6.03673469387755 73.8433
6.04081632653061 110.451
6.04489795918367 117.566
6.04897959183673 112.114
6.0530612244898 95.0898
6.05714285714286 71.7261
6.06122448979592 45.8077
6.06530612244898 21.2947
6.06938775510204 1.97658
6.0734693877551 0.0
6.07755102040816 0.0
6.08163265306122 0.0
6.08571428571429 0.0
6.08979591836735 0.0
6.09387755102041 0.0
6.09795918367347 0.0
6.10204081632653 0.0
6.10612244897959 0.0
6.11020408163265 0.0
6.11428571428571 0.0
6.11836734693878 0.0
6.12244897959184 0.0
6.1265306122449 0.0
6.13061224489796 0.0
6.13469387755102 0.0
6.13877551020408 0.0
6.14285714285714 0.0
6.1469387755102 0.0
6.15102040816326 0.0
6.15510204081633 0.0
6.15918367346939 0.0
6.16326530612245 0.0
6.16734693877551 0.0
6.17142857142857 0.0
6.17551020408163 0.0
6.17959183673469 0.0
6.18367346938776 0.0
6.18775510204082 0.0
6.19183673469388 0.193149
6.19591836734694 0.0752211
6.2 0.230908
6.20408163265306 1.44979
6.20816326530612 0.0
6.21224489795918 0.0
6.21632653061225 0.0
6.22040816326531 0.0
6.22448979591837 0.0
6.22857142857143 0.0
6.23265306122449 0.0
6.23673469387755 0.0
6.24081632653061 0.0
6.24489795918367 0.0
6.24897959183673 0.0
6.2530612244898 0.0
6.25714285714286 0.0
6.26122448979592 0.0
6.26530612244898 0.0
6.26938775510204 0.0
6.2734693877551 0.0
6.27755102040816 0.0
6.28163265306122 0.0
6.28571428571429 0.0
6.28979591836735 0.0
6.29387755102041 0.0
6.29795918367347 0.0
6.30204081632653 0.0
6.30612244897959 0.0
6.31020408163265 0.0
6.31428571428571 0.0
6.31836734693878 0.0
6.32244897959184 0.0
6.3265306122449 0.0
6.33061224489796 0.0
6.33469387755102 0.0
6.33877551020408 0.0
6.34285714285714 0.0
6.3469387755102 0.0
6.35102040816327 0.0
6.35510204081633 0.0
6.35918367346939 0.0
6.36326530612245 0.0
6.36734693877551 0.0
6.37142857142857 0.0
6.37551020408163 0.0
6.37959183673469 0.0
6.38367346938776 0.0
6.38775510204082 0.0
6.39183673469388 3.65949
6.39591836734694 8.08524
6.4 25.0004
6.40408163265306 18.0956
6.40816326530612 19.8004
6.41224489795918 19.6461
6.41632653061224 13.5432
6.42040816326531 17.7851
6.42448979591837 16.2146
6.42857142857143 30.312
6.43265306122449 38.0759
6.43673469387755 60.3209
6.44081632653061 92.1919
6.44489795918367 115.075
6.44897959183673 115.978
6.4530612244898 102.216
6.45714285714286 91.1782
6.46122448979592 67.7429
6.46530612244898 50.5897
6.46938775510204 36.9685
6.4734693877551 21.5001
6.47755102040816 6.67071
6.48163265306122 0.0
6.48571428571429 0.0
6.48979591836735 0.0
6.49387755102041 0.0
6.49795918367347 0.0
6.50204081632653 0.0
6.50612244897959 0.0
6.51020408163265 0.0
6.51428571428571 0.0
6.51836734693878 0.0
6.52244897959184 0.0
6.5265306122449 0.0
6.53061224489796 0.0
6.53469387755102 0.0
6.53877551020408 0.0
6.54285714285714 0.0
6.5469387755102 0.0
6.55102040816327 0.300005
6.55510204081633 0.0
6.55918367346939 0.0
6.56326530612245 0.0
6.56734693877551 0.0
6.57142857142857 0.0
6.57551020408163 0.0
6.57959183673469 0.0
6.58367346938776 0.0
6.58775510204082 0.0
6.59183673469388 0.0
6.59591836734694 0.0
6.6 0.0
6.60408163265306 0.0
6.60816326530612 0.0
6.61224489795918 0.0
6.61632653061224 0.0
6.62040816326531 0.0
6.62448979591837 0.0
6.62857142857143 6.60361
6.63265306122449 29.8269
6.63673469387755 50.1937
6.64081632653061 64.4294
6.64489795918367 68.8143
6.64897959183673 58.0261
6.6530612244898 49.5641
6.65714285714286 34.163
6.66122448979592 18.2447
6.66530612244898 0.658557
6.66938775510204 0.0
6.6734693877551 0.0
6.67755102040816 0.0
6.68163265306122 0.0
6.68571428571429 0.0
6.68979591836735 0.0
6.69387755102041 0.0
6.69795918367347 0.0
6.70204081632653 0.0
6.70612244897959 0.0
6.71020408163265 0.0
6.71428571428571 0.0
6.71836734693878 0.0
6.72244897959184 0.0
6.7265306122449 0.0
6.73061224489796 0.0
6.73469387755102 0.0
6.73877551020408 0.0
6.74285714285714 0.0
6.7469387755102 0.0
6.75102040816327 0.0
6.75510204081633 0.0295714
6.75918367346939 0.0
6.76326530612245 0.0
6.76734693877551 0.0
6.77142857142857 0.0
6.77551020408163 0.0
6.77959183673469 0.0
6.78367346938775 0.0
6.78775510204082 0.0
6.79183673469388 0.0
6.79591836734694 0.0
6.8 0.0
6.80408163265306 0.0
6.80816326530612 1.67558
6.81224489795918 0.0
6.81632653061224 0.0
6.82040816326531 0.0
6.82448979591837 0.0
6.82857142857143 2.30157
6.83265306122449 10.4131
6.83673469387755 17.3264
6.84081632653061 16.6439
6.84489795918367 13.5512
6.84897959183674 11.3511
6.8530612244898 2.60782
6.85714285714286 0.0
6.86122448979592 0.0
6.86530612244898 0.0
6.86938775510204 0.0
6.8734693877551 0.0
6.87755102040816 0.0
6.88163265306122 0.0
6.88571428571429 0.0
6.88979591836735 0.0
6.89387755102041 0.0
6.89795918367347 0.0
6.90204081632653 0.0
6.90612244897959 0.0
6.91020408163265 0.0
6.91428571428571 0.0
6.91836734693878 0.0
6.92244897959184 0.0
6.9265306122449 0.0
6.93061224489796 0.0
6.93469387755102 0.0
6.93877551020408 0.0
6.94285714285714 0.0
6.9469387755102 0.0
6.95102040816327 0.0
6.95510204081633 0.0
6.95918367346939 0.0
6.96326530612245 0.0
6.96734693877551 2.23228
6.97142857142857 0.0
6.97551020408163 0.0
6.97959183673469 0.0
6.98367346938775 0.0
6.98775510204082 0.0
6.99183673469388 5.55986
6.99591836734694 0.0
7.0 0.176519
7.00408163265306 1.39916
7.00816326530612 0.510871
7.01224489795918 1.29521
7.01632653061225 3.21949
7.02040816326531 0.0
7.02448979591837 0.0
7.02857142857143 7.35939
7.03265306122449 13.249
7.03673469387755 15.9178
7.04081632653061 22.4974
7.04489795918367 26.3031
7.04897959183673 21.7778
7.0530612244898 21.2152
7.05714285714286 25.1041
7.06122448979592 22.1632
7.06530612244898 23.5548
7.06938775510204 14.9009
7.0734693877551 9.59843
7.07755102040816 4.89418
7.08163265306122 1.27053
7.08571428571429 0.0
7.08979591836735 2.09872
7.09387755102041 17.2259
7.09795918367347 20.0932
7.10204081632653 34.5038
7.10612244897959 37.0524
7.11020408163265 33.3882
7.11428571428571 31.6666
7.11836734693878 38.4222
7.12244897959184 29.8737
7.1265306122449 17.1036
7.13061224489796 6.20046
7.13469387755102 0.0603162
7.13877551020408 0.0
7.14285714285714 0.0
7.1469387755102 0.0
7.15102040816326 0.0
7.15510204081633 0.0
7.15918367346939 0.0
7.16326530612245 0.0
7.16734693877551 0.0
7.17142857142857 0.0
7.17551020408163 0.0
7.17959183673469 0.0
7.18367346938776 0.0
7.18775510204082 0.0
7.19183673469388 0.0
7.19591836734694 0.0
7.2 0.510335
7.20408163265306 4.43995
7.20816326530612 2.63965
7.21224489795918 12.4793
7.21632653061225 17.6743
7.22040816326531 37.5491
7.22448979591837 54.9793
7.22857142857143 64.4899
7.23265306122449 55.8721
7.23673469387755 48.4299
7.24081632653061 35.6178
7.24489795918367 15.1364
7.24897959183673 0.0
7.2530612244898 0.0
7.25714285714286 0.0
7.26122448979592 0.0
7.26530612244898 0.0
7.26938775510204 0.0
7.2734693877551 0.0
7.27755102040816 0.0
7.28163265306122 0.0
7.28571428571429 0.0
7.28979591836735 0.0
7.29387755102041 0.0
7.29795918367347 0.0
7.30204081632653 0.0
7.30612244897959 0.0
7.31020408163265 0.0
7.31428571428571 0.0
7.31836734693878 0.0
7.32244897959184 0.0
7.3265306122449 0.0
7.33061224489796 0.0
7.33469387755102 1.26803
7.33877551020408 0.0
7.34285714285714 1.26851
7.3469387755102 4.87298
7.35102040816327 0.0
7.35510204081633 0.0
7.35918367346939 0.0
7.36326530612245 0.0
7.36734693877551 0.0
7.37142857142857 0.0
7.37551020408163 0.0
7.37959183673469 0.0
7.38367346938776 0.0
7.38775510204082 0.0
7.39183673469388 4.38237
7.39591836734694 0.0
7.4 0.0
7.40408163265306 0.0
7.40816326530612 0.0
7.41224489795918 2.3756
7.41632653061224 0.0
7.42040816326531 0.0
7.42448979591837 0.0
7.42857142857143 0.0
7.43265306122449 0.712872
7.43673469387755 0.0
7.44081632653061 0.0
7.44489795918367 0.0
7.44897959183673 0.0
7.4530612244898 0.0
7.45714285714286 0.0
7.46122448979592 0.0
7.46530612244898 0.0
7.46938775510204 0.0
7.4734693877551 6.27667
7.47755102040816 0.0
7.48163265306122 4.18425
7.48571428571429 0.0
7.48979591836735 0.0
7.49387755102041 4.51887
7.49795918367347 0.0
7.50204081632653 0.0
7.50612244897959 0.0
7.51020408163265 0.0
7.51428571428571 0.0
7.51836734693878 0.0
7.52244897959184 5.31563
7.5265306122449 0.0
7.53061224489796 0.0
7.53469387755102 0.309821
7.53877551020408 4.96006
7.54285714285714 0.0
7.5469387755102 7.42531
7.55102040816327 0.0
7.55510204081633 1.02752
7.55918367346939 0.0
7.56326530612245 1.62443
7.56734693877551 0.0
7.57142857142857 0.0
7.57551020408163 0.0
7.57959183673469 1.54901
7.58367346938776 0.0
7.58775510204082 1.76567
7.59183673469388 16.5629
7.59591836734694 59.6143
7.6 81.3514
7.60408163265306 165.611
7.60816326530612 164.006
7.61224489795918 192.857
7.61632653061224 165.378
7.62040816326531 145.059
7.62448979591837 133.14
7.62857142857143 108.199
7.63265306122449 83.6659
7.63673469387755 61.5237
7.64081632653061 44.0577
7.64489795918367 37.1288
7.64897959183673 31.1474
7.6530612244898 19.5711
7.65714285714286 9.7103
7.66122448979592 1.9697
7.66530612244898 0.0
7.66938775510204 0.0
7.6734693877551 0.0
7.67755102040816 0.0
7.68163265306122 0.0
7.68571428571429 0.0
7.68979591836735 0.0
7.69387755102041 0.0
7.69795918367347 0.0
7.70204081632653 0.0
7.70612244897959 0.0
7.71020408163265 0.0
7.71428571428571 0.0
7.71836734693878 0.0
7.72244897959184 0.0
7.7265306122449 0.0
7.73061224489796 0.0
7.73469387755102 0.0
7.73877551020408 0.0
7.74285714285714 0.0
7.7469387755102 0.0
7.75102040816327 0.0
7.75510204081633 0.0
7.75918367346939 0.0
7.76326530612245 0.0
7.76734693877551 0.0
7.77142857142857 0.0
7.77551020408163 0.0
7.77959183673469 0.0
7.78367346938775 0.0
7.78775510204082 0.0
7.79183673469388 0.0
7.79591836734694 0.252843
7.8 0.0
7.80408163265306 1.77252
7.80816326530612 0.0
7.81224489795918 3.16322
7.81632653061224 6.70302
7.82040816326531 0.681162
7.82448979591837 3.55089
7.82857142857143 0.0
7.83265306122449 0.0
7.83673469387755 0.0
7.84081632653061 0.0
7.84489795918367 0.0
7.84897959183674 0.0
7.8530612244898 0.0
7.85714285714286 0.0
7.86122448979592 0.0
7.86530612244898 0.0
7.86938775510204 0.0
7.8734693877551 0.0481308
7.87755102040816 0.0
7.88163265306122 0.0
7.88571428571429 0.0
7.88979591836735 0.0
7.89387755102041 0.0
7.89795918367347 0.0
7.90204081632653 0.0
7.90612244897959 0.0
7.91020408163265 0.0
7.91428571428571 0.0
7.91836734693878 0.0
7.92244897959184 0.218928
7.9265306122449 2.99126
7.93061224489796 2.5419
7.93469387755102 3.80164
7.93877551020408 0.0
7.94285714285714 0.0
7.9469387755102 1.19102
7.95102040816327 2.49049
7.95510204081633 1.60861
7.95918367346939 1.40983
7.96326530612245 0.0
7.96734693877551 0.0
7.97142857142857 0.0
7.97551020408163 0.0
7.97959183673469 0.0
7.98367346938775 0.0
7.98775510204082 0.0
7.99183673469388 0.0
7.99591836734694 0.0
8.0 0.0
8.00408163265306 1.20521
8.00816326530612 0.0
8.01224489795918 0.427246
8.01632653061225 0.0
8.02040816326531 0.0
8.02448979591837 0.454783
8.02857142857143 1.00401
8.03265306122449 8.84286
8.03673469387755 15.2071
8.04081632653061 25.911
8.04489795918367 30.5231
8.04897959183674 38.9322
8.0530612244898 35.3245
8.05714285714286 42.3751
8.06122448979592 38.4156
8.06530612244898 24.6334
8.06938775510204 7.82192
8.0734693877551 0.0
8.07755102040816 0.0
8.08163265306122 0.0
8.08571428571429 0.0
8.08979591836735 0.0
8.09387755102041 0.0
8.09795918367347 0.0
8.10204081632653 0.0
8.10612244897959 0.0
8.11020408163265 0.0
8.11428571428571 0.0
8.11836734693878 0.0
8.12244897959184 0.0
8.1265306122449 0.0
8.13061224489796 0.0
8.13469387755102 0.0
8.13877551020408 0.0
8.14285714285714 0.0
8.1469387755102 0.0
8.15102040816327 0.0
8.15510204081633 0.0
8.15918367346939 0.0
8.16326530612245 0.0
8.16734693877551 0.0
8.17142857142857 0.0
8.17551020408163 0.0
8.17959183673469 0.0
8.18367346938776 0.0
8.18775510204082 0.0
8.19183673469388 0.0
8.19591836734694 0.0
8.2 0.0
8.20408163265306 0.0
8.20816326530612 0.0
8.21224489795918 0.0
8.21632653061224 0.0
8.22040816326531 0.0
8.22448979591837 0.0
8.22857142857143 0.0
8.23265306122449 1.21111
8.23673469387755 3.28143
8.24081632653061 9.6831
8.24489795918367 14.7934
8.24897959183673 18.8738
8.2530612244898 15.1064
8.25714285714286 16.8212
8.26122448979592 11.1243
8.26530612244898 5.97878
8.26938775510204 0.167906
8.2734693877551 0.0
8.27755102040816 0.0
8.28163265306122 0.0
8.28571428571429 0.0
8.28979591836735 0.0
8.29387755102041 0.0
8.29795918367347 0.0
8.30204081632653 0.0
8.30612244897959 0.0
8.31020408163265 0.0
8.31428571428571 0.0
8.31836734693877 0.0482798
8.32244897959184 2.84798
8.3265306122449 0.0
8.33061224489796 0.0
8.33469387755102 0.0450313
8.33877551020408 3.56343
8.34285714285714 0.0
8.3469387755102 0.0
8.35102040816327 0.0
8.35510204081633 0.0
8.35918367346939 0.0
8.36326530612245 0.0
8.36734693877551 0.0
8.37142857142857 0.0
8.37551020408163 0.0
8.37959183673469 0.0
8.38367346938776 0.0
8.38775510204082 0.0
8.39183673469388 0.0
8.39591836734694 0.0
8.4 0.0
8.40408163265306 0.0
8.40816326530612 0.0
8.41224489795918 0.0
8.41632653061225 0.0
8.42040816326531 0.0
8.42448979591837 4.85755
8.42857142857143 32.5062
8.43265306122449 43.0299
8.43673469387755 27.6243
8.44081632653061 27.9208
8.44489795918367 37.5258
8.44897959183673 22.5536
8.4530612244898 27.9588
8.45714285714286 32.2919
8.46122448979592 25.7957
8.46530612244898 40.2328
8.46938775510204 63.4583
8.4734693877551 73.8373
8.47755102040816 83.4574
8.48163265306122 85.6539
8.48571428571429 61.6165
8.48979591836735 53.7124
8.49387755102041 37.3366
8.49795918367347 17.6401
8.50204081632653 10.9182
8.50612244897959 1.19811
8.51020408163265 0.0
8.51428571428571 0.0
8.51836734693878 0.0
8.52244897959184 0.0
8.5265306122449 0.0
8.53061224489796 0.0
8.53469387755102 0.0
8.53877551020408 0.0
8.54285714285714 0.0
8.5469387755102 0.0
8.55102040816327 0.0
8.55510204081633 0.0
8.55918367346939 0.0
8.56326530612245 0.0
8.56734693877551 0.0
8.57142857142857 0.0
8.57551020408163 0.0
8.57959183673469 0.0
8.58367346938775 0.0
8.58775510204082 0.0
8.59183673469388 0.0
8.59591836734694 0.0
8.6 0.0
8.60408163265306 0.0
8.60816326530612 0.0
8.61224489795918 0.0
8.61632653061224 0.0
8.62040816326531 0.0
8.62448979591837 0.0
8.62857142857143 0.0
8.63265306122449 0.0
8.63673469387755 0.0
8.64081632653061 0.330091
8.64489795918367 1.90914
8.64897959183673 14.6396
8.6530612244898 13.128
8.65714285714286 9.36562
8.66122448979592 11.5732
8.66530612244898 3.75265
8.66938775510204 0.0
8.6734693877551 0.0
8.67755102040816 0.0
8.68163265306123 0.0
8.68571428571429 0.0
8.68979591836735 0.0
8.69387755102041 0.0
8.69795918367347 0.0
8.70204081632653 0.0
8.70612244897959 0.0
8.71020408163265 0.0
8.71428571428571 0.0
8.71836734693878 0.0
8.72244897959184 0.0
8.7265306122449 0.0
8.73061224489796 0.0
8.73469387755102 0.0
8.73877551020408 3.28821
8.74285714285714 0.0
8.7469387755102 0.363484
8.75102040816327 0.0
8.75510204081633 1.36614
8.75918367346939 0.0
8.76326530612245 0.0
8.76734693877551 0.0
8.77142857142857 0.0
8.77551020408163 0.0
8.77959183673469 0.0
8.78367346938776 0.0
8.78775510204082 0.0
8.79183673469388 0.0
8.79591836734694 0.0
8.8 0.0
8.80408163265306 0.0
8.80816326530612 0.316978
8.81224489795918 3.58802
8.81632653061224 8.68797
8.82040816326531 0.0
8.82448979591837 8.59118
8.82857142857143 1.44684
8.83265306122449 15.2813
8.83673469387755 34.5607
8.84081632653061 61.8172
8.84489795918367 77.4376
8.84897959183673 84.3465
8.8530612244898 82.1426
8.85714285714286 68.7998
8.86122448979592 48.9657
8.86530612244898 29.2439
8.86938775510204 14.7192
8.8734693877551 0.396907
8.87755102040816 0.0
8.88163265306122 0.0
8.88571428571429 0.0
8.88979591836735 0.0
8.89387755102041 0.0
8.89795918367347 0.0
8.90204081632653 0.0
8.90612244897959 0.0
8.91020408163265 0.0
8.91428571428571 0.0
8.91836734693878 0.0
8.92244897959184 0.0
8.9265306122449 0.0
8.93061224489796 0.0
8.93469387755102 0.0
8.93877551020408 0.0
8.94285714285714 0.0
8.9469387755102 0.0
8.95102040816326 0.0
8.95510204081633 0.0
8.95918367346939 0.0
8.96326530612245 0.0
8.96734693877551 0.0
8.97142857142857 0.0
8.97551020408163 0.0
8.97959183673469 0.0
8.98367346938775 0.0
8.98775510204082 0.0
8.99183673469388 0.0
8.99591836734694 0.0
9.0 0.0
9.00408163265306 0.0
9.00816326530612 0.0
9.01224489795918 0.0
9.01632653061225 0.0
9.02040816326531 0.0
9.02448979591837 0.0
9.02857142857143 0.0
9.03265306122449 0.0
9.03673469387755 0.0
9.04081632653061 0.0
9.04489795918367 0.0
9.04897959183674 0.0
9.0530612244898 3.37324
9.05714285714286 0.0
9.06122448979592 0.0
9.06530612244898 0.0
9.06938775510204 0.0
9.0734693877551 0.0
9.07755102040816 0.0
9.08163265306122 6.86614
9.08571428571429 0.0
9.08979591836735 0.0
9.09387755102041 0.298619
9.09795918367347 6.67748
9.10204081632653 0.0
9.10612244897959 4.26525
9.11020408163265 3.52186
9.11428571428571 6.3405
9.11836734693878 5.4145
9.12244897959184 8.94797
9.1265306122449 4.18198
9.13061224489796 4.18377
9.13469387755102 0.0
9.13877551020408 0.0
9.14285714285714 0.0
9.1469387755102 0.0
9.15102040816327 0.0
9.15510204081633 0.0
9.15918367346939 0.0
9.16326530612245 0.0
9.16734693877551 0.0
9.17142857142857 0.0
9.17551020408163 0.0
9.17959183673469 0.0
9.18367346938776 0.0
9.18775510204082 0.0
9.19183673469388 0.0
9.19591836734694 0.0
9.2 0.0
9.20408163265306 0.0
9.20816326530612 0.0
9.21224489795918 0.0
9.21632653061224 0.0
9.22040816326531 11.9929
9.22448979591837 0.0
9.22857142857143 10.7472
9.23265306122449 4.72768
9.23673469387755 14.2561
9.24081632653061 30.1549
9.24489795918367 79.051
9.24897959183673 62.639
9.2530612244898 115.473
9.25714285714286 138.36
9.26122448979592 137.646
9.26530612244898 118.164
9.26938775510204 102.183
9.2734693877551 77.9545
9.27755102040816 48.9963
9.28163265306122 21.9926
9.28571428571429 0.0
9.28979591836735 0.0
9.29387755102041 0.0
9.29795918367347 0.0
9.30204081632653 0.0
9.30612244897959 0.0
9.31020408163265 0.0
9.31428571428571 0.0
9.31836734693877 0.0
9.32244897959184 0.0
9.3265306122449 0.0
9.33061224489796 0.0
9.33469387755102 0.0
9.33877551020408 0.0
9.34285714285714 0.0
9.3469387755102 0.0
9.35102040816327 0.0
9.35510204081633 0.0
9.35918367346939 0.0
9.36326530612245 0.0
9.36734693877551 6.92995
9.37142857142857 0.0
9.37551020408163 0.0
9.37959183673469 2.48593
9.38367346938776 2.81125
9.38775510204082 0.0
9.39183673469388 0.0
9.39591836734694 0.0
9.4 0.0
9.40408163265306 0.0
9.40816326530612 0.0
9.41224489795918 15.8628
9.41632653061225 0.0
9.42040816326531 0.0
9.42448979591837 5.70536
9.42857142857143 21.002
9.43265306122449 0.0
9.43673469387755 6.40297
9.44081632653061 0.0
9.44489795918367 6.84059
9.44897959183673 0.0
9.4530612244898 2.81778
9.45714285714286 0.0
9.46122448979592 0.0
9.46530612244898 0.0
9.46938775510204 0.0
9.4734693877551 0.0
9.47755102040816 0.0
9.48163265306122 0.0
9.48571428571429 0.0
9.48979591836735 0.0257492
9.49387755102041 0.0
9.49795918367347 0.0
9.50204081632653 0.0
9.50612244897959 0.0
9.51020408163265 0.0
9.51428571428571 0.0
9.51836734693878 2.9785
9.52244897959184 0.0
9.5265306122449 6.49421
9.53061224489796 4.18164
9.53469387755102 20.0918
9.53877551020408 0.0
9.54285714285714 6.45643
9.5469387755102 2.20634
9.55102040816327 0.627756
9.55510204081633 0.0
9.55918367346939 0.0
9.56326530612245 0.0
9.56734693877551 0.0
9.57142857142857 0.0
9.57551020408163 0.0
9.57959183673469 0.0
9.58367346938775 0.0
9.58775510204082 0.0
9.59183673469388 0.0
9.59591836734694 10.3589
9.6 3.72446
9.60408163265306 11.7202
9.60816326530612 41.8134
9.61224489795918 75.4372
9.61632653061224 99.4652
9.62040816326531 160.347
9.62448979591837 176.078
9.62857142857143 150.84
9.63265306122449 123.903
9.63673469387755 110.198
9.64081632653061 102.094
9.64489795918367 114.384
9.64897959183673 114.078
9.6530612244898 103.38
9.65714285714286 86.6782
9.66122448979592 63.2504
9.66530612244898 39.8358
9.66938775510204 14.5791
9.6734693877551 1.43707
9.67755102040816 0.0
9.68163265306123 0.0
9.68571428571429 0.0
9.68979591836735 0.0
9.69387755102041 0.0
9.69795918367347 0.0
9.70204081632653 0.0
9.70612244897959 0.0
9.71020408163265 0.0
9.71428571428571 0.0
9.71836734693878 0.0
9.72244897959184 0.0
9.7265306122449 0.0
9.73061224489796 0.0
9.73469387755102 0.0
9.73877551020408 0.0
9.74285714285714 0.0
9.7469387755102 0.0
9.75102040816327 0.0
9.75510204081633 0.0
9.75918367346939 0.0
9.76326530612245 0.0
9.76734693877551 0.0
9.77142857142857 0.0
9.77551020408163 0.0
9.77959183673469 0.0
9.78367346938776 0.0
9.78775510204082 0.0
9.79183673469388 0.0
9.79591836734694 0.0
9.8 0.0
9.80408163265306 0.0
9.80816326530612 0.0
9.81224489795918 0.0
9.81632653061224 0.0
9.82040816326531 0.0
9.82448979591837 0.0
9.82857142857143 13.1456
9.83265306122449 22.624
9.83673469387755 34.876
9.84081632653061 60.5071
9.84489795918367 112.021
9.84897959183673 149.3
9.8530612244898 159.476
9.85714285714286 144.866
9.86122448979592 111.767
9.86530612244898 79.3608
9.86938775510204 48.8403
9.8734693877551 25.8289
9.87755102040816 6.95032
9.88163265306122 0.0
9.88571428571429 0.0
9.88979591836735 0.0
9.89387755102041 0.0
9.89795918367347 0.0
9.90204081632653 0.0
9.90612244897959 0.0
9.91020408163265 0.0
9.91428571428571 0.0
9.91836734693878 0.0
9.92244897959184 0.0
9.9265306122449 0.0
9.93061224489796 0.0
9.93469387755102 0.0
9.93877551020408 0.0
9.94285714285714 0.0
9.9469387755102 0.0
9.95102040816326 0.0
9.95510204081633 0.0
9.95918367346939 0.0
9.96326530612245 0.0
9.96734693877551 0.0
9.97142857142857 0.0
9.97551020408163 0.0
9.97959183673469 0.0
9.98367346938775 0.0
9.98775510204082 0.0
9.99183673469388 0.0
9.99591836734694 0.0
10.0 0.149846
10.0040816326531 0.0
10.0081632653061 0.0
10.0122448979592 0.0
10.0163265306122 0.0
10.0204081632653 0.0
10.0244897959184 0.0
10.0285714285714 0.0
10.0326530612245 0.0
10.0367346938776 0.0
10.0408163265306 2.41303
10.0448979591837 0.0
10.0489795918367 0.0
10.0530612244898 0.0
10.0571428571429 0.0
10.0612244897959 0.0
10.065306122449 0.0
10.069387755102 0.154078
10.0734693877551 0.0
10.0775510204082 0.0
10.0816326530612 0.0
10.0857142857143 0.0
10.0897959183673 1.07574
10.0938775510204 0.0
10.0979591836735 0.0
10.1020408163265 0.0
10.1061224489796 0.523254
10.1102040816327 0.0
10.1142857142857 0.0
10.1183673469388 0.0
10.1224489795918 0.0
10.1265306122449 0.0
10.130612244898 4.64201
10.134693877551 0.0
10.1387755102041 0.0
10.1428571428571 0.0
10.1469387755102 0.919998
10.1510204081633 0.0
10.1551020408163 0.0
10.1591836734694 0.0
10.1632653061224 0.0
10.1673469387755 0.0
10.1714285714286 0.0
10.1755102040816 0.0
10.1795918367347 0.0
10.1836734693878 0.0
10.1877551020408 0.0
10.1918367346939 0.0
10.1959183673469 2.24063
10.2 0.0
10.2040816326531 8.55821
10.2081632653061 13.8654
10.2122448979592 17.8176
10.2163265306122 19.4474
10.2204081632653 25.4321
10.2244897959184 17.6275
10.2285714285714 11.893
10.2326530612245 5.30875
10.2367346938776 9.533
10.2408163265306 7.04253
10.2448979591837 20.0252
10.2489795918367 57.4712
10.2530612244898 96.5488
10.2571428571429 77.626
10.2612244897959 72.8687
10.265306122449 73.6356
10.269387755102 52.4744
10.2734693877551 37.1544
10.2775510204082 21.9892
10.2816326530612 25.8974
10.2857142857143 9.26378
10.2897959183673 13.523
10.2938775510204 10.1756
10.2979591836735 6.27148
10.3020408163265 0.0
10.3061224489796 0.0
10.3102040816327 0.0
10.3142857142857 0.0
10.3183673469388 0.0
10.3224489795918 0.0
10.3265306122449 0.0
10.330612244898 0.0
10.334693877551 0.0
10.3387755102041 0.0
10.3428571428571 0.0
10.3469387755102 0.0
10.3510204081633 0.0
10.3551020408163 0.0
10.3591836734694 0.0
10.3632653061224 0.0
10.3673469387755 0.0
10.3714285714286 0.0
10.3755102040816 0.0
10.3795918367347 0.0
10.3836734693878 0.0
10.3877551020408 0.0
10.3918367346939 0.0
10.3959183673469 0.0
10.4 0.0
10.4040816326531 0.190496
10.4081632653061 0.0
10.4122448979592 1.33991
10.4163265306122 6.66895
10.4204081632653 28.1905
10.4244897959184 46.4636
10.4285714285714 104.271
10.4326530612245 119.325
10.4367346938776 131.606
10.4408163265306 117.932
10.4448979591837 100.094
10.4489795918367 75.9962
10.4530612244898 49.7148
10.4571428571429 22.8785
10.4612244897959 1.60646
10.465306122449 0.0
10.469387755102 0.0
10.4734693877551 0.0
10.4775510204082 0.0
10.4816326530612 0.0
10.4857142857143 0.0
10.4897959183673 0.0
10.4938775510204 0.0
10.4979591836735 0.0
10.5020408163265 0.0
10.5061224489796 0.0
10.5102040816327 0.0
10.5142857142857 0.0
10.5183673469388 0.0
10.5224489795918 0.0
10.5265306122449 0.0
10.530612244898 0.0
10.534693877551 6.78296
10.5387755102041 0.0
10.5428571428571 2.21983
10.5469387755102 0.0
10.5510204081633 1.68717
10.5551020408163 0.0
10.5591836734694 0.0
10.5632653061224 0.0
10.5673469387755 0.0
10.5714285714286 0.0
10.5755102040816 0.0
10.5795918367347 0.0
10.5836734693878 0.0
10.5877551020408 10.5999
10.5918367346939 28.9625
10.5959183673469 55.9465
10.6 77.6463
10.6040816326531 79.824
10.6081632653061 65.9209
10.6122448979592 63.8784
10.6163265306122 54.1638
10.6204081632653 50.4295
10.6244897959184 33.047
10.6285714285714 25.0511
10.6326530612245 14.1189
10.6367346938776 2.66154
10.6408163265306 0.0
10.6448979591837 0.0
10.6489795918367 0.0
10.6530612244898 0.0
10.6571428571429 0.0
10.6612244897959 0.0
10.665306122449 0.0
10.669387755102 0.0
10.6734693877551 0.0
10.6775510204082 1.47074
10.6816326530612 5.95044
10.6857142857143 8.34762
10.6897959183673 10.8671
10.6938775510204 9.29232
10.6979591836735 7.80144
10.7020408163265 2.25249
10.7061224489796 0.0
10.7102040816327 0.0
10.7142857142857 0.0
10.7183673469388 0.0
10.7224489795918 0.0
10.7265306122449 0.0
10.730612244898 0.0
10.734693877551 0.0
10.7387755102041 0.0
10.7428571428571 0.0
10.7469387755102 0.591546
10.7510204081633 0.440001
10.7551020408163 0.0
10.7591836734694 0.0
10.7632653061224 0.0
10.7673469387755 0.0
10.7714285714286 0.0
10.7755102040816 0.0
10.7795918367347 0.0
10.7836734693878 0.0
10.7877551020408 0.0
10.7918367346939 0.0
10.7959183673469 0.0
10.8 0.0
10.8040816326531 0.844121
10.8081632653061 0.0
10.8122448979592 1.78003
10.8163265306122 0.0
10.8204081632653 1.05554
10.8244897959184 19.7291
10.8285714285714 9.24674
10.8326530612245 70.1126
10.8367346938776 124.515
10.8408163265306 149.285
10.8448979591837 179.469
10.8489795918367 175.821
10.8530612244898 152.527
10.8571428571429 130.968
10.8612244897959 123.633
10.865306122449 97.8113
10.869387755102 69.4227
10.8734693877551 48.604
10.8775510204082 35.0903
10.8816326530612 24.6949
10.8857142857143 14.8183
10.8897959183673 5.85818
10.8938775510204 0.0
10.8979591836735 0.0
10.9020408163265 0.0
10.9061224489796 0.0
10.9102040816327 0.0
10.9142857142857 0.0
10.9183673469388 0.0
10.9224489795918 0.0
10.9265306122449 0.0
10.930612244898 0.0
10.934693877551 0.0
10.9387755102041 0.0
10.9428571428571 0.0
10.9469387755102 0.0
10.9510204081633 0.0
10.9551020408163 0.0
10.9591836734694 0.0
10.9632653061224 0.0
10.9673469387755 0.0
10.9714285714286 0.0
10.9755102040816 0.0
10.9795918367347 0.0
10.9836734693878 0.0
10.9877551020408 0.0
10.9918367346939 0.0
10.9959183673469 0.0
11.0 0.0
11.0040816326531 0.0
11.0081632653061 0.0
11.0122448979592 0.0
11.0163265306122 0.0
11.0204081632653 0.0
11.0244897959184 0.0
11.0285714285714 0.0
11.0326530612245 0.0
11.0367346938776 0.0
11.0408163265306 0.0
11.0448979591837 0.0
11.0489795918367 0.0
11.0530612244898 0.0
11.0571428571429 0.0
11.0612244897959 0.0
11.065306122449 0.0
11.069387755102 0.0
11.0734693877551 0.0
11.0775510204082 0.0
11.0816326530612 0.0
11.0857142857143 0.0
11.0897959183673 0.0
11.0938775510204 0.0
11.0979591836735 0.0
11.1020408163265 0.0
11.1061224489796 0.0
11.1102040816327 0.0
11.1142857142857 0.0
11.1183673469388 0.0
11.1224489795918 0.0
11.1265306122449 0.0
11.130612244898 0.0
11.134693877551 0.0
11.1387755102041 0.0
11.1428571428571 0.0
11.1469387755102 0.0
11.1510204081633 0.0
11.1551020408163 0.0
11.1591836734694 0.0
11.1632653061224 0.0
11.1673469387755 0.0
11.1714285714286 0.0
11.1755102040816 0.0
11.1795918367347 0.0
11.1836734693878 0.0
11.1877551020408 0.0
11.1918367346939 0.0
11.1959183673469 0.0
11.2 0.0
11.2040816326531 0.0
11.2081632653061 0.0
11.2122448979592 0.0
11.2163265306122 0.0
11.2204081632653 0.0
11.2244897959184 0.0
11.2285714285714 0.0
11.2326530612245 0.0
11.2367346938776 0.0
11.2408163265306 0.0
11.2448979591837 0.0
11.2489795918367 0.0
11.2530612244898 0.0
11.2571428571429 0.0
11.2612244897959 0.0
11.265306122449 0.0
11.269387755102 0.0
11.2734693877551 0.0
11.2775510204082 0.0
11.2816326530612 0.0
11.2857142857143 2.68304
11.2897959183673 0.693887
11.2938775510204 0.0
11.2979591836735 0.0
11.3020408163265 0.0
11.3061224489796 0.0
11.3102040816327 0.0
11.3142857142857 0.0
11.3183673469388 0.0
11.3224489795918 0.0
11.3265306122449 0.0
11.330612244898 0.0
11.334693877551 0.0
11.3387755102041 0.0
11.3428571428571 0.0
11.3469387755102 0.0
11.3510204081633 0.0
11.3551020408163 0.0
11.3591836734694 0.0
11.3632653061224 0.0
11.3673469387755 0.0
11.3714285714286 0.0
11.3755102040816 0.0
11.3795918367347 0.0
11.3836734693878 0.0
11.3877551020408 0.0
11.3918367346939 0.0
11.3959183673469 0.0
11.4 0.0
11.4040816326531 0.0
11.4081632653061 0.0
11.4122448979592 0.0
11.4163265306122 0.0
11.4204081632653 8.07679
11.4244897959184 10.5193
11.4285714285714 30.1204
11.4326530612245 59.1512
11.4367346938776 86.5544
11.4408163265306 111.96
11.4448979591837 110.941
11.4489795918367 101.437
11.4530612244898 85.4606
11.4571428571429 63.3268
11.4612244897959 38.213
11.465306122449 23.397
11.469387755102 1.06514
11.4734693877551 0.0
11.4775510204082 0.0
11.4816326530612 0.0
11.4857142857143 0.0
11.4897959183673 0.0
11.4938775510204 0.0
11.4979591836735 0.0
11.5020408163265 0.0
11.5061224489796 0.0
11.5102040816327 0.0
11.5142857142857 0.0
11.5183673469388 0.0
11.5224489795918 0.0
11.5265306122449 0.0
11.530612244898 0.0
11.534693877551 0.0
11.5387755102041 0.0
11.5428571428571 0.0
11.5469387755102 0.0
11.5510204081633 0.0
11.5551020408163 0.0
11.5591836734694 0.0
11.5632653061224 0.0
11.5673469387755 0.0
11.5714285714286 0.0
11.5755102040816 0.0
11.5795918367347 0.0
11.5836734693878 0.0
11.5877551020408 0.0
11.5918367346939 0.0
11.5959183673469 0.0
11.6 0.0
11.6040816326531 0.0
11.6081632653061 0.0
11.6122448979592 0.0
11.6163265306122 4.66812
11.6204081632653 7.56863
11.6244897959184 57.7189
11.6285714285714 103.799
11.6326530612245 154.154
11.6367346938776 174.071
11.6408163265306 153.925
11.6448979591837 134.86
11.6489795918367 111.856
11.6530612244898 88.2469
11.6571428571429 69.2634
11.6612244897959 51.3125
11.665306122449 39.0236
11.669387755102 25.7531
11.6734693877551 15.3882
11.6775510204082 4.59011
11.6816326530612 0.0
11.6857142857143 0.0
11.6897959183673 0.0
11.6938775510204 0.0
11.6979591836735 0.0
11.7020408163265 0.0
11.7061224489796 0.0
11.7102040816327 0.0
11.7142857142857 0.0
11.7183673469388 0.0
11.7224489795918 0.0
11.7265306122449 0.0
11.730612244898 0.0
11.734693877551 0.0
11.7387755102041 0.0
11.7428571428571 0.0
11.7469387755102 0.0
11.7510204081633 0.0
11.7551020408163 0.0
11.7591836734694 0.0
11.7632653061224 0.0
11.7673469387755 0.0
11.7714285714286 0.0
11.7755102040816 0.0
11.7795918367347 0.0
11.7836734693878 0.0
11.7877551020408 0.0
11.7918367346939 0.0
11.7959183673469 0.0
11.8 0.0
11.8040816326531 0.0
11.8081632653061 0.0
11.8122448979592 0.27281
11.8163265306122 0.623465
11.8204081632653 2.88272
11.8244897959184 0.370964
11.8285714285714 0.120029
11.8326530612245 0.0
11.8367346938776 0.0
11.8408163265306 0.0
11.8448979591837 0.0
11.8489795918367 0.0
11.8530612244898 0.0
11.8571428571429 0.0
11.8612244897959 0.0
11.865306122449 0.0
11.869387755102 0.0
11.8734693877551 0.0
11.8775510204082 0.0
11.8816326530612 0.0
11.8857142857143 0.0
11.8897959183673 0.0
11.8938775510204 0.0
11.8979591836735 0.0
11.9020408163265 0.0
11.9061224489796 0.0
11.9102040816327 0.0
11.9142857142857 0.0
11.9183673469388 0.0
11.9224489795918 0.0
11.9265306122449 0.0
11.930612244898 0.0
11.934693877551 0.0
11.9387755102041 0.0
11.9428571428571 0.0
11.9469387755102 0.0
11.9510204081633 0.0
11.9551020408163 0.0
11.9591836734694 0.0
11.9632653061224 0.0
11.9673469387755 0.0
11.9714285714286 0.0
11.9755102040816 0.0
11.9795918367347 0.0
11.9836734693878 0.0
11.9877551020408 0.0
11.9918367346939 0.0
11.9959183673469 0.0
12.0 0.0
12.0040816326531 0.0
12.0081632653061 0.0
12.0122448979592 8.82626
12.0163265306122 18.6777
12.0204081632653 30.3572
12.0244897959184 36.9137
12.0285714285714 39.5479
12.0326530612245 34.8389
12.0367346938776 27.7355
12.0408163265306 19.8286
12.0448979591837 3.24196
12.0489795918367 0.188112
12.0530612244898 0.0
12.0571428571429 0.0
12.0612244897959 0.0
12.065306122449 0.0
12.069387755102 0.0
12.0734693877551 0.0
12.0775510204082 0.0
12.0816326530612 0.0
12.0857142857143 0.0
12.0897959183673 0.0
12.0938775510204 0.0
12.0979591836735 0.0
12.1020408163265 0.0
12.1061224489796 0.0
12.1102040816327 0.0
12.1142857142857 0.0
12.1183673469388 0.0
12.1224489795918 0.0
12.1265306122449 0.0
12.130612244898 0.0
12.134693877551 0.0
12.1387755102041 0.0
12.1428571428571 0.0
12.1469387755102 0.0
12.1510204081633 0.0
12.1551020408163 0.0
12.1591836734694 0.0
12.1632653061224 0.0
12.1673469387755 0.0
12.1714285714286 0.0
12.1755102040816 1.18354
12.1795918367347 0.0
12.1836734693878 0.874877
12.1877551020408 0.568703
12.1918367346939 3.93817
12.1959183673469 2.88424
12.2 3.02894
12.2040816326531 3.56704
12.2081632653061 0.0
12.2122448979592 2.33959
12.2163265306122 0.317752
12.2204081632653 0.0
12.2244897959184 0.0
12.2285714285714 0.0
12.2326530612245 0.0
12.2367346938776 0.563025
12.2408163265306 0.0
12.2448979591837 0.160336
12.2489795918367 0.0
12.2530612244898 0.0077486
12.2571428571429 0.0
12.2612244897959 0.0
12.265306122449 0.0
12.269387755102 0.0
12.2734693877551 0.0
12.2775510204082 0.0
12.2816326530612 0.0
12.2857142857143 0.0
12.2897959183673 0.0
12.2938775510204 0.0
12.2979591836735 0.0
12.3020408163265 0.0
12.3061224489796 0.0
12.3102040816327 0.0
12.3142857142857 0.0
12.3183673469388 0.0
12.3224489795918 0.0
12.3265306122449 0.0
12.330612244898 0.0
12.334693877551 0.0
12.3387755102041 0.0
12.3428571428571 0.0
12.3469387755102 0.0
12.3510204081633 0.0
12.3551020408163 0.572801
12.3591836734694 1.12078
12.3632653061224 0.0
12.3673469387755 0.0
12.3714285714286 0.783682
12.3755102040816 0.0
12.3795918367347 0.688553
12.3836734693878 0.0
12.3877551020408 0.0
12.3918367346939 0.0
12.3959183673469 0.0
12.4 6.52722
12.4040816326531 0.0
12.4081632653061 0.709772
12.4122448979592 8.8504
12.4163265306122 0.0
12.4204081632653 42.0557
12.4244897959184 15.9912
12.4285714285714 79.5476
12.4326530612245 102.358
12.4367346938776 152.177
12.4408163265306 158.672
12.4448979591837 157.292
12.4489795918367 133.558
12.4530612244898 106.524
12.4571428571429 75.0933
12.4612244897959 48.223
12.465306122449 20.6169
12.469387755102 0.0
12.4734693877551 0.0
12.4775510204082 0.0
12.4816326530612 0.0
12.4857142857143 0.0
12.4897959183673 0.0
12.4938775510204 0.0
12.4979591836735 0.0
12.5020408163265 0.0
12.5061224489796 0.0
12.5102040816327 0.0
12.5142857142857 2.56243
12.5183673469388 0.0
12.5224489795918 0.0
12.5265306122449 0.0
12.530612244898 0.0
12.534693877551 0.0
12.5387755102041 0.0
12.5428571428571 0.0
12.5469387755102 0.0
12.5510204081633 0.0
12.5551020408163 0.0
12.5591836734694 0.0
12.5632653061224 0.0
12.5673469387755 1.03199
12.5714285714286 0.0
12.5755102040816 0.497341
12.5795918367347 0.0
12.5836734693878 0.0
12.5877551020408 0.0
12.5918367346939 0.0
12.5959183673469 1.7063
12.6 0.0
12.6040816326531 0.0
12.6081632653061 6.7015
12.6122448979592 0.0
12.6163265306122 9.74351
12.6204081632653 0.0
12.6244897959184 0.0
12.6285714285714 0.0
12.6326530612245 9.37283
12.6367346938776 3.22926
12.6408163265306 0.0
12.6448979591837 0.0
12.6489795918367 0.386208
12.6530612244898 0.0
12.6571428571429 3.3074
12.6612244897959 0.0
12.665306122449 3.23555
12.669387755102 10.8765
12.6734693877551 0.0
12.6775510204082 18.5562
12.6816326530612 0.0
12.6857142857143 0.0
12.6897959183673 0.0
12.6938775510204 0.0
12.6979591836735 0.211954
12.7020408163265 0.0
12.7061224489796 0.0
12.7102040816327 0.0
12.7142857142857 0.0
12.7183673469388 0.0
12.7224489795918 0.0
12.7265306122449 0.0
12.730612244898 0.118971
12.734693877551 0.0
12.7387755102041 28.7151
12.7428571428571 0.0
12.7469387755102 0.0
12.7510204081633 7.38247
12.7551020408163 0.0
12.7591836734694 1.59544
12.7632653061224 0.0
12.7673469387755 0.0
12.7714285714286 0.0
12.7755102040816 0.998139
12.7795918367347 1.29893
12.7836734693878 0.0
12.7877551020408 0.0
12.7918367346939 8.54385
12.7959183673469 2.16363
12.8 11.299
12.8040816326531 8.62688
12.8081632653061 1.26344
12.8122448979592 1.67799
12.8163265306122 1.3451
12.8204081632653 53.9464
12.8244897959184 7.45866
12.8285714285714 68.0941
12.8326530612245 93.0398
12.8367346938776 135.501
12.8408163265306 119.529
12.8448979591837 99.9143
12.8489795918367 84.0966
12.8530612244898 64.7447
12.8571428571429 51.5431
12.8612244897959 39.0764
12.865306122449 29.7698
12.869387755102 22.4768
12.8734693877551 9.37608
12.8775510204082 6.48624
12.8816326530612 2.91342
12.8857142857143 0.0
12.8897959183673 0.0
12.8938775510204 0.0
12.8979591836735 0.0
12.9020408163265 0.0
12.9061224489796 0.0
12.9102040816327 0.0
12.9142857142857 0.0
12.9183673469388 0.0
12.9224489795918 0.0
12.9265306122449 0.0
12.930612244898 0.0
12.934693877551 0.0
12.9387755102041 0.0
12.9428571428571 0.0
12.9469387755102 0.0
12.9510204081633 0.0
12.9551020408163 0.0
12.9591836734694 0.0
12.9632653061224 0.0
12.9673469387755 0.0
12.9714285714286 0.0
12.9755102040816 0.0
12.9795918367347 0.0
12.9836734693878 0.0
12.9877551020408 0.0
12.9918367346939 0.0
12.9959183673469 0.0
13.0 0.0
13.0040816326531 0.0
13.0081632653061 0.0
13.0122448979592 0.0
13.0163265306122 0.0
13.0204081632653 0.0
13.0244897959184 3.87034
13.0285714285714 16.8702
13.0326530612245 44.8899
13.0367346938776 76.8399
13.0408163265306 97.3934
13.0448979591837 93.2951
13.0489795918367 80.3538
13.0530612244898 61.1731
13.0571428571429 41.6121
13.0612244897959 14.8735
13.065306122449 5.93805
13.069387755102 0.0
13.0734693877551 0.0
13.0775510204082 0.0
13.0816326530612 0.0
13.0857142857143 0.0
13.0897959183673 0.0
13.0938775510204 0.0
13.0979591836735 0.0
13.1020408163265 0.0
13.1061224489796 0.0
13.1102040816327 0.0
13.1142857142857 0.0
13.1183673469388 0.0
13.1224489795918 0.0
13.1265306122449 0.0
13.130612244898 0.0
13.134693877551 0.0
13.1387755102041 0.0
13.1428571428571 1.56388
13.1469387755102 0.0
13.1510204081633 0.174254
13.1551020408163 0.405163
13.1591836734694 0.0
13.1632653061224 1.38533
13.1673469387755 0.0
13.1714285714286 0.056684
13.1755102040816 0.0
13.1795918367347 0.0
13.1836734693878 2.99677
13.1877551020408 0.0
13.1918367346939 0.0
13.1959183673469 0.0
13.2 3.77771
13.2040816326531 0.986457
13.2081632653061 0.0
13.2122448979592 0.0908375
13.2163265306122 0.0
13.2204081632653 0.191331
13.2244897959184 3.95209
13.2285714285714 2.63876
13.2326530612245 9.30774
13.2367346938776 9.09043
13.2408163265306 5.58704
13.2448979591837 0.847027
13.2489795918367 0.0
13.2530612244898 0.0
13.2571428571429 0.0
13.2612244897959 0.0
13.265306122449 0.0
13.269387755102 0.0
13.2734693877551 0.0
13.2775510204082 0.0
13.2816326530612 0.0
13.2857142857143 0.0
13.2897959183673 0.0
13.2938775510204 0.0
13.2979591836735 0.893623
13.3020408163265 0.0
13.3061224489796 0.0
13.3102040816327 0.0
13.3142857142857 0.0
13.3183673469388 0.0694394
13.3224489795918 0.0
13.3265306122449 0.581861
13.330612244898 0.591874
13.334693877551 0.0228882
13.3387755102041 2.22409
13.3428571428571 0.0
13.3469387755102 0.80514
13.3510204081633 0.0
13.3551020408163 0.0
13.3591836734694 0.0
13.3632653061224 0.0
13.3673469387755 0.0
13.3714285714286 0.0
13.3755102040816 0.0
13.3795918367347 5.38668
13.3836734693878 0.0
13.3877551020408 2.89148
13.3918367346939 3.4799
13.3959183673469 3.41576
13.4 8.544
13.4040816326531 1.9182
13.4081632653061 5.59062
13.4122448979592 1.01948
13.4163265306122 7.42494
13.4204081632653 10.3893
13.4244897959184 5.5609
13.4285714285714 12.2213
13.4326530612245 15.7234
13.4367346938776 17.7125
13.4408163265306 14.293
13.4448979591837 13.3735
13.4489795918367 13.6618
13.4530612244898 3.70163
13.4571428571429 0.0
13.4612244897959 13.0798
13.465306122449 14.9682
13.469387755102 49.2417
13.4734693877551 86.0066
13.4775510204082 99.2629
13.4816326530612 100.701
13.4857142857143 90.9309
13.4897959183673 76.7871
13.4938775510204 73.8016
13.4979591836735 56.805
13.5020408163265 39.3605
13.5061224489796 18.5734
13.5102040816327 7.43119
13.5142857142857 0.0
13.5183673469388 0.0
13.5224489795918 0.0
13.5265306122449 0.0
13.530612244898 0.0
13.534693877551 0.0
13.5387755102041 0.0
13.5428571428571 0.0
13.5469387755102 0.0
13.5510204081633 0.0
13.5551020408163 0.0
13.5591836734694 0.0
13.5632653061224 0.0
13.5673469387755 0.0
13.5714285714286 0.0
13.5755102040816 0.0
13.5795918367347 0.0
13.5836734693878 0.0
13.5877551020408 0.0
13.5918367346939 0.0
13.5959183673469 0.0
13.6 0.0
13.6040816326531 0.0
13.6081632653061 0.0
13.6122448979592 0.134289
13.6163265306122 10.0726
13.6204081632653 22.4124
13.6244897959184 46.8481
13.6285714285714 47.0448
13.6326530612245 53.3329
13.6367346938776 46.6503
13.6408163265306 32.3292
13.6448979591837 19.5145
13.6489795918367 2.7676
13.6530612244898 0.0
13.6571428571429 0.0
13.6612244897959 0.0
13.665306122449 0.0
13.669387755102 0.0
13.6734693877551 0.0
13.6775510204082 0.0
13.6816326530612 0.0
13.6857142857143 0.0
13.6897959183673 0.0
13.6938775510204 0.0
13.6979591836735 0.0
13.7020408163265 0.0
13.7061224489796 0.0
13.7102040816327 0.0
13.7142857142857 0.0
13.7183673469388 0.0
13.7224489795918 0.0
13.7265306122449 0.0
13.730612244898 0.0
13.734693877551 0.0
13.7387755102041 0.0
13.7428571428571 0.0
13.7469387755102 0.0
13.7510204081633 0.0
13.7551020408163 0.0
13.7591836734694 0.0
13.7632653061224 0.0
13.7673469387755 2.72495
13.7714285714286 0.0
13.7755102040816 0.0
13.7795918367347 0.0
13.7836734693878 0.0
13.7877551020408 0.0
13.7918367346939 0.0
13.7959183673469 0.0
13.8 0.154436
13.8040816326531 0.0
13.8081632653061 6.4128
13.8122448979592 0.0
13.8163265306122 0.0
13.8204081632653 0.0
13.8244897959184 0.0
13.8285714285714 0.00268221
13.8326530612245 0.0
13.8367346938776 0.0
13.8408163265306 0.0224113
13.8448979591837 0.0
13.8489795918367 3.83785
13.8530612244898 0.0
13.8571428571429 0.0
13.8612244897959 0.0
13.865306122449 0.0
13.869387755102 0.0
13.8734693877551 0.0
13.8775510204082 0.0
13.8816326530612 0.0
13.8857142857143 0.0
13.8897959183673 3.45474
13.8938775510204 0.0
13.8979591836735 0.0
13.9020408163265 0.0
13.9061224489796 0.0
13.9102040816327 0.0
13.9142857142857 0.0
13.9183673469388 0.0
13.9224489795918 0.0
13.9265306122449 0.0
13.930612244898 3.64721
13.934693877551 0.0
13.9387755102041 0.0
13.9428571428571 0.0
13.9469387755102 0.0
13.9510204081633 0.0
13.9551020408163 0.0
13.9591836734694 0.0
13.9632653061224 0.0
13.9673469387755 0.0
13.9714285714286 15.7107
13.9755102040816 0.0
13.9795918367347 0.0
13.9836734693878 1.49129
13.9877551020408 6.58357
13.9918367346939 16.6738
13.9959183673469 44.6087
14.0 42.3852
14.0040816326531 95.7101
14.0081632653061 182.994
14.0122448979592 158.256
14.0163265306122 183.718
14.0204081632653 172.017
14.0244897959184 153.247
14.0285714285714 133.199
14.0326530612245 116.408
14.0367346938776 97.554
14.0408163265306 83.6492
14.0448979591837 68.0917
14.0489795918367 53.9202
14.0530612244898 43.7403
14.0571428571429 32.997
14.0612244897959 20.564
14.065306122449 7.76601
14.069387755102 0.93019
14.0734693877551 0.0
14.0775510204082 0.0
14.0816326530612 0.0
14.0857142857143 0.0
14.0897959183673 0.0
14.0938775510204 0.0
14.0979591836735 0.0
14.1020408163265 0.0
14.1061224489796 0.0
14.1102040816327 0.0
14.1142857142857 0.0
14.1183673469388 0.0
14.1224489795918 0.0
14.1265306122449 0.0
14.130612244898 0.0
14.134693877551 0.0
14.1387755102041 0.0
14.1428571428571 0.0
14.1469387755102 0.0
14.1510204081633 0.0
14.1551020408163 0.0
14.1591836734694 0.0
14.1632653061224 0.0
14.1673469387755 0.0
14.1714285714286 0.0
14.1755102040816 0.0
14.1795918367347 0.0
14.1836734693878 0.0
14.1877551020408 0.0
14.1918367346939 0.0
14.1959183673469 0.0
14.2 0.0
14.2040816326531 0.0
14.2081632653061 0.0
14.2122448979592 0.0
14.2163265306122 0.0
14.2204081632653 0.0
14.2244897959184 0.0
14.2285714285714 0.0
14.2326530612245 0.0
14.2367346938776 0.0
14.2408163265306 0.0
14.2448979591837 0.0
14.2489795918367 0.0
14.2530612244898 0.0
14.2571428571429 5.69236
14.2612244897959 1.14536
14.265306122449 0.0
14.269387755102 1.26898
14.2734693877551 0.0
14.2775510204082 0.0
14.2816326530612 0.402749
14.2857142857143 0.207067
14.2897959183673 1.19701
14.2938775510204 0.742197
14.2979591836735 0.762701
14.3020408163265 0.0117123
14.3061224489796 0.242352
14.3102040816327 0.0
14.3142857142857 0.0
14.3183673469388 0.0
14.3224489795918 0.0
14.3265306122449 0.0
14.330612244898 0.0
14.334693877551 0.0
14.3387755102041 0.0
14.3428571428571 1.54033
14.3469387755102 1.4271
14.3510204081633 0.0360012
14.3551020408163 0.0
14.3591836734694 0.193983
14.3632653061224 0.0
14.3673469387755 0.0
14.3714285714286 0.0
14.3755102040816 0.0
14.3795918367347 0.0
14.3836734693878 0.0
14.3877551020408 0.0
14.3918367346939 0.0
14.3959183673469 0.0
14.4 0.0
14.4040816326531 0.0
14.4081632653061 0.0
14.4122448979592 0.0
14.4163265306122 0.0
14.4204081632653 1.35866
14.4244897959184 0.0
14.4285714285714 0.0
14.4326530612245 10.4423
14.4367346938776 17.8057
14.4408163265306 20.0283
14.4448979591837 21.4697
14.4489795918367 18.4624
14.4530612244898 21.3806
14.4571428571429 12.0454
14.4612244897959 11.5704
14.465306122449 1.55461
14.469387755102 0.0
14.4734693877551 0.0
14.4775510204082 0.0
14.4816326530612 0.0
14.4857142857143 0.0
14.4897959183673 0.0
14.4938775510204 0.0
14.4979591836735 0.0
14.5020408163265 0.0
14.5061224489796 0.0
14.5102040816327 0.0
14.5142857142857 0.0
14.5183673469388 0.0
14.5224489795918 0.0
14.5265306122449 0.0
14.530612244898 0.0
14.534693877551 0.0
14.5387755102041 0.0
14.5428571428571 0.0
14.5469387755102 0.0
14.5510204081633 0.0
14.5551020408163 0.0
14.5591836734694 0.0
14.5632653061224 0.0
14.5673469387755 0.0
14.5714285714286 0.0
14.5755102040816 0.0
14.5795918367347 0.0
14.5836734693878 0.0
14.5877551020408 0.0
14.5918367346939 0.683188
14.5959183673469 0.867724
14.6 3.58224
14.6040816326531 0.668198
14.6081632653061 2.56486
14.6122448979592 0.858724
14.6163265306122 0.0
14.6204081632653 0.0
14.6244897959184 0.0
14.6285714285714 0.0
14.6326530612245 0.0
14.6367346938776 1.85493
14.6408163265306 0.417829
14.6448979591837 4.19319
14.6489795918367 4.27401
14.6530612244898 5.97668
14.6571428571429 4.88561
14.6612244897959 2.89303
14.665306122449 0.0
14.669387755102 0.0
14.6734693877551 0.0
14.6775510204082 0.0
14.6816326530612 0.0
14.6857142857143 0.0
14.6897959183673 0.0
14.6938775510204 0.0
14.6979591836735 0.0
14.7020408163265 0.0
14.7061224489796 0.0
14.7102040816327 0.0
14.7142857142857 0.0
14.7183673469388 0.0
14.7224489795918 2.52569
14.7265306122449 0.0
14.730612244898 0.717759
14.734693877551 0.0
14.7387755102041 0.0
14.7428571428571 0.0
14.7469387755102 0.0
14.7510204081633 0.0
14.7551020408163 0.0
14.7591836734694 0.0
14.7632653061224 0.0
14.7673469387755 0.0
14.7714285714286 0.0
14.7755102040816 0.0
14.7795918367347 0.0
14.7836734693878 0.0
14.7877551020408 0.0
14.7918367346939 0.0
14.7959183673469 0.0
14.8 0.0
14.8040816326531 0.0
14.8081632653061 0.0
14.8122448979592 24.1377
14.8163265306122 126.086
14.8204081632653 189.331
14.8244897959184 190.337
14.8285714285714 181.156
14.8326530612245 160.248
14.8367346938776 136.236
14.8408163265306 114.873
14.8448979591837 90.1884
14.8489795918367 76.4672
14.8530612244898 55.9614
14.8571428571429 33.6466
14.8612244897959 19.3632
14.865306122449 4.85939
14.869387755102 0.0
14.8734693877551 0.0
14.8775510204082 0.0
14.8816326530612 0.0
14.8857142857143 0.0
14.8897959183673 0.0
14.8938775510204 0.0
14.8979591836735 0.0
14.9020408163265 0.0
14.9061224489796 0.0
14.9102040816327 0.0
14.9142857142857 0.0
14.9183673469388 0.0
14.9224489795918 0.0
14.9265306122449 0.0
14.930612244898 0.0
14.934693877551 0.0
14.9387755102041 0.0
14.9428571428571 0.0
14.9469387755102 0.0
14.9510204081633 0.0
14.9551020408163 0.0
14.9591836734694 0.0
14.9632653061224 0.0
14.9673469387755 0.0
14.9714285714286 0.0
14.9755102040816 0.0
