0.00408163265306122 1.61767
0.00816326530612245 1.53133
0.0122448979591837 3.41922
0.0163265306122449 0.542283
0.0204081632653061 1.1977
0.0244897959183673 2.27749
0.0285714285714286 4.53168
0.0326530612244898 13.9008
0.036734693877551 10.0206
0.0408163265306122 10.9979
0.0448979591836735 15.1235
0.0489795918367347 14.7796
0.0530612244897959 8.00931
0.0571428571428571 3.52383
0.0612244897959184 2.05797
0.0653061224489796 1.54942
0.0693877551020408 3.87806
0.073469387755102 1.93071
0.0775510204081633 2.87366
0.0816326530612245 1.43671
0.0857142857142857 3.17931
0.0897959183673469 2.3793
0.0938775510204082 2.39092
0.0979591836734694 3.86089
0.102040816326531 7.93004
0.106122448979592 18.1224
0.110204081632653 37.9723
0.114285714285714 63.6178
0.118367346938776 78.0778
0.122448979591837 79.3732
0.126530612244898 71.177
0.130612244897959 54.2797
0.13469387755102 37.7922
0.138775510204082 22.2368
0.142857142857143 4.5557
0.146938775510204 0.0
0.151020408163265 0.0
0.155102040816327 0.0
0.159183673469388 0.0
0.163265306122449 0.0
0.16734693877551 0.0
0.171428571428571 0.0
0.175510204081633 0.0
0.179591836734694 0.0
0.183673469387755 0.0
0.187755102040816 0.0
0.191836734693878 0.0
0.195918367346939 0.0
0.2 0.0
0.204081632653061 0.0
0.208163265306122 0.314474
0.212244897959184 0.0
0.216326530612245 0.0
0.220408163265306 0.0
0.224489795918367 0.0
0.228571428571429 2.45696
0.23265306122449 2.75886
0.236734693877551 0.0
0.240816326530612 5.15521
0.244897959183673 16.3109
0.248979591836735 10.4096
0.253061224489796 5.08702
0.257142857142857 3.9559
0.261224489795918 2.39396
0.26530612244898 2.69663
0.269387755102041 0.219941
0.273469387755102 3.97587
0.277551020408163 3.22402
0.281632653061224 3.2804
0.285714285714286 7.86763
0.289795918367347 5.43016
0.293877551020408 1.70678
0.297959183673469 0.0
0.302040816326531 0.266731
0.306122448979592 0.0
0.310204081632653 0.0
0.314285714285714 0.0
0.318367346938775 0.0
0.322448979591837 0.0
0.326530612244898 0.0
0.330612244897959 0.0
0.33469387755102 0.0
0.338775510204082 0.0
0.342857142857143 0.0
0.346938775510204 0.0
0.351020408163265 0.0
0.355102040816327 0.0
0.359183673469388 0.0
0.363265306122449 0.0
0.36734693877551 0.0
0.371428571428571 0.0
0.375510204081633 0.0
0.379591836734694 0.0
0.383673469387755 0.0
0.387755102040816 0.0
0.391836734693878 2.98452
0.395918367346939 11.9333
0.4 16.0426
0.404081632653061 14.4544
0.408163265306122 13.0013
0.412244897959184 12.7193
0.416326530612245 16.4853
0.420408163265306 17.8395
0.424489795918367 15.1291
0.428571428571429 7.82132
0.43265306122449 1.26028
0.436734693877551 0.0
0.440816326530612 0.0
0.444897959183673 0.0
0.448979591836735 0.874162
0.453061224489796 2.18481
0.457142857142857 1.87925
0.461224489795918 5.32937
0.46530612244898 10.367
0.469387755102041 15.9482
0.473469387755102 19.6453
0.477551020408163 7.89988
0.481632653061224 6.07193
0.485714285714286 7.9627
0.489795918367347 2.20186
0.493877551020408 3.39723
0.497959183673469 2.12741
0.502040816326531 3.07721
0.506122448979592 7.1007
0.510204081632653 17.6373
0.514285714285714 15.6257
0.518367346938776 14.108
0.522448979591837 8.85385
0.526530612244898 1.17821
0.530612244897959 6.59835
0.53469387755102 6.68973
0.538775510204082 12.8915
0.542857142857143 3.01254
0.546938775510204 4.66806
0.551020408163265 2.03556
0.555102040816327 8.42908
0.559183673469388 10.5025
0.563265306122449 12.365
0.56734693877551 10.1629
0.571428571428571 12.6345
0.575510204081633 3.70365
0.579591836734694 1.29461
0.583673469387755 0.0
0.587755102040816 0.279665
0.591836734693878 0.326037
0.595918367346939 0.359178
0.6 0.0
0.604081632653061 0.0
0.608163265306122 0.0
0.612244897959184 0.0
0.616326530612245 0.0
0.620408163265306 0.0
0.624489795918367 0.0
0.628571428571429 0.0
0.63265306122449 0.0
0.636734693877551 0.0
0.640816326530612 0.0
0.644897959183673 0.0
0.648979591836735 3.70371
0.653061224489796 6.30164
0.657142857142857 3.99399
0.661224489795918 1.4255
0.66530612244898 0.0
0.669387755102041 0.0
0.673469387755102 0.0
0.677551020408163 0.0
0.681632653061224 0.0
0.685714285714286 0.0
0.689795918367347 0.0
0.693877551020408 0.764251
0.697959183673469 2.14088
0.702040816326531 4.38452
0.706122448979592 0.67395
0.710204081632653 0.0
0.714285714285714 0.0
0.718367346938775 0.0
0.722448979591837 0.0
0.726530612244898 0.0
0.730612244897959 0.0
0.73469387755102 0.0
0.738775510204082 0.0
0.742857142857143 0.0
0.746938775510204 2.25216
0.751020408163265 2.28977
0.755102040816326 3.05855
0.759183673469388 6.08587
0.763265306122449 5.56266
0.76734693877551 5.96154
0.771428571428571 11.8362
0.775510204081633 18.8611
0.779591836734694 15.2413
0.783673469387755 9.58484
0.787755102040816 8.9047
0.791836734693877 8.12876
0.795918367346939 2.00808
0.8 0.632763
0.804081632653061 7.53438
0.808163265306122 9.44156
0.812244897959184 10.2639
0.816326530612245 12.599
0.820408163265306 7.61992
0.824489795918367 17.8424
0.828571428571429 32.7492
0.83265306122449 46.3352
0.836734693877551 56.07
0.840816326530612 48.3804
0.844897959183673 51.5308
0.848979591836735 44.0177
0.853061224489796 33.4195
0.857142857142857 25.911
0.861224489795918 17.3652
0.86530612244898 7.21097
0.869387755102041 0.0
0.873469387755102 0.0
0.877551020408163 0.0
0.881632653061225 0.0
0.885714285714286 0.0
0.889795918367347 0.0
0.893877551020408 0.0
0.897959183673469 0.0
0.902040816326531 0.0
0.906122448979592 2.01535
0.910204081632653 8.69852
0.914285714285714 4.63247
0.918367346938776 6.93434
0.922448979591837 2.85172
0.926530612244898 2.84898
0.930612244897959 4.1815
0.93469387755102 3.50547
0.938775510204082 4.05753
0.942857142857143 1.53553
0.946938775510204 0.0
0.951020408163265 0.0
0.955102040816327 0.0
0.959183673469388 0.0
0.963265306122449 0.0
0.96734693877551 0.0
0.971428571428571 0.0
0.975510204081633 0.0
0.979591836734694 0.0
0.983673469387755 0.0
0.987755102040816 0.0
0.991836734693878 0.0
0.995918367346939 0.0
1.0 1.52004
1.00408163265306 1.5955
1.00816326530612 2.30432
1.01224489795918 2.30882
1.01632653061224 1.76764
1.02040816326531 1.78838
1.02448979591837 1.08522
1.02857142857143 0.747442
1.03265306122449 0.0
1.03673469387755 0.0
1.04081632653061 0.0
1.04489795918367 2.4429
1.04897959183673 1.32704
1.0530612244898 4.15969
1.05714285714286 11.4093
1.06122448979592 8.35979
1.06530612244898 5.80633
1.06938775510204 2.88105
1.0734693877551 1.98831
1.07755102040816 2.13909
1.08163265306122 0.0
1.08571428571429 0.0
1.08979591836735 0.0
1.09387755102041 0.698686
1.09795918367347 0.667095
1.10204081632653 7.40719
1.10612244897959 12.8449
1.11020408163265 13.9253
1.11428571428571 13.1081
1.11836734693878 16.944
1.12244897959184 13.9543
1.1265306122449 8.86554
1.13061224489796 1.27363
1.13469387755102 0.0
1.13877551020408 0.0
1.14285714285714 3.29423
1.1469387755102 0.0
1.15102040816327 0.0
1.15510204081633 0.0
1.15918367346939 0.0
1.16326530612245 0.0
1.16734693877551 0.0
1.17142857142857 0.0
1.17551020408163 0.0
1.17959183673469 0.0
1.18367346938776 0.0
1.18775510204082 0.0
1.19183673469388 0.0
1.19591836734694 0.0
1.2 0.0
1.20408163265306 0.0
1.20816326530612 0.0
1.21224489795918 0.0
1.21632653061224 0.0
1.22040816326531 1.33848
1.22448979591837 3.60394
1.22857142857143 5.28169
1.23265306122449 4.42374
1.23673469387755 2.9614
1.24081632653061 1.36244
1.24489795918367 0.0
1.24897959183673 0.0
1.2530612244898 0.0
1.25714285714286 0.0
1.26122448979592 0.0
1.26530612244898 0.0
1.26938775510204 0.0
1.2734693877551 0.0
1.27755102040816 0.0
1.28163265306122 0.0
1.28571428571429 0.0
1.28979591836735 0.0
1.29387755102041 0.0
1.29795918367347 0.0
1.30204081632653 0.0
1.30612244897959 0.0
1.31020408163265 0.0
1.31428571428571 2.51544
1.31836734693878 14.834
1.32244897959184 31.0611
1.3265306122449 19.3149
1.33061224489796 13.7538
1.33469387755102 23.4033
1.33877551020408 38.7208
1.34285714285714 38.6325
1.3469387755102 38.9498
1.35102040816327 27.3709
1.35510204081633 16.7718
1.35918367346939 2.17319
1.36326530612245 0.0
1.36734693877551 0.0
1.37142857142857 0.0
1.37551020408163 0.0
1.37959183673469 0.0
1.38367346938776 0.0
1.38775510204082 0.0
1.39183673469388 0.0
1.39591836734694 0.0
1.4 0.0
1.40408163265306 0.0
1.40816326530612 0.0
1.41224489795918 0.0
1.41632653061225 0.0
1.42040816326531 0.0
1.42448979591837 0.488877
1.42857142857143 0.975788
1.43265306122449 4.31716
1.43673469387755 8.28207
1.44081632653061 7.80821
1.44489795918367 8.25289
1.44897959183673 12.0703
1.4530612244898 13.4884
1.45714285714286 12.6245
1.46122448979592 8.8926
1.46530612244898 6.21998
1.46938775510204 6.71518
1.4734693877551 4.84776
1.47755102040816 7.32264
1.48163265306122 6.07729
1.48571428571429 3.82122
1.48979591836735 2.28974
1.49387755102041 1.49524
1.49795918367347 0.0784397
1.50204081632653 4.43357
1.50612244897959 9.80556
1.51020408163265 6.28817
1.51428571428571 0.50354
1.51836734693878 0.0
1.52244897959184 0.0
1.5265306122449 0.0
1.53061224489796 3.73489
1.53469387755102 7.51823
1.53877551020408 5.68295
1.54285714285714 0.0
1.5469387755102 0.0
1.55102040816327 0.0
1.55510204081633 0.0
1.55918367346939 0.0
1.56326530612245 4.72379
1.56734693877551 13.1767
1.57142857142857 20.9191
1.57551020408163 33.065
1.57959183673469 47.0786
1.58367346938775 55.3876
1.58775510204082 57.763
1.59183673469388 50.1947
1.59591836734694 39.2205
1.6 32.9926
1.60408163265306 21.0181
1.60816326530612 5.84686
1.61224489795918 0.31054
1.61632653061224 0.0
1.62040816326531 0.0
1.62448979591837 0.0
1.62857142857143 0.0
1.63265306122449 0.0
1.63673469387755 0.0
1.64081632653061 0.0
1.64489795918367 0.0
1.64897959183673 0.0
1.6530612244898 0.0
1.65714285714286 0.0
1.66122448979592 0.0
1.66530612244898 0.0
1.66938775510204 0.0
1.6734693877551 0.0
1.67755102040816 0.0
1.68163265306122 0.0
1.68571428571429 0.0
1.68979591836735 0.0
1.69387755102041 0.0
1.69795918367347 0.0
1.70204081632653 0.0
1.70612244897959 0.0
1.71020408163265 0.0
1.71428571428571 0.0
1.71836734693878 0.0
1.72244897959184 0.103414
1.7265306122449 0.0
1.73061224489796 8.40116
1.73469387755102 6.86085
1.73877551020408 2.15548
1.74285714285714 2.3008
1.7469387755102 0.182152
1.75102040816327 0.191689
1.75510204081633 0.0
1.75918367346939 0.0
1.76326530612245 0.0
1.76734693877551 0.0
1.77142857142857 1.30236
1.77551020408163 1.29437
1.77959183673469 1.48004
1.78367346938776 6.9837
1.78775510204082 8.91882
1.79183673469388 4.68278
1.79591836734694 0.0
1.8 9.3962
1.80408163265306 5.97447
1.80816326530612 9.48161
1.81224489795918 8.32832
1.81632653061224 11.3948
1.82040816326531 19.2115
1.82448979591837 21.5058
1.82857142857143 17.2341
1.83265306122449 13.515
1.83673469387755 11.8478
1.84081632653061 16.9115
1.84489795918367 22.2784
1.84897959183673 25.1423
1.8530612244898 25.6501
1.85714285714286 21.7159
1.86122448979592 12.4337
1.86530612244898 2.17891
1.86938775510204 6.29151
1.8734693877551 3.84545
1.87755102040816 0.0
1.88163265306122 0.0
1.88571428571429 0.0
1.88979591836735 0.0
1.89387755102041 0.0
1.89795918367347 0.0
1.90204081632653 0.0
1.90612244897959 0.0
1.91020408163265 0.0
1.91428571428571 2.92408
1.91836734693878 2.57128
1.92244897959184 2.09188
1.9265306122449 0.0703335
1.93061224489796 0.0
1.93469387755102 1.53327
1.93877551020408 3.96979
1.94285714285714 4.44195
1.9469387755102 5.34463
1.95102040816327 4.28522
1.95510204081633 4.08041
1.95918367346939 2.97374
1.96326530612245 5.07271
1.96734693877551 4.637
1.97142857142857 4.85647
1.97551020408163 4.36997
1.97959183673469 3.76141
1.98367346938776 1.0047
1.98775510204082 0.445008
1.99183673469388 0.171185
1.99591836734694 0.530243
2.0 0.833392
2.00408163265306 0.0
2.00816326530612 0.0
2.01224489795918 0.0
2.01632653061225 0.0
2.02040816326531 3.77655
2.02448979591837 2.13826
2.02857142857143 0.388086
2.03265306122449 0.0
2.03673469387755 0.0
2.04081632653061 0.0
2.04489795918367 0.0
2.04897959183673 6.27932
2.0530612244898 6.86157
2.05714285714286 13.5657
2.06122448979592 16.9497
2.06530612244898 19.397
2.06938775510204 17.8151
2.0734693877551 19.1816
2.07755102040816 16.4265
2.08163265306122 8.69101
2.08571428571429 4.66335
2.08979591836735 0.0
2.09387755102041 0.0
2.09795918367347 0.0
2.10204081632653 0.0
2.10612244897959 0.0
2.11020408163265 0.0
2.11428571428571 0.0
2.11836734693878 0.0
2.12244897959184 0.0
2.1265306122449 0.0
2.13061224489796 0.0
2.13469387755102 3.80695
2.13877551020408 0.0
2.14285714285714 0.0
2.1469387755102 0.969052
2.15102040816327 0.0
2.15510204081633 3.06165
2.15918367346939 4.16565
2.16326530612245 1.66792
2.16734693877551 0.0
2.17142857142857 1.89888
2.17551020408163 2.59629
2.17959183673469 3.91237
2.18367346938776 7.70605
2.18775510204082 6.30036
2.19183673469388 5.49519
2.19591836734694 3.19725
2.2 3.85201
2.20408163265306 3.38948
2.20816326530612 2.93052
2.21224489795918 2.32738
2.21632653061224 3.02202
2.22040816326531 3.883
2.22448979591837 6.74343
2.22857142857143 4.4148
2.23265306122449 1.3842
2.23673469387755 0.0
2.24081632653061 0.0
2.24489795918367 0.0
2.24897959183673 0.0
2.2530612244898 0.0
2.25714285714286 0.0
2.26122448979592 0.0
2.26530612244898 0.0
2.26938775510204 0.0
2.2734693877551 0.0
2.27755102040816 0.0
2.28163265306122 0.0
2.28571428571429 2.68567
2.28979591836735 0.0
2.29387755102041 1.65403
2.29795918367347 5.67013
2.30204081632653 14.6606
2.30612244897959 17.9021
2.31020408163265 33.3381
2.31428571428571 41.9323
2.31836734693878 47.4812
2.32244897959184 44.5286
2.3265306122449 41.0514
2.33061224489796 36.6048
2.33469387755102 28.2987
2.33877551020408 17.4509
2.34285714285714 4.95934
2.3469387755102 4.8697
2.35102040816327 0.0
2.35510204081633 0.0
2.35918367346939 0.0
2.36326530612245 0.0
2.36734693877551 0.0
2.37142857142857 0.414133
2.37551020408163 6.08402
2.37959183673469 12.2164
2.38367346938776 12.2178
2.38775510204082 8.1569
2.39183673469388 4.51219
2.39591836734694 0.949621
2.4 0.0
2.40408163265306 0.24128
2.40816326530612 0.729322
2.41224489795918 3.20029
2.41632653061225 5.23296
2.42040816326531 4.00552
2.42448979591837 1.55547
2.42857142857143 0.673264
2.43265306122449 0.0
2.43673469387755 3.34454
2.44081632653061 5.6659
2.44489795918367 6.67024
2.44897959183673 5.75626
2.4530612244898 7.08067
2.45714285714286 0.0
2.46122448979592 3.25894
2.46530612244898 7.42003
2.46938775510204 0.747442
2.4734693877551 0.871181
2.47755102040816 0.443578
2.48163265306122 0.0
2.48571428571429 0.721693
2.48979591836735 0.0
2.49387755102041 0.0
2.49795918367347 0.0
2.50204081632653 0.808477
2.50612244897959 0.570536
2.51020408163265 0.0
2.51428571428571 0.0
2.51836734693878 0.0
2.52244897959184 0.0
2.5265306122449 0.0
2.53061224489796 0.0
2.53469387755102 0.0
2.53877551020408 0.0
2.54285714285714 0.0
2.5469387755102 0.0
2.55102040816327 0.0
2.55510204081633 0.0
2.55918367346939 0.0
2.56326530612245 0.0
2.56734693877551 0.0
2.57142857142857 0.0
2.57551020408163 5.59783
2.57959183673469 11.8235
2.58367346938775 20.5041
2.58775510204082 21.3847
2.59183673469388 17.332
2.59591836734694 14.4702
2.6 13.445
2.60408163265306 17.0457
2.60816326530612 11.237
2.61224489795918 7.36421
2.61632653061224 5.13428
2.62040816326531 0.858784
2.62448979591837 1.54757
2.62857142857143 0.709116
2.63265306122449 0.0
2.63673469387755 0.0
2.64081632653061 0.0
2.64489795918367 0.0
2.64897959183673 0.0
2.6530612244898 0.0
2.65714285714286 0.0
2.66122448979592 0.0
2.66530612244898 0.0
2.66938775510204 0.0
2.6734693877551 0.0
2.67755102040816 0.0
2.68163265306122 0.237107
2.68571428571429 5.80293
2.68979591836735 6.62327
2.69387755102041 1.61302
2.69795918367347 0.0
2.70204081632653 0.299454
2.70612244897959 0.279546
2.71020408163265 0.0
2.71428571428571 0.628829
2.71836734693878 0.0
2.72244897959184 0.0
2.7265306122449 0.0
2.73061224489796 0.0
2.73469387755102 0.0975132
2.73877551020408 0.0
2.74285714285714 0.0
2.7469387755102 0.0
2.75102040816327 3.27575
2.75510204081633 0.0
2.75918367346939 0.555277
2.76326530612245 0.225902
2.76734693877551 5.12239
2.77142857142857 8.12113
2.77551020408163 16.6476
2.77959183673469 18.6818
2.78367346938776 14.0437
2.78775510204082 8.80814
2.79183673469388 4.31824
2.79591836734694 0.0
2.8 0.0
2.80408163265306 0.0
2.80816326530612 0.0
2.81224489795918 2.89607
2.81632653061224 5.89395
2.82040816326531 7.43079
2.82448979591837 6.61492
2.82857142857143 1.11747
2.83265306122449 0.0
2.83673469387755 0.0
2.84081632653061 0.0
2.84489795918367 0.0
2.84897959183673 0.0
2.8530612244898 0.0
2.85714285714286 0.0
2.86122448979592 0.0
2.86530612244898 0.0
2.86938775510204 0.0
2.8734693877551 0.0
2.87755102040816 0.0933409
2.88163265306122 11.0334
2.88571428571429 4.8914
2.88979591836735 5.08511
2.89387755102041 5.77295
2.89795918367347 4.22072
2.90204081632653 2.43211
2.90612244897959 0.196457
2.91020408163265 1.06263
2.91428571428571 0.0
2.91836734693878 0.0
2.92244897959184 0.0
2.9265306122449 0.0
2.93061224489796 0.0
2.93469387755102 0.0
2.93877551020408 3.45802
2.94285714285714 8.61096
2.9469387755102 7.07129
2.95102040816327 6.74319
2.95510204081633 7.10762
2.95918367346939 10.1703
2.96326530612245 5.55491
2.96734693877551 3.29731
2.97142857142857 0.0
2.97551020408163 1.57475
2.97959183673469 0.577211
2.98367346938775 0.0
2.98775510204082 0.0
2.99183673469388 0.0
2.99591836734694 1.08218
3.0 0.0
3.00408163265306 0.0
3.00816326530612 0.0
3.01224489795918 0.0
3.01632653061225 0.0
3.02040816326531 2.48063
3.02448979591837 10.5994
3.02857142857143 23.243
3.03265306122449 34.0481
3.03673469387755 41.3361
3.04081632653061 48.0173
3.04489795918367 50.1522
3.04897959183673 31.06
3.0530612244898 23.2673
3.05714285714286 15.6866
3.06122448979592 4.84538
3.06530612244898 0.0
3.06938775510204 0.0
3.0734693877551 0.0
3.07755102040816 0.0
3.08163265306122 0.0
3.08571428571429 0.0
3.08979591836735 0.0
3.09387755102041 0.0
3.09795918367347 0.0
3.10204081632653 0.0650883
3.10612244897959 0.330329
3.11020408163265 2.31969
3.11428571428571 7.28595
3.11836734693878 4.55624
3.12244897959184 2.72667
3.1265306122449 0.0
3.13061224489796 0.0
3.13469387755102 0.0
3.13877551020408 0.0
3.14285714285714 0.0
3.1469387755102 0.0
3.15102040816327 0.0
3.15510204081633 0.0
3.15918367346939 0.0
3.16326530612245 0.0
3.16734693877551 0.0
3.17142857142857 0.0
3.17551020408163 0.0
3.17959183673469 0.0
3.18367346938776 0.0
3.18775510204082 0.0
3.19183673469388 0.0
3.19591836734694 0.0
3.2 0.0
3.20408163265306 0.0
3.20816326530612 0.0
3.21224489795918 0.0
3.21632653061224 0.0
3.22040816326531 0.0
3.22448979591837 1.9201
3.22857142857143 3.23391
3.23265306122449 2.7386
3.23673469387755 2.23517
3.24081632653061 2.37846
3.24489795918367 1.49322
3.24897959183673 2.5894
3.2530612244898 3.30067
3.25714285714286 2.65515
3.26122448979592 0.622988
3.26530612244898 0.0
3.26938775510204 0.0
3.2734693877551 0.0
3.27755102040816 0.0
3.28163265306122 0.0
3.28571428571429 0.418067
3.28979591836735 1.46317
3.29387755102041 3.89457
3.29795918367347 4.80783
3.30204081632653 10.8784
3.30612244897959 13.4623
3.31020408163265 20.3875
3.31428571428571 16.4711
3.31836734693878 18.8018
3.32244897959184 11.5616
3.3265306122449 8.14497
3.33061224489796 3.55494
3.33469387755102 0.0
3.33877551020408 0.0
3.34285714285714 0.0
3.3469387755102 0.0
3.35102040816327 0.0
3.35510204081633 0.0
3.35918367346939 0.0
3.36326530612245 0.0
3.36734693877551 0.0
3.37142857142857 0.0
3.37551020408163 0.0
3.37959183673469 0.656962
3.38367346938776 3.95977
3.38775510204082 5.41556
3.39183673469388 6.03785
3.39591836734694 1.49123
3.4 1.19102
3.40408163265306 0.0
3.40816326530612 0.0
3.41224489795918 0.0
3.41632653061225 0.0
3.42040816326531 0.0
3.42448979591837 1.19948
3.42857142857143 0.0
3.43265306122449 0.0
3.43673469387755 0.0
3.44081632653061 5.37395
3.44489795918367 7.67386
3.44897959183673 10.9981
3.4530612244898 8.75533
3.45714285714286 6.04159
3.46122448979592 4.70686
3.46530612244898 3.4219
3.46938775510204 5.992
3.4734693877551 0.960469
3.47755102040816 0.0
3.48163265306122 0.121236
3.48571428571429 1.20831
3.48979591836735 0.432134
3.49387755102041 4.60744
3.49795918367347 2.96038
3.50204081632653 12.1128
3.50612244897959 9.83715
3.51020408163265 10.3334
3.51428571428571 15.6162
3.51836734693878 16.4694
3.52244897959184 18.7691
3.5265306122449 16.6366
3.53061224489796 20.8283
3.53469387755102 26.8593
3.53877551020408 27.2316
3.54285714285714 28.8134
3.5469387755102 27.5283
3.55102040816327 16.609
3.55510204081633 9.47869
3.55918367346939 0.848055
3.56326530612245 0.0
3.56734693877551 0.0
3.57142857142857 0.0
3.57551020408163 0.0
3.57959183673469 0.0
3.58367346938775 0.0
3.58775510204082 0.0
3.59183673469388 0.0
3.59591836734694 0.0
3.6 0.396609
3.60408163265306 7.53009
3.60816326530612 9.98998
3.61224489795918 2.8944
3.61632653061224 0.0554323
3.62040816326531 1.89888
3.62448979591837 2.96247
3.62857142857143 3.10564
3.63265306122449 1.42705
3.63673469387755 0.0
3.64081632653061 0.696421
3.64489795918367 0.0
3.64897959183673 0.0
3.6530612244898 0.0
3.65714285714286 3.75435
3.66122448979592 3.97491
3.66530612244898 0.0
3.66938775510204 0.0
3.6734693877551 0.87893
3.67755102040816 0.0
3.68163265306122 0.0
3.68571428571429 0.0
3.68979591836735 0.0
3.69387755102041 0.0
3.69795918367347 0.0
3.70204081632653 0.0
3.70612244897959 0.0
3.71020408163265 0.0
3.71428571428571 0.0
3.71836734693878 0.0
3.72244897959184 0.299096
3.7265306122449 7.31516
3.73061224489796 7.98208
3.73469387755102 7.12204
3.73877551020408 5.27257
3.74285714285714 2.91055
3.7469387755102 0.0
3.75102040816327 0.0
3.75510204081633 0.0
3.75918367346939 0.0
3.76326530612245 0.0
3.76734693877551 0.0
3.77142857142857 1.74761
3.77551020408163 13.5744
3.77959183673469 17.8036
3.78367346938776 17.1012
3.78775510204082 12.8472
3.79183673469388 13.4438
3.79591836734694 18.2489
3.8 13.6365
3.80408163265306 7.31713
3.80816326530612 0.972033
3.81224489795918 0.0
3.81632653061224 0.0
3.82040816326531 0.0
3.82448979591837 0.0
3.82857142857143 0.0
3.83265306122449 0.0
3.83673469387755 0.793934
3.84081632653061 6.07431
3.84489795918367 4.4837
3.84897959183673 2.32732
3.8530612244898 3.25054
3.85714285714286 1.45876
3.86122448979592 0.0
3.86530612244898 0.0
3.86938775510204 0.0
3.8734693877551 0.0
3.87755102040816 0.0
3.88163265306122 0.0
3.88571428571429 0.0
3.88979591836735 2.32029
3.89387755102041 0.0
3.89795918367347 0.0
3.90204081632653 0.0
3.90612244897959 0.0
3.91020408163265 0.0
3.91428571428571 0.0
3.91836734693878 0.0
3.92244897959184 0.0
3.9265306122449 0.149012
3.93061224489796 0.0946522
3.93469387755102 0.0
3.93877551020408 1.1173
3.94285714285714 2.62594
3.9469387755102 0.584364
3.95102040816327 1.25659
3.95510204081633 0.0
3.95918367346939 0.0
3.96326530612245 0.466466
3.96734693877551 0.595808
3.97142857142857 0.0
3.97551020408163 0.0
3.97959183673469 0.634372
3.98367346938775 0.519395
3.98775510204082 2.78449
3.99183673469388 4.77302
3.99591836734694 3.68536
4.0 3.8076
4.00408163265306 7.301
4.00816326530612 18.7372
4.01224489795918 10.2983
4.01632653061225 11.8239
4.02040816326531 13.6433
4.02448979591837 15.9143
4.02857142857143 8.37618
4.03265306122449 2.46495
4.03673469387755 1.53404
4.04081632653061 2.34145
4.04489795918367 0.834465
4.04897959183673 1.67334
4.0530612244898 5.63478
4.05714285714286 7.74503
4.06122448979592 3.81598
4.06530612244898 0.681937
4.06938775510204 0.0
4.0734693877551 0.0
4.07755102040816 0.0
4.08163265306122 2.86245
4.08571428571429 0.0
4.08979591836735 0.0
4.09387755102041 0.0
4.09795918367347 0.0
4.10204081632653 0.0
4.10612244897959 6.52283
4.11020408163265 10.2563
4.11428571428571 12.3473
4.11836734693878 8.64172
4.12244897959184 2.23553
4.1265306122449 0.0
4.13061224489796 0.0
4.13469387755102 1.10531
4.13877551020408 5.06938
4.14285714285714 4.63116
4.1469387755102 4.15617
4.15102040816326 4.7611
4.15510204081633 5.33175
4.15918367346939 4.79639
4.16326530612245 5.49185
4.16734693877551 0.0
4.17142857142857 3.76409
4.17551020408163 5.36519
4.17959183673469 1.93512
4.18367346938776 0.602126
4.18775510204082 0.0
4.19183673469388 0.0
4.19591836734694 0.0
4.2 0.0
4.20408163265306 0.0
4.20816326530612 1.27417
4.21224489795918 0.401855
4.21632653061225 1.20068
4.22040816326531 0.0
4.22448979591837 0.0932217
4.22857142857143 1.12498
4.23265306122449 6.68001
4.23673469387755 10.0259
4.24081632653061 9.48101
4.24489795918367 4.84896
4.24897959183673 1.76263
4.2530612244898 0.0927448
4.25714285714286 0.0238419
4.26122448979592 9.17965
4.26530612244898 17.2054
4.26938775510204 15.4636
4.2734693877551 25.3982
4.27755102040816 22.4382
4.28163265306122 17.6357
4.28571428571429 14.225
4.28979591836735 0.468969
4.29387755102041 0.0
4.29795918367347 0.0
4.30204081632653 0.0
4.30612244897959 0.0
4.31020408163265 0.0
4.31428571428571 0.0
4.31836734693878 0.0
4.32244897959184 0.0
4.3265306122449 2.39742
4.33061224489796 1.24466
4.33469387755102 0.894725
4.33877551020408 0.0
4.34285714285714 0.0
4.3469387755102 0.0
4.35102040816327 0.0
4.35510204081633 0.0
4.35918367346939 0.0
4.36326530612245 0.0
4.36734693877551 0.0
4.37142857142857 0.0
4.37551020408163 3.08776
4.37959183673469 4.23813
4.38367346938776 8.03888
4.38775510204082 0.819787
4.39183673469388 7.28488
4.39591836734694 4.96531
4.4 7.70736
4.40408163265306 7.31766
4.40816326530612 5.60521
4.41224489795918 4.59323
4.41632653061224 4.35279
4.42040816326531 4.70537
4.42448979591837 6.4292
4.42857142857143 6.62756
4.43265306122449 0.200629
4.43673469387755 2.15781
4.44081632653061 0.355959
4.44489795918367 1.04022
4.44897959183673 0.0908375
4.4530612244898 0.0
4.45714285714286 0.0
4.46122448979592 0.0
4.46530612244898 0.0
4.46938775510204 1.25754
4.4734693877551 3.71444
4.47755102040816 3.45349
4.48163265306122 3.28815
4.48571428571429 0.344872
4.48979591836735 1.38712
4.49387755102041 1.90592
4.49795918367347 2.24817
4.50204081632653 14.4873
4.50612244897959 21.4037
4.51020408163265 30.1462
4.51428571428571 52.6105
4.51836734693878 66.1426
4.52244897959184 64.4792
4.5265306122449 56.9038
4.53061224489796 42.3541
4.53469387755102 31.6544
4.53877551020408 14.2105
4.54285714285714 0.0
4.5469387755102 0.0
4.55102040816327 0.0
4.55510204081633 0.0
4.55918367346939 0.0
4.56326530612245 0.0
4.56734693877551 0.0
4.57142857142857 0.0
4.57551020408163 0.0
4.57959183673469 0.0
4.58367346938776 0.0
4.58775510204082 0.0
4.59183673469388 0.0
4.59591836734694 0.0
4.6 0.0
4.60408163265306 0.0
4.60816326530612 0.0
4.61224489795918 0.0
4.61632653061224 0.0
4.62040816326531 0.0
4.62448979591837 0.0
4.62857142857143 0.0962019
4.63265306122449 0.0
4.63673469387755 0.0
4.64081632653061 0.0
4.64489795918367 0.0
4.64897959183673 0.0
4.6530612244898 0.0
4.65714285714286 0.0
4.66122448979592 0.0
4.66530612244898 0.0
4.66938775510204 0.0
4.6734693877551 0.0
4.67755102040816 0.0
4.68163265306122 0.0
4.68571428571429 1.11341
4.68979591836735 0.0
4.69387755102041 0.0
4.69795918367347 0.0
4.70204081632653 0.0
4.70612244897959 0.0
4.71020408163265 0.0473261
4.71428571428571 0.0
4.71836734693878 0.0
4.72244897959184 0.0
4.7265306122449 0.0
4.73061224489796 0.0
4.73469387755102 0.0
4.73877551020408 0.0
4.74285714285714 1.35398
4.7469387755102 0.0
4.75102040816327 0.0
4.75510204081633 0.0
4.75918367346939 0.0
4.76326530612245 0.0
4.76734693877551 8.39603
4.77142857142857 19.7519
4.77551020408163 24.9798
4.77959183673469 26.8454
4.78367346938775 24.7432
4.78775510204082 32.0728
4.79183673469388 32.8798
4.79591836734694 28.8143
4.8 27.9388
4.80408163265306 30.2806
4.80816326530612 27.8248
4.81224489795918 26.0637
4.81632653061224 14.2648
4.82040816326531 0.0
4.82448979591837 0.526786
4.82857142857143 0.0
4.83265306122449 0.0
4.83673469387755 0.0
4.84081632653061 0.0
4.84489795918367 0.0
4.84897959183674 0.0
4.8530612244898 0.0
4.85714285714286 0.0
4.86122448979592 0.0
4.86530612244898 0.0
4.86938775510204 0.0
4.8734693877551 0.0
4.87755102040816 0.0
4.88163265306122 0.0
4.88571428571429 0.0
4.88979591836735 2.89237
4.89387755102041 6.0699
4.89795918367347 7.12502
4.90204081632653 7.44498
4.90612244897959 11.6409
4.91020408163265 16.397
4.91428571428571 15.7197
4.91836734693878 13.4428
4.92244897959184 8.16545
4.9265306122449 1.33836
4.93061224489796 0.0
4.93469387755102 0.0
4.93877551020408 1.57857
4.94285714285714 0.0
4.9469387755102 0.91213
4.95102040816327 0.0
4.95510204081633 2.36553
4.95918367346939 2.39456
4.96326530612245 5.90575
4.96734693877551 11.3559
4.97142857142857 16.4506
4.97551020408163 13.232
4.97959183673469 15.0914
4.98367346938775 14.8632
4.98775510204082 15.5908
4.99183673469388 14.7313
4.99591836734694 13.2157
5.0 12.2762
5.00408163265306 8.44371
5.00816326530612 3.56555
5.01224489795918 0.591874
5.01632653061225 0.0
5.02040816326531 0.0
5.02448979591837 0.0
5.02857142857143 0.0
5.03265306122449 0.0
5.03673469387755 0.0
5.04081632653061 0.0
5.04489795918367 0.0
5.04897959183673 0.0
5.0530612244898 0.0
5.05714285714286 0.0
5.06122448979592 0.0
5.06530612244898 0.0
5.06938775510204 0.0
5.0734693877551 0.0
5.07755102040816 0.0
5.08163265306122 0.0
5.08571428571429 0.0
5.08979591836735 0.0
5.09387755102041 0.0
5.09795918367347 0.0
5.10204081632653 0.0
5.10612244897959 0.0
5.11020408163265 0.0
5.11428571428571 0.0
5.11836734693878 0.0
5.12244897959184 0.0
5.1265306122449 0.0
5.13061224489796 0.0
5.13469387755102 4.13644
5.13877551020408 12.0829
5.14285714285714 26.3086
5.1469387755102 34.2714
5.15102040816326 35.7381
5.15510204081633 35.7661
5.15918367346939 34.1733
5.16326530612245 41.7013
5.16734693877551 42.5272
5.17142857142857 38.4709
5.17551020408163 33.7896
5.17959183673469 28.85
5.18367346938776 23.1529
5.18775510204082 16.338
5.19183673469388 8.55291
5.19591836734694 10.7757
5.2 4.42058
5.20408163265306 2.09308
5.20816326530612 0.0
5.21224489795918 0.0
5.21632653061225 0.0
5.22040816326531 0.0
5.22448979591837 0.0
5.22857142857143 0.10705
5.23265306122449 8.9016
5.23673469387755 26.382
5.24081632653061 25.9869
5.24489795918367 42.152
5.24897959183673 34.3946
5.2530612244898 21.9443
5.25714285714286 9.87756
5.26122448979592 0.0699759
5.26530612244898 7.653
5.26938775510204 5.22447
5.2734693877551 0.0
5.27755102040816 0.0
5.28163265306122 0.0
5.28571428571429 0.0
5.28979591836735 0.0
5.29387755102041 0.0
5.29795918367347 0.301361
5.30204081632653 0.0
5.30612244897959 0.0
5.31020408163265 0.0
5.31428571428571 0.0
5.31836734693878 0.0
5.32244897959184 0.0
5.3265306122449 0.0
5.33061224489796 7.05677
5.33469387755102 6.51658
5.33877551020408 4.28838
5.34285714285714 4.4376
5.3469387755102 2.40171
5.35102040816327 0.0
5.35510204081633 0.0
5.35918367346939 0.0
5.36326530612245 0.0
5.36734693877551 0.0
5.37142857142857 0.0
5.37551020408163 0.0
5.37959183673469 0.0
5.38367346938776 0.0
5.38775510204082 0.0
5.39183673469388 0.0
5.39591836734694 0.0
5.4 0.0
5.40408163265306 0.0
5.40816326530612 3.36075
5.41224489795918 3.72005
5.41632653061224 4.75669
5.42040816326531 0.0
5.42448979591837 0.284314
5.42857142857143 0.0
5.43265306122449 0.0
5.43673469387755 0.0
5.44081632653061 0.0
5.44489795918367 0.0
5.44897959183673 0.0
5.4530612244898 0.0
5.45714285714286 0.0
5.46122448979592 0.0
5.46530612244898 0.0
5.46938775510204 0.403047
5.4734693877551 1.28341
5.47755102040816 0.0
5.48163265306122 0.0
5.48571428571429 0.0
5.48979591836735 0.0
5.49387755102041 0.0
5.49795918367347 0.0
5.50204081632653 0.0
5.50612244897959 0.0
5.51020408163265 0.0
5.51428571428571 0.0
5.51836734693878 0.0
5.52244897959184 0.0
5.5265306122449 4.31949
5.53061224489796 7.46083
5.53469387755102 7.86465
5.53877551020408 5.30648
5.54285714285714 12.996
5.5469387755102 16.2197
5.55102040816327 19.2065
5.55510204081633 27.2846
5.55918367346939 26.6839
5.56326530612245 24.7954
5.56734693877551 18.3823
5.57142857142857 8.84581
5.57551020408163 1.3957
5.57959183673469 0.0
5.58367346938776 0.0
5.58775510204082 0.443518
5.59183673469388 2.29299
5.59591836734694 2.83134
5.6 5.78386
5.60408163265306 9.12535
5.60816326530612 7.95925
5.61224489795918 5.65714
5.61632653061224 13.5477
5.62040816326531 12.5209
5.62448979591837 16.7439
5.62857142857143 17.75
5.63265306122449 12.2543
5.63673469387755 5.56481
5.64081632653061 3.35771
5.64489795918367 0.0
5.64897959183673 2.27833
5.6530612244898 2.27952
5.65714285714286 1.07458
5.66122448979592 2.79367
5.66530612244898 2.57313
5.66938775510204 0.0
5.6734693877551 1.42229
5.67755102040816 2.66922
5.68163265306122 3.28648
5.68571428571429 2.2494
5.68979591836735 0.114202
5.69387755102041 0.0
5.69795918367347 0.0
5.70204081632653 0.0
5.70612244897959 0.0
5.71020408163265 4.62389
5.71428571428571 3.74997
5.71836734693878 4.3236
5.72244897959184 5.03385
5.7265306122449 4.43679
5.73061224489796 6.08325
5.73469387755102 4.62031
5.73877551020408 8.73458
5.74285714285714 8.34095
5.7469387755102 6.48141
5.75102040816327 0.0
5.75510204081633 0.0
5.75918367346939 0.0
5.76326530612245 0.0
5.76734693877551 0.0
5.77142857142857 0.0
5.77551020408163 0.0
5.77959183673469 0.0
5.78367346938775 0.0
5.78775510204082 0.0
5.79183673469388 0.855774
5.79591836734694 4.05109
5.8 3.00485
5.80408163265306 0.0
5.80816326530612 0.135064
5.81224489795918 3.49021
5.81632653061224 4.95011
5.82040816326531 6.26445
5.82448979591837 3.23576
5.82857142857143 3.91966
5.83265306122449 0.680089
5.83673469387755 0.0
5.84081632653061 1.43325
5.84489795918367 1.7308
5.84897959183674 4.80497
5.8530612244898 3.6006
5.85714285714286 7.35635
5.86122448979592 9.73642
5.86530612244898 7.98774
5.86938775510204 4.6258
5.8734693877551 8.56227
5.87755102040816 7.0911
5.88163265306122 5.45877
5.88571428571429 4.15409
5.88979591836735 2.81304
5.89387755102041 1.36566
5.89795918367347 1.68735
5.90204081632653 2.31451
5.90612244897959 4.53675
5.91020408163265 4.2848
5.91428571428571 1.15234
5.91836734693878 2.10384
5.92244897959184 5.88596
5.9265306122449 4.39799
5.93061224489796 3.18444
5.93469387755102 0.929475
5.93877551020408 0.714302
5.94285714285714 0.0
5.9469387755102 1.24812
5.95102040816327 0.0
5.95510204081633 0.0
5.95918367346939 1.85931
5.96326530612245 5.94068
5.96734693877551 9.66191
5.97142857142857 15.6169
5.97551020408163 26.8016
5.97959183673469 33.1222
5.98367346938775 33.017
5.98775510204082 29.0978
5.99183673469388 27.8275
5.99591836734694 20.0047
6.0 8.16059
6.00408163265306 0.465751
6.00816326530612 0.0
6.01224489795918 0.0
6.01632653061225 0.0
6.02040816326531 0.0
6.02448979591837 0.0
6.02857142857143 0.0
6.03265306122449 0.0
6.03673469387755 0.0
6.04081632653061 0.0
6.04489795918367 7.59935
6.04897959183673 10.5875
6.0530612244898 5.74499
6.05714285714286 3.26282
6.06122448979592 1.5524
6.06530612244898 1.30826
6.06938775510204 0.110626
6.0734693877551 0.0
6.07755102040816 0.0
6.08163265306122 0.0
6.08571428571429 0.0
6.08979591836735 0.0
6.09387755102041 0.0
6.09795918367347 0.0
6.10204081632653 0.0
6.10612244897959 0.0
6.11020408163265 0.0
6.11428571428571 0.0
6.11836734693878 0.0
6.12244897959184 0.383854
6.1265306122449 3.04979
6.13061224489796 6.39731
6.13469387755102 2.52271
6.13877551020408 1.33193
6.14285714285714 0.0
6.1469387755102 0.0
6.15102040816326 0.0
6.15510204081633 0.0
6.15918367346939 0.0
6.16326530612245 1.5893
6.16734693877551 5.63383
6.17142857142857 3.56889
6.17551020408163 4.58097
6.17959183673469 0.0
6.18367346938776 0.0
6.18775510204082 0.0
6.19183673469388 0.0
6.19591836734694 0.0
6.2 0.0
6.20408163265306 0.0
6.20816326530612 0.840664
6.21224489795918 4.4719
6.21632653061225 4.46558
6.22040816326531 4.0704
6.22448979591837 8.74472
6.22857142857143 11.7425
6.23265306122449 16.773
6.23673469387755 14.2547
6.24081632653061 15.066
6.24489795918367 9.70709
6.24897959183673 12.8986
6.2530612244898 12.924
6.25714285714286 11.7407
6.26122448979592 13.4924
6.26530612244898 17.2005
6.26938775510204 15.2838
6.2734693877551 8.68291
6.27755102040816 1.26147
6.28163265306122 0.0
6.28571428571429 0.0
6.28979591836735 0.0
6.29387755102041 0.0
6.29795918367347 0.0
6.30204081632653 0.0
6.30612244897959 0.0
6.31020408163265 0.0
6.31428571428571 0.0
6.31836734693878 0.0
6.32244897959184 0.0
6.3265306122449 1.56498
6.33061224489796 7.1156
6.33469387755102 8.61324
6.33877551020408 5.4127
6.34285714285714 6.37293
6.3469387755102 8.89015
6.35102040816327 10.975
6.35510204081633 14.0201
6.35918367346939 16.8943
6.36326530612245 14.4739
6.36734693877551 12.3215
6.37142857142857 7.69567
6.37551020408163 11.5692
6.37959183673469 8.79449
6.38367346938776 0.0
6.38775510204082 0.0
6.39183673469388 0.0
6.39591836734694 0.0
6.4 0.510693
6.40408163265306 0.309467
6.40816326530612 0.0469685
6.41224489795918 0.339866
6.41632653061224 0.0
6.42040816326531 0.0
6.42448979591837 0.0
6.42857142857143 0.0
6.43265306122449 0.0
6.43673469387755 0.0
6.44081632653061 0.0
6.44489795918367 0.341892
6.44897959183673 0.0
6.4530612244898 0.0
6.45714285714286 0.0
6.46122448979592 0.0
6.46530612244898 0.0
6.46938775510204 0.0
6.4734693877551 0.0
6.47755102040816 0.0
6.48163265306122 0.0
6.48571428571429 0.0
6.48979591836735 0.0
6.49387755102041 0.0
6.49795918367347 0.0
6.50204081632653 0.0
6.50612244897959 0.0
6.51020408163265 2.18332
6.51428571428571 0.848174
6.51836734693878 3.07238
6.52244897959184 2.22111
6.5265306122449 0.605345
6.53061224489796 0.0
6.53469387755102 0.0
6.53877551020408 0.0
6.54285714285714 0.0
6.5469387755102 0.0
6.55102040816327 0.0
6.55510204081633 0.0
6.55918367346939 0.0
6.56326530612245 0.0
6.56734693877551 0.0
6.57142857142857 0.0
6.57551020408163 0.0
6.57959183673469 0.0756383
6.58367346938776 0.223339
6.58775510204082 0.731468
6.59183673469388 0.653386
6.59591836734694 0.0
6.6 0.0
6.60408163265306 0.0545382
6.60816326530612 0.0
6.61224489795918 0.532508
6.61632653061224 0.750244
6.62040816326531 1.13904
6.62448979591837 0.0
6.62857142857143 2.94435
6.63265306122449 5.90348
6.63673469387755 15.2099
6.64081632653061 11.0671
6.64489795918367 9.5253
6.64897959183673 3.3589
6.6530612244898 0.0
6.65714285714286 0.0
6.66122448979592 0.0
6.66530612244898 0.0
6.66938775510204 0.0
6.6734693877551 0.0
6.67755102040816 9.28211
6.68163265306122 6.7609
6.68571428571429 14.2053
6.68979591836735 1.24145
6.69387755102041 3.71522
6.69795918367347 14.5989
6.70204081632653 20.6362
6.70612244897959 20.5981
6.71020408163265 25.915
6.71428571428571 25.077
6.71836734693878 38.4044
6.72244897959184 37.7779
6.7265306122449 27.8018
6.73061224489796 23.7309
6.73469387755102 13.3423
6.73877551020408 0.0
6.74285714285714 0.0
6.7469387755102 1.01614
6.75102040816327 14.4686
6.75510204081633 28.6453
6.75918367346939 22.4329
6.76326530612245 14.913
6.76734693877551 8.4306
6.77142857142857 0.717282
6.77551020408163 2.48432
6.77959183673469 7.75677
6.78367346938775 9.37951
6.78775510204082 6.16708
6.79183673469388 0.0
6.79591836734694 0.0
6.8 3.98195
6.80408163265306 4.64058
6.80816326530612 1.9635
6.81224489795918 7.59631
6.81632653061224 2.27007
6.82040816326531 0.883967
6.82448979591837 0.0
6.82857142857143 0.0
6.83265306122449 0.0
6.83673469387755 0.0
6.84081632653061 0.0
6.84489795918367 0.0
6.84897959183674 0.198483
6.8530612244898 1.70815
6.85714285714286 0.470519
6.86122448979592 0.0
6.86530612244898 1.76632
6.86938775510204 2.36943
6.8734693877551 2.49088
6.87755102040816 0.492632
6.88163265306122 0.803351
6.88571428571429 0.0
6.88979591836735 0.0
6.89387755102041 0.0
6.89795918367347 0.0
6.90204081632653 0.0
6.90612244897959 0.0
6.91020408163265 5.18966
6.91428571428571 6.66869
6.91836734693878 4.45127
6.92244897959184 9.29546
6.9265306122449 7.61116
6.93061224489796 9.31144
6.93469387755102 8.91709
6.93877551020408 12.0816
6.94285714285714 11.9171
6.9469387755102 12.0045
6.95102040816327 10.2518
6.95510204081633 5.19431
6.95918367346939 1.22142
6.96326530612245 2.56634
6.96734693877551 3.93796
6.97142857142857 2.22635
6.97551020408163 0.0
6.97959183673469 0.0
6.98367346938775 1.84715
6.98775510204082 0.103116
6.99183673469388 0.0
6.99591836734694 0.491977
7.0 7.40302
7.00408163265306 6.88982
7.00816326530612 9.72837
7.01224489795918 1.97768
7.01632653061225 1.94669
7.02040816326531 0.0
7.02448979591837 1.34265
7.02857142857143 0.0
7.03265306122449 0.0
7.03673469387755 0.0
7.04081632653061 1.09839
7.04489795918367 2.2682
7.04897959183673 4.32789
7.0530612244898 8.97682
7.05714285714286 4.22156
7.06122448979592 4.49729
7.06530612244898 1.30391
7.06938775510204 3.91555
7.0734693877551 4.20845
7.07755102040816 6.87927
7.08163265306122 4.26745
7.08571428571429 6.20246
7.08979591836735 4.62091
7.09387755102041 4.43888
7.09795918367347 3.44121
7.10204081632653 0.0
7.10612244897959 0.0
7.11020408163265 0.0
7.11428571428571 0.0
7.11836734693878 0.0
7.12244897959184 0.0
7.1265306122449 0.0
7.13061224489796 0.0
7.13469387755102 0.0
7.13877551020408 0.0
7.14285714285714 0.0
7.1469387755102 0.0
7.15102040816326 0.551581
7.15510204081633 0.0
7.15918367346939 1.54746
7.16326530612245 0.0
7.16734693877551 0.373602
7.17142857142857 5.20451
7.17551020408163 4.09737
7.17959183673469 5.03159
7.18367346938776 15.9637
7.18775510204082 25.3054
7.19183673469388 19.1392
7.19591836734694 26.0501
7.2 18.1085
7.20408163265306 9.74894
7.20816326530612 5.02384
7.21224489795918 8.24738
7.21632653061225 16.2431
7.22040816326531 9.34315
7.22448979591837 6.75544
7.22857142857143 1.45435
7.23265306122449 2.54339
7.23673469387755 3.29888
7.24081632653061 5.92053
7.24489795918367 9.46367
7.24897959183673 6.23155
7.2530612244898 5.39017
7.25714285714286 0.0
7.26122448979592 0.0
7.26530612244898 0.0
7.26938775510204 0.0
7.2734693877551 0.0
7.27755102040816 0.0
7.28163265306122 5.07104
7.28571428571429 4.84949
7.28979591836735 10.5536
7.29387755102041 12.1816
7.29795918367347 15.2078
7.30204081632653 9.80949
7.30612244897959 2.02608
7.31020408163265 0.0
7.31428571428571 0.0
7.31836734693878 0.0
7.32244897959184 0.0
7.3265306122449 0.0
7.33061224489796 0.0
7.33469387755102 0.0
7.33877551020408 0.0
7.34285714285714 0.0
7.3469387755102 0.0
7.35102040816327 0.0
7.35510204081633 0.0
7.35918367346939 0.0
7.36326530612245 0.0
7.36734693877551 0.0
7.37142857142857 0.0
7.37551020408163 0.0
7.37959183673469 0.0
7.38367346938776 0.0
7.38775510204082 0.0
7.39183673469388 0.0
7.39591836734694 0.0
7.4 0.0
7.40408163265306 0.0
7.40816326530612 0.421643
7.41224489795918 6.20687
7.41632653061224 7.23428
7.42040816326531 10.6542
7.42448979591837 8.00103
7.42857142857143 19.5369
7.43265306122449 22.0554
7.43673469387755 22.8372
7.44081632653061 36.6585
7.44489795918367 49.9969
7.44897959183673 64.538
7.4530612244898 73.0397
7.45714285714286 73.5617
7.46122448979592 68.0195
7.46530612244898 61.0505
7.46938775510204 51.9397
7.4734693877551 37.0635
7.47755102040816 17.0786
7.48163265306122 0.565886
7.48571428571429 0.0
7.48979591836735 0.0
7.49387755102041 0.0
7.49795918367347 0.0
7.50204081632653 0.0
7.50612244897959 0.0
7.51020408163265 0.0
7.51428571428571 0.0
7.51836734693878 0.0
7.52244897959184 0.0
7.5265306122449 0.0
7.53061224489796 0.0
7.53469387755102 0.0
7.53877551020408 0.0
7.54285714285714 0.0
7.5469387755102 0.0
7.55102040816327 0.0
7.55510204081633 0.0
7.55918367346939 0.0
7.56326530612245 0.0
7.56734693877551 0.0
7.57142857142857 0.0
7.57551020408163 0.0
7.57959183673469 0.0
7.58367346938776 0.0
7.58775510204082 0.0
7.59183673469388 0.0
7.59591836734694 0.0
7.6 0.0
7.60408163265306 0.0
7.60816326530612 0.0
7.61224489795918 0.0
7.61632653061224 0.294268
7.62040816326531 0.0
7.62448979591837 0.0
7.62857142857143 3.3102
7.63265306122449 6.29759
7.63673469387755 4.24415
7.64081632653061 2.49279
7.64489795918367 0.0
7.64897959183673 0.0
7.6530612244898 0.0
7.65714285714286 0.0
7.66122448979592 0.0
7.66530612244898 0.35727
7.66938775510204 0.351071
7.6734693877551 2.0532
7.67755102040816 0.634477
7.68163265306122 2.89011
7.68571428571429 0.710607
7.68979591836735 0.321925
7.69387755102041 6.81859
7.69795918367347 13.0708
7.70204081632653 17.5455
7.70612244897959 17.7411
7.71020408163265 16.6677
7.71428571428571 25.702
7.71836734693878 29.4093
7.72244897959184 37.6991
7.7265306122449 40.1202
7.73061224489796 43.6732
7.73469387755102 49.9582
7.73877551020408 55.2778
7.74285714285714 56.7999
7.7469387755102 50.7375
7.75102040816327 40.3188
7.75510204081633 30.2496
7.75918367346939 11.5142
7.76326530612245 7.11501
7.76734693877551 1.7457
7.77142857142857 0.0
7.77551020408163 0.0
7.77959183673469 0.0
7.78367346938775 0.0
7.78775510204082 0.0
7.79183673469388 0.0
7.79591836734694 0.0
7.8 0.0
7.80408163265306 0.0
7.80816326530612 0.0
7.81224489795918 0.0
7.81632653061224 0.0
7.82040816326531 0.0
7.82448979591837 0.0
7.82857142857143 0.0
7.83265306122449 0.0
7.83673469387755 0.0
7.84081632653061 0.0
7.84489795918367 0.455022
7.84897959183674 0.545979
7.8530612244898 1.21868
7.85714285714286 5.5486
7.86122448979592 6.64556
7.86530612244898 5.81741
7.86938775510204 3.5218
7.8734693877551 2.4761
7.87755102040816 1.02961
7.88163265306122 0.751734
7.88571428571429 0.0
7.88979591836735 0.0
7.89387755102041 0.0
7.89795918367347 0.0
7.90204081632653 0.0
7.90612244897959 0.0
7.91020408163265 2.13754
7.91428571428571 0.883579
7.91836734693878 6.56888
7.92244897959184 8.38852
7.9265306122449 9.08875
7.93061224489796 8.11982
7.93469387755102 10.6428
7.93877551020408 12.2528
7.94285714285714 13.7039
7.9469387755102 13.0719
7.95102040816327 8.32158
7.95510204081633 5.00864
7.95918367346939 0.0
7.96326530612245 0.0
7.96734693877551 0.0
7.97142857142857 0.0
7.97551020408163 0.0
7.97959183673469 0.0
7.98367346938775 0.0
7.98775510204082 0.0
7.99183673469388 0.0
7.99591836734694 0.0
8.0 0.0
8.00408163265306 0.0
8.00816326530612 12.5529
8.01224489795918 17.3478
8.01632653061225 18.0486
8.02040816326531 21.6924
8.02448979591837 11.3524
8.02857142857143 5.81181
8.03265306122449 7.15292
8.03673469387755 8.33988
8.04081632653061 7.29573
8.04489795918367 4.93222
8.04897959183674 0.502586
8.0530612244898 0.0
8.05714285714286 0.404596
8.06122448979592 1.40345
8.06530612244898 1.58632
8.06938775510204 0.690222
8.0734693877551 0.679016
8.07755102040816 0.0
8.08163265306122 3.30353
8.08571428571429 0.0
8.08979591836735 0.0
8.09387755102041 0.0
8.09795918367347 0.0
8.10204081632653 0.0
8.10612244897959 0.9377
8.11020408163265 0.0
8.11428571428571 1.82283
8.11836734693878 2.45357
8.12244897959184 1.00815
8.1265306122449 0.0
8.13061224489796 0.0
8.13469387755102 0.0
8.13877551020408 0.0
8.14285714285714 0.0
8.1469387755102 0.0
8.15102040816327 0.0
8.15510204081633 0.0
8.15918367346939 0.0
8.16326530612245 1.9635
8.16734693877551 9.95922
8.17142857142857 3.57139
8.17551020408163 11.8906
8.17959183673469 23.7839
8.18367346938776 39.2576
8.18775510204082 58.6193
8.19183673469388 59.8906
8.19591836734694 56.0569
8.2 48.692
8.20408163265306 40.608
8.20816326530612 31.3437
8.21224489795918 22.9748
8.21632653061224 10.1796
8.22040816326531 2.25133
8.22448979591837 0.0
8.22857142857143 0.0
8.23265306122449 0.0
8.23673469387755 0.0
8.24081632653061 0.0
8.24489795918367 0.0
8.24897959183673 0.0
8.2530612244898 0.118911
8.25714285714286 3.66628
8.26122448979592 4.58694
8.26530612244898 4.47983
8.26938775510204 8.83734
8.2734693877551 5.37992
8.27755102040816 7.70515
8.28163265306122 6.7091
8.28571428571429 4.74548
8.28979591836735 7.46572
8.29387755102041 10.0896
8.29795918367347 11.2611
8.30204081632653 12.1531
8.30612244897959 11.6338
8.31020408163265 9.37122
8.31428571428571 3.66759
8.31836734693877 4.12452
8.32244897959184 6.95872
8.3265306122449 6.85883
8.33061224489796 4.6699
8.33469387755102 2.83206
8.33877551020408 1.39666
8.34285714285714 0.976205
8.3469387755102 0.262022
8.35102040816327 0.0
8.35510204081633 0.0
8.35918367346939 2.38231
8.36326530612245 1.68657
8.36734693877551 7.25698
8.37142857142857 11.0745
8.37551020408163 16.7603
8.37959183673469 16.3522
8.38367346938776 21.1198
8.38775510204082 21.3739
8.39183673469388 21.5712
8.39591836734694 18.0848
8.4 13.4997
8.40408163265306 7.98559
8.40816326530612 2.68269
8.41224489795918 1.51169
8.41632653061225 0.0
8.42040816326531 0.489235
8.42448979591837 0.0
8.42857142857143 0.0
8.43265306122449 0.0940561
8.43673469387755 1.10519
8.44081632653061 2.16883
8.44489795918367 6.0885
8.44897959183673 7.59953
8.4530612244898 9.90587
8.45714285714286 4.44469
8.46122448979592 0.0
8.46530612244898 0.0
8.46938775510204 0.0
8.4734693877551 0.0
8.47755102040816 0.0
8.48163265306122 0.0
8.48571428571429 0.0
8.48979591836735 0.0
8.49387755102041 0.0
8.49795918367347 0.0
8.50204081632653 0.0
8.50612244897959 1.51801
8.51020408163265 0.0156164
8.51428571428571 3.0185
8.51836734693878 2.77877
8.52244897959184 0.0
8.5265306122449 0.0
8.53061224489796 0.0
8.53469387755102 1.55008
8.53877551020408 0.450552
8.54285714285714 2.92134
8.5469387755102 5.81777
8.55102040816327 10.9158
8.55510204081633 9.65112
8.55918367346939 11.0697
8.56326530612245 3.19588
8.56734693877551 3.04878
8.57142857142857 0.156164
8.57551020408163 0.0
8.57959183673469 3.68309
8.58367346938775 10.1561
8.58775510204082 7.90954
8.59183673469388 6.90961
8.59591836734694 5.1291
8.6 4.70555
8.60408163265306 9.28056
8.60816326530612 3.23939
8.61224489795918 4.7152
8.61632653061224 4.96483
8.62040816326531 0.395894
8.62448979591837 0.0
8.62857142857143 0.0
8.63265306122449 0.0
8.63673469387755 2.24221
8.64081632653061 0.0
8.64489795918367 0.0
8.64897959183673 0.0
8.6530612244898 0.0
8.65714285714286 2.30241
8.66122448979592 13.95
8.66530612244898 29.0058
8.66938775510204 24.4018
8.6734693877551 24.2908
8.67755102040816 19.6401
8.68163265306123 16.7264
8.68571428571429 15.3832
8.68979591836735 13.7532
8.69387755102041 6.58453
8.69795918367347 0.637531
8.70204081632653 0.0
8.70612244897959 0.0
8.71020408163265 0.0
8.71428571428571 0.0
8.71836734693878 1.13916
8.72244897959184 0.242472
8.7265306122449 0.548244
8.73061224489796 0.0
8.73469387755102 0.0
8.73877551020408 0.0
8.74285714285714 0.0
8.7469387755102 0.0
8.75102040816327 0.0
8.75510204081633 0.0
8.75918367346939 0.0
8.76326530612245 0.0
8.76734693877551 3.74377
8.77142857142857 4.80717
8.77551020408163 3.29107
8.77959183673469 0.794053
8.78367346938776 0.862122
8.78775510204082 0.0
8.79183673469388 0.0
8.79591836734694 0.0
8.8 0.0
8.80408163265306 0.0
8.80816326530612 0.0
8.81224489795918 0.0
8.81632653061224 0.0
8.82040816326531 0.0
8.82448979591837 0.0
8.82857142857143 0.0
8.83265306122449 2.10285
8.83673469387755 4.99892
8.84081632653061 3.76976
8.84489795918367 6.13022
8.84897959183673 10.1124
8.8530612244898 2.81668
8.85714285714286 3.26645
8.86122448979592 3.92187
8.86530612244898 8.53181
8.86938775510204 3.58462
8.8734693877551 3.98755
8.87755102040816 1.35541
8.88163265306122 4.92764
8.88571428571429 0.0
8.88979591836735 0.0
8.89387755102041 0.0
8.89795918367347 1.96433
8.90204081632653 3.49998
8.90612244897959 6.68538
8.91020408163265 2.87855
8.91428571428571 14.9962
8.91836734693878 30.0951
8.92244897959184 36.3899
8.9265306122449 35.0912
8.93061224489796 37.7496
8.93469387755102 29.3047
8.93877551020408 17.2573
8.94285714285714 6.15764
8.9469387755102 0.0
8.95102040816326 0.0
8.95510204081633 0.0
8.95918367346939 0.0
8.96326530612245 0.0
8.96734693877551 0.0
8.97142857142857 0.0
8.97551020408163 0.671923
8.97959183673469 0.0
8.98367346938775 2.3278
8.98775510204082 3.36939
8.99183673469388 0.0
8.99591836734694 0.0
9.0 0.0
9.00408163265306 0.0
9.00816326530612 0.0
9.01224489795918 0.0
9.01632653061225 0.0
9.02040816326531 0.0
9.02448979591837 4.65864
9.02857142857143 12.2718
9.03265306122449 10.3152
9.03673469387755 9.9808
9.04081632653061 8.74078
9.04489795918367 6.31785
9.04897959183674 0.0
9.0530612244898 0.0
9.05714285714286 0.0
9.06122448979592 0.0
9.06530612244898 0.0
9.06938775510204 0.0
9.0734693877551 0.0
9.07755102040816 0.0
9.08163265306122 2.80046
9.08571428571429 0.0
9.08979591836735 0.153184
9.09387755102041 0.0
9.09795918367347 0.0
9.10204081632653 0.0
9.10612244897959 0.0
9.11020408163265 0.0
9.11428571428571 0.0
9.11836734693878 0.0
9.12244897959184 0.0
9.1265306122449 0.0
9.13061224489796 0.0
9.13469387755102 0.0
9.13877551020408 0.0
9.14285714285714 0.436544
9.1469387755102 1.81669
9.15102040816327 0.0
9.15510204081633 0.0
9.15918367346939 0.164509
9.16326530612245 1.74004
9.16734693877551 0.668526
9.17142857142857 2.21467
9.17551020408163 1.17898
9.17959183673469 4.29142
9.18367346938776 4.20296
9.18775510204082 0.897765
9.19183673469388 4.7965
9.19591836734694 3.91042
9.2 2.31963
9.20408163265306 0.0
9.20816326530612 0.0
9.21224489795918 0.0
9.21632653061224 0.0
9.22040816326531 0.0
9.22448979591837 0.0
9.22857142857143 0.0
9.23265306122449 0.0
9.23673469387755 0.0
9.24081632653061 0.0
9.24489795918367 0.0
9.24897959183673 0.0
9.2530612244898 0.0
9.25714285714286 0.0
9.26122448979592 0.0
9.26530612244898 0.0
9.26938775510204 0.0
9.2734693877551 1.61751
9.27755102040816 4.17114
9.28163265306122 3.59166
9.28571428571429 10.4731
9.28979591836735 15.3785
9.29387755102041 10.7521
9.29795918367347 10.0559
9.30204081632653 10.0443
9.30612244897959 16.5926
9.31020408163265 14.0701
9.31428571428571 6.2266
9.31836734693877 5.57226
9.32244897959184 14.1596
9.3265306122449 1.8667
9.33061224489796 2.50173
9.33469387755102 8.36289
9.33877551020408 9.07254
9.34285714285714 9.14943
9.3469387755102 3.6763
9.35102040816327 2.66129
9.35510204081633 2.08485
9.35918367346939 0.195503
9.36326530612245 0.0
9.36734693877551 0.0
9.37142857142857 0.0
9.37551020408163 12.2659
9.37959183673469 9.77075
9.38367346938776 4.34256
9.38775510204082 7.34484
9.39183673469388 1.04797
9.39591836734694 0.0
9.4 0.0
9.40408163265306 0.0
9.40816326530612 0.0
9.41224489795918 2.89011
9.41632653061225 3.77852
9.42040816326531 0.0
9.42448979591837 0.948191
9.42857142857143 0.0
9.43265306122449 13.3082
9.43673469387755 13.5548
9.44081632653061 15.555
9.44489795918367 16.2572
9.44897959183673 14.438
9.4530612244898 9.52935
9.45714285714286 4.68904
9.46122448979592 1.80101
9.46530612244898 1.54793
9.46938775510204 0.0
9.4734693877551 0.0
9.47755102040816 0.0
9.48163265306122 0.0
9.48571428571429 0.0
9.48979591836735 0.0
9.49387755102041 0.0
9.49795918367347 0.0
9.50204081632653 0.0
9.50612244897959 0.0
9.51020408163265 0.0
9.51428571428571 0.0
9.51836734693878 0.0
9.52244897959184 0.0
9.5265306122449 3.68679
9.53061224489796 0.787973
9.53469387755102 0.0
9.53877551020408 2.40833
9.54285714285714 6.37925
9.5469387755102 7.15673
9.55102040816327 11.108
9.55510204081633 15.9863
9.55918367346939 14.7969
9.56326530612245 16.7115
9.56734693877551 11.4932
9.57142857142857 9.58407
9.57551020408163 4.99141
9.57959183673469 4.41527
9.58367346938775 0.0
9.58775510204082 0.0
9.59183673469388 0.0
9.59591836734694 0.969172
9.6 3.08162
9.60408163265306 0.686049
9.60816326530612 0.14019
9.61224489795918 0.0
9.61632653061224 0.0
9.62040816326531 0.0
9.62448979591837 0.0
9.62857142857143 4.0794
9.63265306122449 9.84436
9.63673469387755 8.12578
9.64081632653061 14.9775
9.64489795918367 12.0931
9.64897959183673 23.016
9.6530612244898 25.6814
9.65714285714286 17.7639
9.66122448979592 8.72523
9.66530612244898 0.0
9.66938775510204 0.0
9.6734693877551 0.0
9.67755102040816 0.0
9.68163265306123 0.0
9.68571428571429 0.0
9.68979591836735 0.0
9.69387755102041 0.0
9.69795918367347 0.0
9.70204081632653 0.0
9.70612244897959 0.0
9.71020408163265 0.0
9.71428571428571 0.0
9.71836734693878 0.0
9.72244897959184 1.9623
9.7265306122449 9.73797
9.73061224489796 13.4922
9.73469387755102 3.5069
9.73877551020408 1.683
9.74285714285714 0.0
9.7469387755102 0.0
9.75102040816327 0.0
9.75510204081633 0.0
9.75918367346939 0.0
9.76326530612245 0.0
9.76734693877551 0.0
9.77142857142857 1.05828
9.77551020408163 1.76597
9.77959183673469 2.13093
9.78367346938776 5.37252
9.78775510204082 8.60441
9.79183673469388 7.30705
9.79591836734694 10.0768
9.8 6.71804
9.80408163265306 5.0028
9.80816326530612 2.86919
9.81224489795918 2.34258
9.81632653061224 2.78699
9.82040816326531 0.0
9.82448979591837 0.692487
9.82857142857143 3.03304
9.83265306122449 4.06134
9.83673469387755 5.01782
9.84081632653061 5.37747
9.84489795918367 3.14122
9.84897959183673 1.12283
9.8530612244898 0.0
9.85714285714286 0.0
9.86122448979592 0.0
9.86530612244898 0.0
9.86938775510204 0.0
9.8734693877551 0.0
9.87755102040816 0.0818968
9.88163265306122 1.5986
9.88571428571429 1.49155
9.88979591836735 0.984788
9.89387755102041 0.0
9.89795918367347 4.2187
9.90204081632653 4.78315
9.90612244897959 11.1445
9.91020408163265 19.6484
9.91428571428571 25.5013
9.91836734693878 23.4043
9.92244897959184 18.9353
9.9265306122449 20.7745
9.93061224489796 18.7968
9.93469387755102 16.3946
9.93877551020408 15.7255
9.94285714285714 12.6623
9.9469387755102 10.3549
9.95102040816326 3.12483
9.95510204081633 0.0
9.95918367346939 0.0
9.96326530612245 0.0
9.96734693877551 0.0
9.97142857142857 0.0
9.97551020408163 0.0
9.97959183673469 0.0
9.98367346938775 0.0
9.98775510204082 0.0
9.99183673469388 0.0
9.99591836734694 0.0
10.0 0.948429
10.0040816326531 0.790715
10.0081632653061 0.445843
10.0122448979592 0.0
10.0163265306122 0.0
10.0204081632653 0.351608
10.0244897959184 0.0
10.0285714285714 7.05838
10.0326530612245 6.00588
10.0367346938776 4.66669
10.0408163265306 4.22084
10.0448979591837 7.64716
10.0489795918367 7.67863
10.0530612244898 10.7861
10.0571428571429 12.6939
10.0612244897959 12.2521
10.065306122449 11.6149
10.069387755102 7.94888
10.0734693877551 5.52106
10.0775510204082 0.0
10.0816326530612 0.0
10.0857142857143 0.0
10.0897959183673 0.0241995
10.0938775510204 3.40956
10.0979591836735 2.19071
10.1020408163265 0.0
10.1061224489796 0.0
10.1102040816327 0.385642
10.1142857142857 8.43403
10.1183673469388 7.31134
10.1224489795918 6.22749
10.1265306122449 9.0369
10.130612244898 17.3582
10.134693877551 23.9096
10.1387755102041 27.9245
10.1428571428571 25.6096
10.1469387755102 19.8795
10.1510204081633 20.1395
10.1551020408163 12.303
10.1591836734694 3.02017
10.1632653061224 0.0
10.1673469387755 0.0
10.1714285714286 0.0
10.1755102040816 0.0
10.1795918367347 0.0
10.1836734693878 0.0
10.1877551020408 0.0
10.1918367346939 0.0
10.1959183673469 0.0
10.2 0.0
10.2040816326531 0.0
10.2081632653061 0.0
10.2122448979592 0.0
10.2163265306122 1.35124
10.2204081632653 5.56636
10.2244897959184 9.29227
10.2285714285714 5.80168
10.2326530612245 7.72655
10.2367346938776 2.73705
10.2408163265306 0.955224
10.2448979591837 0.0
10.2489795918367 0.0
10.2530612244898 0.0
10.2571428571429 0.0
10.2612244897959 0.0
10.265306122449 0.0885725
10.269387755102 0.0
10.2734693877551 0.413418
10.2775510204082 0.379682
10.2816326530612 0.0
10.2857142857143 0.0
10.2897959183673 0.0
10.2938775510204 0.0
10.2979591836735 0.0
10.3020408163265 0.0
10.3061224489796 0.617266
10.3102040816327 0.0
10.3142857142857 1.86282
10.3183673469388 4.20138
10.3224489795918 4.08569
10.3265306122449 3.9627
10.330612244898 4.27529
10.334693877551 8.03673
10.3387755102041 9.91768
10.3428571428571 6.32131
10.3469387755102 7.92095
10.3510204081633 8.04067
10.3551020408163 9.26638
10.3591836734694 7.02482
10.3632653061224 5.20653
10.3673469387755 7.11709
10.3714285714286 20.4976
10.3755102040816 29.0847
10.3795918367347 36.6662
10.3836734693878 43.741
10.3877551020408 45.5377
10.3918367346939 46.7532
10.3959183673469 45.9102
10.4 37.7224
10.4040816326531 26.4555
10.4081632653061 12.3779
10.4122448979592 0.0
10.4163265306122 0.0
10.4204081632653 0.0
10.4244897959184 0.0
10.4285714285714 0.0
10.4326530612245 0.0
10.4367346938776 0.0
10.4408163265306 0.0
10.4448979591837 0.0
10.4489795918367 0.0
10.4530612244898 0.0457764
10.4571428571429 3.69751
10.4612244897959 12.6244
10.465306122449 3.25423
10.469387755102 3.21227
10.4734693877551 3.70198
10.4775510204082 0.0
10.4816326530612 0.0
10.4857142857143 0.0
10.4897959183673 0.0
10.4938775510204 0.0
10.4979591836735 5.87004
10.5020408163265 0.0
10.5061224489796 1.09744
10.5102040816327 3.55446
10.5142857142857 7.16579
10.5183673469388 1.63484
10.5224489795918 3.25322
10.5265306122449 1.19352
10.530612244898 0.541806
10.534693877551 5.40173
10.5387755102041 3.27146
10.5428571428571 0.433147
10.5469387755102 5.99861
10.5510204081633 2.55919
10.5551020408163 2.89333
10.5591836734694 0.0
10.5632653061224 0.0
10.5673469387755 0.0
10.5714285714286 2.37632
10.5755102040816 1.58334
10.5795918367347 1.85573
10.5836734693878 0.0
10.5877551020408 0.0
10.5918367346939 0.0
10.5959183673469 0.0
10.6 0.0
10.6040816326531 0.0
10.6081632653061 2.13635
10.6122448979592 4.78613
10.6163265306122 10.287
10.6204081632653 9.05466
10.6244897959184 11.9355
10.6285714285714 11.3717
10.6326530612245 14.2766
10.6367346938776 12.6132
10.6408163265306 4.38225
10.6448979591837 0.218987
10.6489795918367 0.0
10.6530612244898 0.0
10.6571428571429 0.0
10.6612244897959 0.0
10.665306122449 0.0
10.669387755102 0.0
10.6734693877551 0.0
10.6775510204082 0.0
10.6816326530612 0.0
10.6857142857143 0.0
10.6897959183673 0.0
10.6938775510204 1.65731
10.6979591836735 8.33803
10.7020408163265 17.8218
10.7061224489796 8.54665
10.7102040816327 13.1735
10.7142857142857 10.533
10.7183673469388 8.18652
10.7224489795918 8.20559
10.7265306122449 6.73425
10.730612244898 6.87987
10.734693877551 1.00541
10.7387755102041 0.0
10.7428571428571 0.0
10.7469387755102 0.0
10.7510204081633 0.0
10.7551020408163 0.0
10.7591836734694 0.0
10.7632653061224 0.0
10.7673469387755 0.0
10.7714285714286 0.0
10.7755102040816 0.0
10.7795918367347 0.0
10.7836734693878 1.88701
10.7877551020408 2.08391
10.7918367346939 4.7303
10.7959183673469 2.61569
10.8 1.44744
10.8040816326531 0.859976
10.8081632653061 0.0
10.8122448979592 0.0
10.8163265306122 0.286937
10.8204081632653 1.49834
10.8244897959184 1.80817
10.8285714285714 1.61934
10.8326530612245 0.693619
10.8367346938776 0.14323
10.8408163265306 1.18589
10.8448979591837 5.18179
10.8489795918367 7.59041
10.8530612244898 15.4305
10.8571428571429 24.9127
10.8612244897959 30.9025
10.865306122449 29.82
10.869387755102 32.6496
10.8734693877551 31.8368
10.8775510204082 28.1835
10.8816326530612 22.0245
10.8857142857143 12.5641
10.8897959183673 3.23629
10.8938775510204 0.0
10.8979591836735 0.0
10.9020408163265 0.0
10.9061224489796 0.0
10.9102040816327 0.0
10.9142857142857 0.0
10.9183673469388 0.0
10.9224489795918 0.0
10.9265306122449 0.0
10.930612244898 0.0
10.934693877551 3.43013
10.9387755102041 5.18912
10.9428571428571 5.20474
10.9469387755102 10.7439
10.9510204081633 5.9576
10.9551020408163 4.85444
10.9591836734694 8.88413
10.9632653061224 6.3104
10.9673469387755 0.0
10.9714285714286 0.0
10.9755102040816 0.0
10.9795918367347 0.0
10.9836734693878 0.0
10.9877551020408 0.0
10.9918367346939 0.0
10.9959183673469 0.0
11.0 0.131033
11.0040816326531 0.597365
11.0081632653061 3.23709
11.0122448979592 3.02088
11.0163265306122 2.2223
11.0204081632653 0.962257
11.0244897959184 0.39053
11.0285714285714 0.814319
11.0326530612245 0.338554
11.0367346938776 0.0
11.0408163265306 0.0
11.0448979591837 0.0
11.0489795918367 0.0
11.0530612244898 0.0
11.0571428571429 0.0
11.0612244897959 0.0
11.065306122449 0.0
11.069387755102 0.0
11.0734693877551 0.0
11.0775510204082 0.0
11.0816326530612 0.0
11.0857142857143 0.0
11.0897959183673 0.0
11.0938775510204 0.0
11.0979591836735 4.70388
11.1020408163265 0.0
11.1061224489796 0.0
11.1102040816327 0.979066
11.1142857142857 8.83687
11.1183673469388 3.01814
11.1224489795918 11.9419
11.1265306122449 10.2136
11.130612244898 8.70699
11.134693877551 5.98741
11.1387755102041 2.02107
11.1428571428571 0.0
11.1469387755102 0.0
11.1510204081633 0.0
11.1551020408163 0.0
11.1591836734694 0.0
11.1632653061224 0.0
11.1673469387755 0.0
11.1714285714286 0.0
11.1755102040816 0.0
11.1795918367347 0.950456
11.1836734693878 0.211418
11.1877551020408 0.0
11.1918367346939 0.544727
11.1959183673469 0.12815
11.2 2.7335
11.2040816326531 5.5331
11.2081632653061 7.30169
11.2122448979592 8.19513
11.2163265306122 7.65264
11.2204081632653 9.04721
11.2244897959184 2.42174
11.2285714285714 2.36928
11.2326530612245 5.64742
11.2367346938776 0.418901
11.2408163265306 0.463963
11.2448979591837 0.334263
11.2489795918367 0.0
11.2530612244898 0.0
11.2571428571429 0.0
11.2612244897959 1.39044
11.265306122449 2.33555
11.269387755102 1.25849
11.2734693877551 0.0
11.2775510204082 0.0
11.2816326530612 0.0
11.2857142857143 0.0
11.2897959183673 0.0
11.2938775510204 0.599504
11.2979591836735 1.73223
11.3020408163265 2.3607
11.3061224489796 4.54891
11.3102040816327 1.6551
11.3142857142857 5.32627
11.3183673469388 2.31791
11.3224489795918 1.56331
11.3265306122449 0.442445
11.330612244898 0.0
11.334693877551 0.0
11.3387755102041 0.0
11.3428571428571 0.0
11.3469387755102 0.0
11.3510204081633 0.0
11.3551020408163 0.0
11.3591836734694 0.0
11.3632653061224 4.05669
11.3673469387755 4.64493
11.3714285714286 3.33762
11.3755102040816 6.16544
11.3795918367347 5.23043
11.3836734693878 7.82084
11.3877551020408 10.7071
11.3918367346939 10.2404
11.3959183673469 9.95255
11.4 9.52893
11.4040816326531 15.6924
11.4081632653061 17.0113
11.4122448979592 18.3394
11.4163265306122 15.457
11.4204081632653 9.49788
11.4244897959184 3.12006
11.4285714285714 0.734836
11.4326530612245 0.0
11.4367346938776 0.0
11.4408163265306 0.0
11.4448979591837 0.0
11.4489795918367 0.0
11.4530612244898 1.52302
11.4571428571429 0.0
11.4612244897959 0.0
11.465306122449 0.0
11.469387755102 3.19767
11.4734693877551 4.83638
11.4775510204082 0.0
11.4816326530612 0.0
11.4857142857143 0.0
11.4897959183673 0.0
11.4938775510204 0.0
11.4979591836735 0.0
11.5020408163265 0.0
11.5061224489796 0.0
11.5102040816327 0.0
11.5142857142857 0.0
11.5183673469388 0.0
11.5224489795918 0.0
11.5265306122449 0.0
11.530612244898 0.727296
11.534693877551 0.0
11.5387755102041 0.0
11.5428571428571 1.00434
11.5469387755102 2.06989
11.5510204081633 0.0
11.5551020408163 1.95056
11.5591836734694 3.1603
11.5632653061224 0.0
11.5673469387755 1.29521
11.5714285714286 3.38531
11.5755102040816 2.45626
11.5795918367347 11.1436
11.5836734693878 10.5708
11.5877551020408 13.2226
11.5918367346939 19.1439
11.5959183673469 21.1078
11.6 24.1733
11.6040816326531 16.6273
11.6081632653061 10.7463
11.6122448979592 7.65008
11.6163265306122 5.17708
11.6204081632653 8.39567
11.6244897959184 3.32785
11.6285714285714 2.3644
11.6326530612245 0.0
11.6367346938776 0.0
11.6408163265306 0.0
11.6448979591837 0.0
11.6489795918367 0.0
11.6530612244898 0.0
11.6571428571429 0.0
11.6612244897959 0.0
11.665306122449 0.0
11.669387755102 0.827551
11.6734693877551 2.59548
11.6775510204082 3.79872
11.6816326530612 1.84017
11.6857142857143 1.57446
11.6897959183673 3.83621
11.6938775510204 6.41453
11.6979591836735 0.777364
11.7020408163265 4.65441
11.7061224489796 0.620961
11.7102040816327 1.97482
11.7142857142857 2.78217
11.7183673469388 0.0
11.7224489795918 0.0
11.7265306122449 0.0
11.730612244898 1.68908
11.734693877551 0.108719
11.7387755102041 4.62323
11.7428571428571 3.30925
11.7469387755102 6.07419
11.7510204081633 5.68068
11.7551020408163 11.0013
11.7591836734694 12.8705
11.7632653061224 8.65233
11.7673469387755 12.8933
11.7714285714286 14.349
11.7755102040816 13.731
11.7795918367347 14.8941
11.7836734693878 6.7116
11.7877551020408 5.22375
11.7918367346939 3.47817
11.7959183673469 0.328898
11.8 0.815928
11.8040816326531 1.07563
11.8081632653061 0.856161
11.8122448979592 0.594079
11.8163265306122 5.87523
11.8204081632653 9.32229
11.8244897959184 9.69368
11.8285714285714 13.8633
11.8326530612245 26.0683
11.8367346938776 26.9551
11.8408163265306 46.1853
11.8448979591837 52.9102
11.8489795918367 54.7971
11.8530612244898 48.2227
11.8571428571429 38.4947
11.8612244897959 28.4979
11.865306122449 11.8941
11.869387755102 1.42741
11.8734693877551 0.0
11.8775510204082 0.0
11.8816326530612 0.0
11.8857142857143 0.0
11.8897959183673 0.0
11.8938775510204 0.0
11.8979591836735 0.0
11.9020408163265 0.0
11.9061224489796 0.0
11.9102040816327 0.0
11.9142857142857 0.0
11.9183673469388 14.5779
11.9224489795918 12.5881
11.9265306122449 6.64467
11.930612244898 0.630081
11.934693877551 0.0
11.9387755102041 0.0
11.9428571428571 0.0
11.9469387755102 0.0
11.9510204081633 0.0
11.9551020408163 0.0
11.9591836734694 0.0
11.9632653061224 0.0
11.9673469387755 0.0
11.9714285714286 0.0
11.9755102040816 0.0
11.9795918367347 0.0
11.9836734693878 1.47951
11.9877551020408 15.4411
11.9918367346939 18.4208
11.9959183673469 10.1569
12.0 11.9714
12.0040816326531 16.2014
12.0081632653061 7.60299
12.0122448979592 3.27224
12.0163265306122 0.890613
12.0204081632653 1.59931
12.0244897959184 3.19237
12.0285714285714 0.0
12.0326530612245 2.88862
12.0367346938776 1.80739
12.0408163265306 2.55275
12.0448979591837 6.06412
12.0489795918367 9.92089
12.0530612244898 3.73465
12.0571428571429 1.8996
12.0612244897959 0.0
12.065306122449 0.0
12.069387755102 0.0
12.0734693877551 1.92916
12.0775510204082 0.0
12.0816326530612 0.438809
12.0857142857143 7.90679
12.0897959183673 15.5962
12.0938775510204 21.7314
12.0979591836735 16.9834
12.1020408163265 13.0959
12.1061224489796 5.99349
12.1102040816327 7.67303
12.1142857142857 8.38625
12.1183673469388 2.3849
12.1224489795918 2.27833
12.1265306122449 2.20346
12.130612244898 0.0
12.134693877551 0.0
12.1387755102041 0.0
12.1428571428571 0.0
12.1469387755102 0.0
12.1510204081633 0.0
12.1551020408163 0.0
12.1591836734694 0.0
12.1632653061224 0.0
12.1673469387755 0.0
12.1714285714286 0.0
12.1755102040816 0.0
12.1795918367347 2.05058
12.1836734693878 0.686407
12.1877551020408 2.68024
12.1918367346939 3.73083
12.1959183673469 4.01139
12.2 0.0
12.2040816326531 4.68689
12.2081632653061 8.59326
12.2122448979592 8.98972
12.2163265306122 4.6016
12.2204081632653 0.0
12.2244897959184 6.78706
12.2285714285714 3.27861
12.2326530612245 3.26097
12.2367346938776 0.0
12.2408163265306 0.0
12.2448979591837 0.205815
12.2489795918367 2.71836
12.2530612244898 3.50761
12.2571428571429 0.902593
12.2612244897959 0.0
12.265306122449 0.300765
12.269387755102 0.0
12.2734693877551 2.68358
12.2775510204082 0.0
12.2816326530612 1.51014
12.2857142857143 0.538051
12.2897959183673 0.0
12.2938775510204 0.0
12.2979591836735 0.0
12.3020408163265 0.0
12.3061224489796 0.0
12.3102040816327 5.45335
12.3142857142857 10.3844
12.3183673469388 16.2874
12.3224489795918 20.8731
12.3265306122449 20.5579
12.330612244898 23.3896
12.334693877551 22.006
12.3387755102041 20.3105
12.3428571428571 17.3869
12.3469387755102 8.48877
12.3510204081633 2.74712
12.3551020408163 0.0
12.3591836734694 0.0
12.3632653061224 0.0
12.3673469387755 0.0
12.3714285714286 0.0
12.3755102040816 0.0
12.3795918367347 0.0
12.3836734693878 0.0
12.3877551020408 0.0641346
12.3918367346939 3.69
12.3959183673469 5.8341
12.4 0.186384
12.4040816326531 0.0
12.4081632653061 0.0
12.4122448979592 0.0
12.4163265306122 0.0
12.4204081632653 0.0
12.4244897959184 0.0
12.4285714285714 0.0
12.4326530612245 0.0
12.4367346938776 0.0
12.4408163265306 0.0
12.4448979591837 1.1093
12.4489795918367 2.244
12.4530612244898 4.67098
12.4571428571429 12.8697
12.4612244897959 17.182
12.465306122449 16.5791
12.469387755102 19.0604
12.4734693877551 14.1206
12.4775510204082 6.84518
12.4816326530612 3.97903
12.4857142857143 0.0
12.4897959183673 0.0
12.4938775510204 0.0
12.4979591836735 0.0
12.5020408163265 0.0
12.5061224489796 0.0
12.5102040816327 0.0
12.5142857142857 0.0
12.5183673469388 0.0
12.5224489795918 3.12939
12.5265306122449 0.0
12.530612244898 0.0
12.534693877551 0.0
12.5387755102041 0.0
12.5428571428571 2.02739
12.5469387755102 4.41146
12.5510204081633 10.5336
12.5551020408163 7.30169
12.5591836734694 2.43211
12.5632653061224 12.0733
12.5673469387755 24.6403
12.5714285714286 23.561
12.5755102040816 25.0165
12.5795918367347 31.1567
12.5836734693878 32.2633
12.5877551020408 27.2663
12.5918367346939 34.1917
12.5959183673469 35.2773
12.6 30.4764
12.6040816326531 20.3696
12.6081632653061 7.80416
12.6122448979592 0.0
12.6163265306122 0.855803
12.6204081632653 0.0
12.6244897959184 3.30603
12.6285714285714 5.952
12.6326530612245 6.78027
12.6367346938776 6.79684
12.6408163265306 5.49161
12.6448979591837 8.11213
12.6489795918367 0.286341
12.6530612244898 19.7375
12.6571428571429 10.9488
12.6612244897959 7.66253
12.665306122449 6.33824
12.669387755102 4.28677
12.6734693877551 5.35429
12.6775510204082 3.74401
12.6816326530612 0.0
12.6857142857143 1.17534
12.6897959183673 1.046
12.6938775510204 0.0
12.6979591836735 0.0
12.7020408163265 0.653982
12.7061224489796 0.0
12.7102040816327 4.59945
12.7142857142857 0.0
12.7183673469388 3.28672
12.7224489795918 2.12836
12.7265306122449 0.119686
12.730612244898 2.69353
12.734693877551 0.0
12.7387755102041 0.0
12.7428571428571 0.0
12.7469387755102 0.0
12.7510204081633 0.0
12.7551020408163 0.120282
12.7591836734694 0.512004
12.7632653061224 1.74165
12.7673469387755 0.0
12.7714285714286 0.959277
12.7755102040816 1.45006
12.7795918367347 0.0
12.7836734693878 1.08218
12.7877551020408 0.364304
12.7918367346939 1.85299
12.7959183673469 4.55314
12.8 6.5847
12.8040816326531 6.45721
12.8081632653061 8.42714
12.8122448979592 10.5255
12.8163265306122 9.77468
12.8204081632653 8.85445
12.8244897959184 6.17135
12.8285714285714 5.1682
12.8326530612245 2.56336
12.8367346938776 2.07156
12.8408163265306 0.0
12.8448979591837 0.0
12.8489795918367 0.0
12.8530612244898 0.0
12.8571428571429 0.0
12.8612244897959 0.0
12.865306122449 0.0
12.869387755102 0.0
12.8734693877551 0.0
12.8775510204082 0.0
12.8816326530612 2.87795
12.8857142857143 1.39987
12.8897959183673 0.310302
12.8938775510204 0.0
12.8979591836735 0.0
12.9020408163265 0.0
12.9061224489796 0.0
12.9102040816327 0.0
12.9142857142857 0.0
12.9183673469388 0.0
12.9224489795918 0.0
12.9265306122449 0.0
12.930612244898 0.0
12.934693877551 0.0
12.9387755102041 0.0
12.9428571428571 0.502586
12.9469387755102 1.88607
12.9510204081633 2.21223
12.9551020408163 1.60134
12.9591836734694 5.68599
12.9632653061224 5.24271
12.9673469387755 1.31738
12.9714285714286 0.0
12.9755102040816 0.0
12.9795918367347 0.0
12.9836734693878 0.0
12.9877551020408 0.0
12.9918367346939 0.0
12.9959183673469 0.0
13.0 0.0
13.0040816326531 0.119686
13.0081632653061 0.0
13.0122448979592 0.0
13.0163265306122 0.0
13.0204081632653 0.0
13.0244897959184 0.0
13.0285714285714 0.0
13.0326530612245 0.0
13.0367346938776 0.239968
13.0408163265306 0.0
13.0448979591837 0.198692
13.0489795918367 0.647664
13.0530612244898 5.9838
13.0571428571429 12.0545
13.0612244897959 20.4213
13.065306122449 15.9347
13.069387755102 9.09853
13.0734693877551 14.0869
13.0775510204082 20.5069
13.0816326530612 23.4725
13.0857142857143 16.7913
13.0897959183673 14.2777
13.0938775510204 16.0609
13.0979591836735 13.3488
13.1020408163265 4.0282
13.1061224489796 0.0
13.1102040816327 0.0
13.1142857142857 0.0
13.1183673469388 0.0
13.1224489795918 0.0
13.1265306122449 0.0
13.130612244898 0.0
13.134693877551 0.0
13.1387755102041 0.0
13.1428571428571 0.0
13.1469387755102 3.71087
13.1510204081633 4.23163
13.1551020408163 2.59924
13.1591836734694 3.48473
13.1632653061224 9.21679
13.1673469387755 6.03244
13.1714285714286 7.72656
13.1755102040816 8.09105
13.1795918367347 9.73131
13.1836734693878 14.3221
13.1877551020408 13.1905
13.1918367346939 10.596
13.1959183673469 7.77638
13.2 5.63929
13.2040816326531 3.87841
13.2081632653061 3.28696
13.2122448979592 2.43407
13.2163265306122 2.7684
13.2204081632653 1.10257
13.2244897959184 2.03282
13.2285714285714 1.81884
13.2326530612245 0.0
13.2367346938776 0.0
13.2408163265306 0.0
13.2448979591837 0.0
13.2489795918367 0.509739
13.2530612244898 0.0
13.2571428571429 0.0
13.2612244897959 3.67153
13.265306122449 6.92314
13.269387755102 6.57284
13.2734693877551 5.46026
13.2775510204082 4.58622
13.2816326530612 1.95748
13.2857142857143 4.296
13.2897959183673 2.58291
13.2938775510204 0.203133
13.2979591836735 9.4623
13.3020408163265 14.8339
13.3061224489796 26.193
13.3102040816327 30.4422
13.3142857142857 36.4496
13.3183673469388 43.1081
13.3224489795918 44.7001
13.3265306122449 40.5374
13.330612244898 40.5244
13.334693877551 25.4279
13.3387755102041 8.15964
13.3428571428571 0.492334
13.3469387755102 0.0
13.3510204081633 0.0
13.3551020408163 0.0
13.3591836734694 0.0
13.3632653061224 0.0
13.3673469387755 0.0
13.3714285714286 0.0
13.3755102040816 0.0
13.3795918367347 0.0
13.3836734693878 0.175774
13.3877551020408 0.0
13.3918367346939 2.77442
13.3959183673469 3.59178
13.4 4.54289
13.4040816326531 1.24323
13.4081632653061 0.0
13.4122448979592 0.0
13.4163265306122 0.0
13.4204081632653 0.0
13.4244897959184 0.0
13.4285714285714 0.0
13.4326530612245 0.455379
13.4367346938776 0.0
13.4408163265306 0.0
13.4448979591837 0.636935
13.4489795918367 0.96488
13.4530612244898 1.78522
13.4571428571429 5.58037
13.4612244897959 3.10808
13.465306122449 0.773728
13.469387755102 0.0
13.4734693877551 0.0
13.4775510204082 0.0
13.4816326530612 0.0
13.4857142857143 0.0
13.4897959183673 0.0
13.4938775510204 0.0
13.4979591836735 0.0
13.5020408163265 0.0
13.5061224489796 0.0
13.5102040816327 2.35581
13.5142857142857 5.64057
13.5183673469388 5.26762
13.5224489795918 4.38529
13.5265306122449 6.05202
13.530612244898 6.217
13.534693877551 15.5687
13.5387755102041 20.9318
13.5428571428571 25.6006
13.5469387755102 24.4446
13.5510204081633 22.927
13.5551020408163 21.6085
13.5591836734694 26.7004
13.5632653061224 28.0083
13.5673469387755 23.7428
13.5714285714286 17.8243
13.5755102040816 6.93113
13.5795918367347 10.4763
13.5836734693878 9.85968
13.5877551020408 12.5355
13.5918367346939 12.2953
13.5959183673469 18.5972
13.6 29.5789
13.6040816326531 25.8734
13.6081632653061 24.074
13.6122448979592 29.6847
13.6163265306122 25.6057
13.6204081632653 15.2775
13.6244897959184 6.0674
13.6285714285714 0.00488758
13.6326530612245 0.0
13.6367346938776 0.0
13.6408163265306 0.0
13.6448979591837 0.0
13.6489795918367 0.0
13.6530612244898 0.0
13.6571428571429 0.0
13.6612244897959 0.0
13.665306122449 0.0
13.669387755102 0.0
13.6734693877551 0.0
13.6775510204082 0.0
13.6816326530612 0.0
13.6857142857143 0.0
13.6897959183673 0.0
13.6938775510204 0.0
13.6979591836735 0.0
13.7020408163265 2.65235
13.7061224489796 2.07758
13.7102040816327 0.97394
13.7142857142857 2.91023
13.7183673469388 1.14763
13.7224489795918 0.0
13.7265306122449 0.987172
13.730612244898 0.182271
13.734693877551 0.0
13.7387755102041 0.0
13.7428571428571 0.0
13.7469387755102 0.0
13.7510204081633 0.0
13.7551020408163 0.0
13.7591836734694 0.0
13.7632653061224 0.0
13.7673469387755 0.0
13.7714285714286 0.0
13.7755102040816 1.55449
13.7795918367347 5.78511
13.7836734693878 8.10289
13.7877551020408 10.8742
13.7918367346939 12.3994
13.7959183673469 12.9249
13.8 13.1714
13.8040816326531 10.1333
13.8081632653061 6.14154
13.8122448979592 5.26327
13.8163265306122 7.98172
13.8204081632653 3.07047
13.8244897959184 0.0
13.8285714285714 0.0
13.8326530612245 0.0
13.8367346938776 0.0
13.8408163265306 0.0
13.8448979591837 0.0
13.8489795918367 0.0
13.8530612244898 0.0
13.8571428571429 0.0
13.8612244897959 0.0
13.865306122449 0.0
13.869387755102 0.0
13.8734693877551 0.0
13.8775510204082 1.45733
13.8816326530612 0.0
13.8857142857143 0.0
13.8897959183673 0.0
13.8938775510204 0.0
13.8979591836735 0.0
13.9020408163265 0.0
13.9061224489796 0.0
13.9102040816327 0.0
13.9142857142857 0.0
13.9183673469388 0.0
13.9224489795918 0.0
13.9265306122449 0.309229
13.930612244898 0.226498
13.934693877551 3.6757
13.9387755102041 4.55862
13.9428571428571 5.8544
13.9469387755102 4.49562
13.9510204081633 5.7019
13.9551020408163 5.70583
13.9591836734694 1.23453
13.9632653061224 0.0
13.9673469387755 0.0
13.9714285714286 0.384927
13.9755102040816 5.34236
13.9795918367347 5.05286
13.9836734693878 4.27926
13.9877551020408 1.15359
13.9918367346939 0.0
13.9959183673469 1.60086
14.0 0.817418
14.0040816326531 1.33157
14.0081632653061 0.0
14.0122448979592 0.0
14.0163265306122 0.0
14.0204081632653 0.0
14.0244897959184 0.0
14.0285714285714 0.0
14.0326530612245 3.83282
14.0367346938776 6.32757
14.0408163265306 9.65905
14.0448979591837 20.2533
14.0489795918367 23.072
14.0530612244898 31.5993
14.0571428571429 36.6625
14.0612244897959 46.65
14.065306122449 40.6406
14.069387755102 37.6824
14.0734693877551 33.518
14.0775510204082 27.2565
14.0816326530612 15.8384
14.0857142857143 13.4156
14.0897959183673 5.74243
14.0938775510204 0.0
14.0979591836735 0.0
14.1020408163265 0.0
14.1061224489796 0.0
14.1102040816327 0.0
14.1142857142857 0.0798702
14.1183673469388 3.24273
14.1224489795918 7.60204
14.1265306122449 4.90254
14.130612244898 8.52484
14.134693877551 6.01095
14.1387755102041 6.04105
14.1428571428571 11.0826
14.1469387755102 12.653
14.1510204081633 10.2816
14.1551020408163 11.2497
14.1591836734694 8.96204
14.1632653061224 14.9665
14.1673469387755 6.26808
14.1714285714286 3.64685
14.1755102040816 0.0
14.1795918367347 0.0
14.1836734693878 0.0
14.1877551020408 6.45548
14.1918367346939 5.35792
14.1959183673469 7.42126
14.2 5.87142
14.2040816326531 7.20417
14.2081632653061 5.27513
14.2122448979592 0.0
14.2163265306122 0.0
14.2204081632653 0.0
