0.00408163265306122 0.0
0.00816326530612245 0.0
0.0122448979591837 11.9214
0.0163265306122449 13.0048
0.0204081632653061 18.7968
0.0244897959183673 4.21691
0.0285714285714286 0.0
0.0326530612244898 0.0
0.036734693877551 0.0
0.0408163265306122 0.0
0.0448979591836735 0.0
0.0489795918367347 14.4852
0.0530612244897959 42.2027
0.0571428571428571 107.523
0.0612244897959184 121.958
0.0653061224489796 127.213
0.0693877551020408 140.305
0.073469387755102 108.809
0.0775510204081633 91.2901
0.0816326530612245 77.7397
0.0857142857142857 73.0865
0.0897959183673469 44.1297
0.0938775510204082 23.0182
0.0979591836734694 9.93168
0.102040816326531 0.951767
0.106122448979592 0.0
0.110204081632653 0.0
0.114285714285714 0.0
0.118367346938776 0.0
0.122448979591837 0.0
0.126530612244898 0.0
0.130612244897959 18.3347
0.13469387755102 20.7086
0.138775510204082 28.1736
0.142857142857143 26.2443
0.146938775510204 17.2182
0.151020408163265 20.1214
0.155102040816327 9.87154
0.159183673469388 1.4205
0.163265306122449 0.0
0.16734693877551 0.0
0.171428571428571 0.0
0.175510204081633 0.0
0.179591836734694 0.0
0.183673469387755 0.0
0.187755102040816 0.0
0.191836734693878 0.0
0.195918367346939 0.0
0.2 0.0
0.204081632653061 0.0
0.208163265306122 0.0
0.212244897959184 0.0
0.216326530612245 0.0
0.220408163265306 0.0
0.224489795918367 0.0
0.228571428571429 0.0
0.23265306122449 0.0
0.236734693877551 0.0
0.240816326530612 0.0
0.244897959183673 0.0
0.248979591836735 0.0
0.253061224489796 0.0
0.257142857142857 0.0
0.261224489795918 0.0
0.26530612244898 0.0
0.269387755102041 0.0
0.273469387755102 0.0
0.277551020408163 0.0
0.281632653061224 0.0
0.285714285714286 0.0
0.289795918367347 0.0
0.293877551020408 48.8311
0.297959183673469 90.3341
0.302040816326531 129.249
0.306122448979592 256.043
0.310204081632653 274.633
0.314285714285714 241.087
0.318367346938775 207.116
0.322448979591837 166.891
0.326530612244898 133.113
0.330612244897959 105.377
0.33469387755102 79.6235
0.338775510204082 56.9032
0.342857142857143 40.3229
0.346938775510204 25.5433
0.351020408163265 17.1267
0.355102040816327 13.1494
0.359183673469388 4.20547
0.363265306122449 0.0
0.36734693877551 0.0
0.371428571428571 0.0
0.375510204081633 0.0
0.379591836734694 0.0
0.383673469387755 0.0
0.387755102040816 0.0
0.391836734693878 0.0
0.395918367346939 0.0
0.4 0.0
0.404081632653061 0.0
0.408163265306122 0.0
0.412244897959184 0.0
0.416326530612245 0.0
0.420408163265306 0.0
0.424489795918367 0.0
0.428571428571429 0.0
0.43265306122449 0.0
0.436734693877551 0.0
0.440816326530612 0.0
0.444897959183673 0.0
0.448979591836735 0.0
0.453061224489796 0.0
0.457142857142857 0.0
0.461224489795918 0.0
0.46530612244898 13.9293
0.469387755102041 15.0062
0.473469387755102 20.421
0.477551020408163 9.13355
0.481632653061224 0.0
0.485714285714286 0.0
0.489795918367347 0.0
0.493877551020408 0.0
0.497959183673469 0.0
0.502040816326531 0.0
0.506122448979592 0.0
0.510204081632653 0.0
0.514285714285714 2.7228
0.518367346938776 5.11572
0.522448979591837 7.95525
0.526530612244898 0.0
0.530612244897959 0.0
0.53469387755102 4.15698
0.538775510204082 10.2391
0.542857142857143 0.0
0.546938775510204 0.0
0.551020408163265 0.00798702
0.555102040816327 22.0922
0.559183673469388 8.17305
0.563265306122449 29.4661
0.56734693877551 89.6458
0.571428571428571 81.6397
0.575510204081633 72.7014
0.579591836734694 147.271
0.583673469387755 144.608
0.587755102040816 123.471
0.591836734693878 95.3181
0.595918367346939 67.8155
0.6 45.2563
0.604081632653061 25.0324
0.608163265306122 8.43537
0.612244897959184 0.0
0.616326530612245 0.0
0.620408163265306 0.0
0.624489795918367 0.0
0.628571428571429 0.0
0.63265306122449 0.0
0.636734693877551 0.0
0.640816326530612 0.0
0.644897959183673 0.0
0.648979591836735 0.0
0.653061224489796 0.0
0.657142857142857 0.0
0.661224489795918 0.0
0.66530612244898 0.0
0.669387755102041 0.0
0.673469387755102 0.0
0.677551020408163 37.1077
0.681632653061224 78.2312
0.685714285714286 110.16
0.689795918367347 122.389
0.693877551020408 105.019
0.697959183673469 96.4837
0.702040816326531 71.8918
0.706122448979592 45.0349
0.710204081632653 22.0404
0.714285714285714 3.13574
0.718367346938775 0.0
0.722448979591837 0.0
0.726530612244898 0.0
0.730612244897959 0.0
0.73469387755102 0.0
0.738775510204082 0.0
0.742857142857143 0.0
0.746938775510204 0.0
0.751020408163265 0.0
0.755102040816326 0.0
0.759183673469388 0.0
0.763265306122449 0.0
0.76734693877551 0.0
0.771428571428571 0.0
0.775510204081633 0.0
0.779591836734694 0.0
0.783673469387755 47.8947
0.787755102040816 33.2418
0.791836734693877 105.338
0.795918367346939 208.453
0.8 202.188
0.804081632653061 194.981
0.808163265306122 165.905
0.812244897959184 136.297
0.816326530612245 114.381
0.820408163265306 82.7561
0.824489795918367 59.2808
0.828571428571429 32.032
0.83265306122449 9.26435
0.836734693877551 0.0
0.840816326530612 0.0
0.844897959183673 0.0
0.848979591836735 0.0
0.853061224489796 0.0
0.857142857142857 0.0
0.861224489795918 0.0
0.86530612244898 0.0
0.869387755102041 0.0
0.873469387755102 0.0
0.877551020408163 0.0
0.881632653061225 0.0
0.885714285714286 0.0
0.889795918367347 0.0
0.893877551020408 0.0
0.897959183673469 12.0675
0.902040816326531 0.0
0.906122448979592 23.2901
0.910204081632653 31.1153
0.914285714285714 16.4606
0.918367346938776 24.9836
0.922448979591837 14.8952
0.926530612244898 15.6493
0.930612244897959 13.8115
0.93469387755102 5.82826
0.938775510204082 4.5473
0.942857142857143 4.0198
0.946938775510204 8.11613
0.951020408163265 7.22712
0.955102040816327 7.40474
0.959183673469388 10.6833
0.963265306122449 7.71064
0.96734693877551 8.23766
0.971428571428571 4.67396
0.975510204081633 13.678
0.979591836734694 10.3623
0.983673469387755 11.262
0.987755102040816 9.0692
0.991836734693878 6.20478
0.995918367346939 2.75141
1.0 0.0
1.00408163265306 0.0
1.00816326530612 0.0
1.01224489795918 0.0
1.01632653061224 0.0
1.02040816326531 0.0
1.02448979591837 0.0
1.02857142857143 0.0
1.03265306122449 0.0
1.03673469387755 12.2973
1.04081632653061 28.0513
1.04489795918367 39.5628
1.04897959183673 40.684
1.0530612244898 50.3074
1.05714285714286 63.9005
1.06122448979592 69.5171
1.06530612244898 56.7499
1.06938775510204 45.4687
1.0734693877551 23.5069
1.07755102040816 12.3791
1.08163265306122 11.5095
1.08571428571429 0.828385
1.08979591836735 0.0
1.09387755102041 0.0
1.09795918367347 0.0
1.10204081632653 4.98343
1.10612244897959 3.8017
1.11020408163265 16.1064
1.11428571428571 11.8619
1.11836734693878 20.2533
1.12244897959184 21.6824
1.1265306122449 11.1772
1.13061224489796 17.9251
1.13469387755102 11.524
1.13877551020408 10.8555
1.14285714285714 2.67172
1.1469387755102 2.9121
1.15102040816327 0.0
1.15510204081633 0.0
1.15918367346939 0.0
1.16326530612245 0.0
1.16734693877551 0.0
1.17142857142857 0.0
1.17551020408163 0.0
1.17959183673469 0.0
1.18367346938776 0.0
1.18775510204082 0.0
1.19183673469388 0.0
1.19591836734694 0.0
1.2 0.0
1.20408163265306 0.0
1.20816326530612 0.0
1.21224489795918 0.0
1.21632653061224 0.0
1.22040816326531 0.0
1.22448979591837 0.0
1.22857142857143 0.0
1.23265306122449 0.0
1.23673469387755 0.0
1.24081632653061 0.0
1.24489795918367 3.86477
1.24897959183673 1.52421
1.2530612244898 0.0
1.25714285714286 0.0
1.26122448979592 0.0
1.26530612244898 12.7451
1.26938775510204 23.5375
1.2734693877551 17.5728
1.27755102040816 124.092
1.28163265306122 175.165
1.28571428571429 199.577
1.28979591836735 188.846
1.29387755102041 161.198
1.29795918367347 135.683
1.30204081632653 109.551
1.30612244897959 82.934
1.31020408163265 56.9966
1.31428571428571 34.7372
1.31836734693878 12.0655
1.32244897959184 0.0
1.3265306122449 0.0
1.33061224489796 0.0
1.33469387755102 0.0
1.33877551020408 0.0
1.34285714285714 0.0
1.3469387755102 0.0
1.35102040816327 0.0
1.35510204081633 0.0
1.35918367346939 0.0
1.36326530612245 0.0
1.36734693877551 0.0
1.37142857142857 0.0
1.37551020408163 0.0
1.37959183673469 0.0
1.38367346938776 0.0
1.38775510204082 0.0
1.39183673469388 0.0
1.39591836734694 0.0
1.4 0.0
1.40408163265306 0.0
1.40816326530612 0.0
1.41224489795918 0.0
1.41632653061225 0.0
1.42040816326531 0.0
1.42448979591837 0.0
1.42857142857143 0.0
1.43265306122449 0.0
1.43673469387755 0.0
1.44081632653061 0.467807
1.44489795918367 0.37837
1.44897959183673 0.0
1.4530612244898 0.130564
1.45714285714286 0.0
1.46122448979592 0.0
1.46530612244898 0.0
1.46938775510204 0.0
1.4734693877551 1.55008
1.47755102040816 0.0
1.48163265306122 0.0
1.48571428571429 0.0
1.48979591836735 0.0
1.49387755102041 0.0
1.49795918367347 0.0
1.50204081632653 0.0
1.50612244897959 0.0
1.51020408163265 0.0
1.51428571428571 0.0
1.51836734693878 2.10166
1.52244897959184 1.70928
1.5265306122449 6.43645
1.53061224489796 28.7142
1.53469387755102 31.4394
1.53877551020408 52.566
1.54285714285714 105.162
1.5469387755102 111.418
1.55102040816327 90.8061
1.55510204081633 65.7802
1.55918367346939 52.305
1.56326530612245 41.5806
1.56734693877551 53.2208
1.57142857142857 44.1594
1.57551020408163 40.3157
1.57959183673469 28.6998
1.58367346938775 13.4094
1.58775510204082 9.25493
1.59183673469388 0.519633
1.59591836734694 0.0
1.6 0.0
1.60408163265306 0.0
1.60816326530612 0.0
1.61224489795918 0.0
1.61632653061224 0.0
1.62040816326531 0.0
1.62448979591837 0.0
1.62857142857143 0.0
1.63265306122449 0.0
1.63673469387755 0.0
1.64081632653061 0.0
1.64489795918367 0.0
1.64897959183673 0.0
1.6530612244898 0.0
1.65714285714286 0.0
1.66122448979592 0.0
1.66530612244898 0.0
1.66938775510204 0.0
1.6734693877551 0.0
1.67755102040816 0.0
1.68163265306122 0.0
1.68571428571429 0.0
1.68979591836735 0.0
1.69387755102041 0.0
1.69795918367347 0.0
1.70204081632653 0.0
1.70612244897959 0.0
1.71020408163265 5.32132
1.71428571428571 10.8367
1.71836734693878 20.1236
1.72244897959184 27.7577
1.7265306122449 60.6333
1.73061224489796 84.637
1.73469387755102 75.9985
1.73877551020408 70.4902
1.74285714285714 62.7664
1.7469387755102 67.1261
1.75102040816327 64.5645
1.75510204081633 69.0804
1.75918367346939 53.9333
1.76326530612245 79.4061
1.76734693877551 100.44
1.77142857142857 153.433
1.77551020408163 161.401
1.77959183673469 159.17
1.78367346938776 130.909
1.78775510204082 104.691
1.79183673469388 75.4975
1.79591836734694 49.5202
1.8 30.1163
1.80408163265306 5.3668
1.80816326530612 0.0
1.81224489795918 0.0
1.81632653061224 0.0
1.82040816326531 0.0
1.82448979591837 0.0
1.82857142857143 0.0
1.83265306122449 0.0
1.83673469387755 0.0
1.84081632653061 0.0
1.84489795918367 0.0
1.84897959183673 0.0
1.8530612244898 0.0
1.85714285714286 0.0
1.86122448979592 0.0
1.86530612244898 0.0
1.86938775510204 26.27
1.8734693877551 0.0
1.87755102040816 0.0
1.88163265306122 54.0783
1.88571428571429 0.0
1.88979591836735 31.7183
1.89387755102041 0.0
1.89795918367347 0.0
1.90204081632653 0.988126
1.90612244897959 1.53138
1.91020408163265 0.0
1.91428571428571 0.0
1.91836734693878 0.0
1.92244897959184 0.0
1.9265306122449 0.0
1.93061224489796 0.0
1.93469387755102 3.58088
1.93877551020408 0.0
1.94285714285714 0.501782
1.9469387755102 38.1404
1.95102040816327 0.0
1.95510204081633 0.0
1.95918367346939 2.22649
1.96326530612245 5.31316
1.96734693877551 0.0
1.97142857142857 0.0
1.97551020408163 0.0
1.97959183673469 0.0
1.98367346938776 0.0
1.98775510204082 0.0
1.99183673469388 0.0
1.99591836734694 8.64249
2.0 0.0
2.00408163265306 0.0
2.00816326530612 0.0
2.01224489795918 0.0
2.01632653061225 11.4692
2.02040816326531 18.8164
2.02448979591837 29.1885
2.02857142857143 60.6179
2.03265306122449 83.3135
2.03673469387755 94.4058
2.04081632653061 91.015
2.04489795918367 85.2176
2.04897959183673 75.884
2.0530612244898 59.2576
2.05714285714286 48.3778
2.06122448979592 33.2695
2.06530612244898 14.4562
2.06938775510204 1.97482
2.0734693877551 0.0
2.07755102040816 0.0
2.08163265306122 0.0
2.08571428571429 0.0
2.08979591836735 0.0
2.09387755102041 0.0
2.09795918367347 0.0
2.10204081632653 0.0
2.10612244897959 0.0
2.11020408163265 0.0
2.11428571428571 0.0
2.11836734693878 0.0
2.12244897959184 0.0
2.1265306122449 0.0
2.13061224489796 0.0
2.13469387755102 0.0
2.13877551020408 0.0
2.14285714285714 0.0
2.1469387755102 0.0
2.15102040816327 0.0
2.15510204081633 0.0
2.15918367346939 0.0
2.16326530612245 0.0
2.16734693877551 0.0
2.17142857142857 0.0
2.17551020408163 0.0
2.17959183673469 0.0
2.18367346938776 0.0
2.18775510204082 3.19487
2.19183673469388 6.3059
2.19591836734694 18.0695
2.2 23.962
2.20408163265306 58.0388
2.20816326530612 86.5987
2.21224489795918 114.38
2.21632653061224 142.763
2.22040816326531 121.567
2.22448979591837 109.238
2.22857142857143 84.8422
2.23265306122449 65.5207
2.23673469387755 85.8863
2.24081632653061 30.3765
2.24489795918367 74.723
2.24897959183673 166.363
2.2530612244898 191.683
2.25714285714286 216.076
2.26122448979592 197.311
2.26530612244898 170.354
2.26938775510204 152.658
2.2734693877551 121.382
2.27755102040816 97.5554
2.28163265306122 76.2037
2.28571428571429 54.4246
2.28979591836735 28.0693
2.29387755102041 7.1637
2.29795918367347 0.0
2.30204081632653 0.0
2.30612244897959 0.0
2.31020408163265 0.0
2.31428571428571 0.0
2.31836734693878 0.0
2.32244897959184 0.0
2.3265306122449 0.0
2.33061224489796 0.0
2.33469387755102 0.0
2.33877551020408 0.0
2.34285714285714 0.0
2.3469387755102 0.0
2.35102040816327 0.0
2.35510204081633 0.0
2.35918367346939 0.0
2.36326530612245 0.0
2.36734693877551 0.0
2.37142857142857 0.0
2.37551020408163 0.0
2.37959183673469 0.0
2.38367346938776 0.0
2.38775510204082 0.0
2.39183673469388 0.0
2.39591836734694 21.5932
2.4 25.6929
2.40408163265306 25.2379
2.40816326530612 39.0731
2.41224489795918 41.4606
2.41632653061225 40.1193
2.42040816326531 38.3306
2.42448979591837 27.9687
2.42857142857143 22.6886
2.43265306122449 17.9431
2.43673469387755 9.51385
2.44081632653061 8.72117
2.44489795918367 3.18044
2.44897959183673 0.0
2.4530612244898 0.0
2.45714285714286 0.0
2.46122448979592 0.0
2.46530612244898 0.0
2.46938775510204 0.0
2.4734693877551 2.03872
2.47755102040816 4.50546
2.48163265306122 0.505269
2.48571428571429 0.0223517
2.48979591836735 0.0
2.49387755102041 0.0
2.49795918367347 0.0
2.50204081632653 0.280082
2.50612244897959 0.0
2.51020408163265 2.19637
2.51428571428571 7.87717
2.51836734693878 12.9767
2.52244897959184 33.9409
2.5265306122449 34.7654
2.53061224489796 41.7439
2.53469387755102 30.0571
2.53877551020408 20.1362
2.54285714285714 7.88468
2.5469387755102 0.333428
2.55102040816327 14.8158
2.55510204081633 3.79753
2.55918367346939 0.0
2.56326530612245 0.0
2.56734693877551 0.0
2.57142857142857 0.0
2.57551020408163 0.0
2.57959183673469 0.0
2.58367346938775 0.0
2.58775510204082 17.4688
2.59183673469388 10.7038
2.59591836734694 22.1357
2.6 26.3808
2.60408163265306 25.8572
2.60816326530612 19.202
2.61224489795918 19.5393
2.61632653061224 12.3313
2.62040816326531 6.32188
2.62448979591837 4.10405
2.62857142857143 0.0
2.63265306122449 0.0
2.63673469387755 0.0
2.64081632653061 0.0
2.64489795918367 0.0
2.64897959183673 0.0
2.6530612244898 0.0
2.65714285714286 0.0
2.66122448979592 0.0
2.66530612244898 0.0
2.66938775510204 0.0
2.6734693877551 0.0
2.67755102040816 0.0
2.68163265306122 0.0
2.68571428571429 0.0
2.68979591836735 0.0
2.69387755102041 0.0
2.69795918367347 0.0
2.70204081632653 0.0
2.70612244897959 0.0
2.71020408163265 4.13015
2.71428571428571 7.18683
2.71836734693878 4.65068
2.72244897959184 12.9338
2.7265306122449 16.214
2.73061224489796 53.4129
2.73469387755102 48.5186
2.73877551020408 94.0137
2.74285714285714 102.439
2.7469387755102 107.498
2.75102040816327 96.6656
2.75510204081633 85.4534
2.75918367346939 60.2813
2.76326530612245 46.068
2.76734693877551 27.9677
2.77142857142857 8.21024
2.77551020408163 0.28193
2.77959183673469 0.0
2.78367346938776 0.0
2.78775510204082 0.0
2.79183673469388 0.0
2.79591836734694 0.0
2.8 0.0
2.80408163265306 0.0
2.80816326530612 0.0
2.81224489795918 0.0
2.81632653061224 0.0
2.82040816326531 0.0
2.82448979591837 0.0
2.82857142857143 0.0
2.83265306122449 0.0
2.83673469387755 6.11365
2.84081632653061 25.6084
2.84489795918367 29.0145
2.84897959183673 14.2296
2.8530612244898 26.4288
2.85714285714286 11.7713
2.86122448979592 14.5577
2.86530612244898 12.6255
2.86938775510204 0.490665
2.8734693877551 2.52557
2.87755102040816 1.43969
2.88163265306122 0.0400543
2.88571428571429 0.0
2.88979591836735 0.0
2.89387755102041 0.0
2.89795918367347 0.0
2.90204081632653 0.0
2.90612244897959 6.50603
2.91020408163265 8.21126
2.91428571428571 8.3009
2.91836734693878 14.7944
2.92244897959184 5.43398
2.9265306122449 2.83128
2.93061224489796 2.14094
2.93469387755102 2.11173
2.93877551020408 0.0
2.94285714285714 0.0
2.9469387755102 0.869155
2.95102040816327 2.79757
2.95510204081633 0.0937879
2.95918367346939 1.26502
2.96326530612245 0.0
2.96734693877551 0.0
2.97142857142857 0.0
2.97551020408163 0.0
2.97959183673469 0.0
2.98367346938775 0.0
2.98775510204082 0.0
2.99183673469388 0.0
2.99591836734694 0.0
3.0 0.0
3.00408163265306 3.31972
3.00816326530612 1.10412
3.01224489795918 0.0
3.01632653061225 9.91792
3.02040816326531 0.198662
3.02448979591837 0.0
3.02857142857143 0.0
3.03265306122449 0.246316
3.03673469387755 0.0
3.04081632653061 0.0
3.04489795918367 0.0
3.04897959183673 0.0
3.0530612244898 0.0
3.05714285714286 0.0
3.06122448979592 0.0
3.06530612244898 0.0
3.06938775510204 0.0
3.0734693877551 0.0
3.07755102040816 0.0
3.08163265306122 0.0
3.08571428571429 0.0
3.08979591836735 0.0
3.09387755102041 0.0
3.09795918367347 0.0
3.10204081632653 0.0
3.10612244897959 0.0
3.11020408163265 0.0
3.11428571428571 0.0
3.11836734693878 0.0
3.12244897959184 2.93071
3.1265306122449 0.682592
3.13061224489796 0.0
3.13469387755102 0.0
3.13877551020408 0.0
3.14285714285714 0.0
3.1469387755102 0.0
3.15102040816327 0.0
3.15510204081633 0.0
3.15918367346939 0.0
3.16326530612245 0.0
3.16734693877551 0.0289008
3.17142857142857 0.0
3.17551020408163 0.0
3.17959183673469 0.0
3.18367346938776 0.0
3.18775510204082 0.0
3.19183673469388 0.0
3.19591836734694 0.0
3.2 0.0
3.20408163265306 0.0
3.20816326530612 28.8829
3.21224489795918 11.0277
3.21632653061224 81.6698
3.22040816326531 171.963
3.22448979591837 262.251
3.22857142857143 219.339
3.23265306122449 194.446
3.23673469387755 165.787
3.24081632653061 135.004
3.24489795918367 109.672
3.24897959183673 82.7308
3.2530612244898 57.241
3.25714285714286 32.5941
3.26122448979592 8.32915
3.26530612244898 0.0
3.26938775510204 0.0
3.2734693877551 0.0
3.27755102040816 0.0
3.28163265306122 0.0
3.28571428571429 0.0
3.28979591836735 0.0
3.29387755102041 0.0
3.29795918367347 0.0
3.30204081632653 0.0
3.30612244897959 0.0
3.31020408163265 0.0
3.31428571428571 0.0
3.31836734693878 0.0
3.32244897959184 0.0
3.3265306122449 0.0
3.33061224489796 0.0
3.33469387755102 0.0
3.33877551020408 0.0
3.34285714285714 0.0
3.3469387755102 0.0
3.35102040816327 0.0
3.35510204081633 0.0
3.35918367346939 0.0
3.36326530612245 0.160933
3.36734693877551 0.813007
3.37142857142857 0.0
3.37551020408163 0.0
3.37959183673469 0.0
3.38367346938776 0.0
3.38775510204082 3.17532
3.39183673469388 5.65928
3.39591836734694 0.0
3.4 0.0
3.40408163265306 0.0
3.40816326530612 0.0
3.41224489795918 0.0
3.41632653061225 0.0
3.42040816326531 0.0
3.42448979591837 0.0
3.42857142857143 0.0
3.43265306122449 0.0
3.43673469387755 0.0
3.44081632653061 0.0
3.44489795918367 0.0
3.44897959183673 0.0
3.4530612244898 0.0
3.45714285714286 0.0
3.46122448979592 0.718951
3.46530612244898 0.0
3.46938775510204 0.0
3.4734693877551 0.0
3.47755102040816 0.0
3.48163265306122 7.90473
3.48571428571429 19.2366
3.48979591836735 40.1102
3.49387755102041 65.2617
3.49795918367347 98.6134
3.50204081632653 102.131
3.50612244897959 102.55
3.51020408163265 99.8465
3.51428571428571 82.4637
3.51836734693878 62.957
3.52244897959184 45.6341
3.5265306122449 41.0376
3.53061224489796 31.7051
3.53469387755102 18.0928
3.53877551020408 1.49176
3.54285714285714 0.0
3.5469387755102 0.0
3.55102040816327 0.0
3.55510204081633 0.0
3.55918367346939 0.0
3.56326530612245 0.0
3.56734693877551 0.0
3.57142857142857 0.0
3.57551020408163 0.0
3.57959183673469 0.0
3.58367346938775 0.0
3.58775510204082 0.0
3.59183673469388 0.0
3.59591836734694 0.0
3.6 0.0
3.60408163265306 0.0
3.60816326530612 0.0
3.61224489795918 0.0
3.61632653061224 3.34053
3.62040816326531 0.811949
3.62448979591837 5.26853
3.62857142857143 3.36421
3.63265306122449 11.8168
3.63673469387755 10.8015
3.64081632653061 36.8145
3.64489795918367 58.1766
3.64897959183673 58.4163
3.6530612244898 48.1674
3.65714285714286 57.111
3.66122448979592 51.0322
3.66530612244898 38.1488
3.66938775510204 41.3401
3.6734693877551 14.0669
3.67755102040816 2.2555
3.68163265306122 0.0
3.68571428571429 0.0
3.68979591836735 0.0
3.69387755102041 0.0
3.69795918367347 0.0
3.70204081632653 0.0
3.70612244897959 34.2124
3.71020408163265 120.795
3.71428571428571 214.87
3.71836734693878 225.726
3.72244897959184 216.952
3.7265306122449 180.095
3.73061224489796 146.615
3.73469387755102 115.472
3.73877551020408 92.8052
3.74285714285714 70.2085
3.7469387755102 43.2115
3.75102040816327 19.5621
3.75510204081633 0.00858307
3.75918367346939 0.0
3.76326530612245 0.0
3.76734693877551 0.0
3.77142857142857 0.0
3.77551020408163 0.0
3.77959183673469 0.0
3.78367346938776 0.0
3.78775510204082 0.0
3.79183673469388 0.0
3.79591836734694 0.0
3.8 0.0
3.80408163265306 0.0
3.80816326530612 0.102878
3.81224489795918 20.58
3.81632653061224 28.6899
3.82040816326531 34.0345
3.82448979591837 37.9291
3.82857142857143 37.1004
3.83265306122449 31.5343
3.83673469387755 26.1029
3.84081632653061 23.3918
3.84489795918367 25.8804
3.84897959183673 17.9327
3.8530612244898 8.95214
3.85714285714286 0.517488
3.86122448979592 0.0
3.86530612244898 0.0
3.86938775510204 0.0
3.8734693877551 0.0
3.87755102040816 0.0
3.88163265306122 0.0
3.88571428571429 0.0
3.88979591836735 0.0
3.89387755102041 0.0
3.89795918367347 0.0
3.90204081632653 0.0
3.90612244897959 0.0
3.91020408163265 0.0
3.91428571428571 0.0
3.91836734693878 0.0
3.92244897959184 0.0
3.9265306122449 0.0
3.93061224489796 0.0
3.93469387755102 0.0
3.93877551020408 0.0
3.94285714285714 0.0
3.9469387755102 0.0
3.95102040816327 0.0
3.95510204081633 0.0
3.95918367346939 0.0
3.96326530612245 0.308216
3.96734693877551 0.0
3.97142857142857 0.0
3.97551020408163 0.0
3.97959183673469 12.8475
3.98367346938775 15.6581
3.98775510204082 15.0023
3.99183673469388 8.91334
3.99591836734694 3.39222
4.0 2.20865
4.00408163265306 0.412643
4.00816326530612 0.0
4.01224489795918 0.0
4.01632653061225 0.0
4.02040816326531 0.0
4.02448979591837 0.0
4.02857142857143 0.0
4.03265306122449 0.0
4.03673469387755 0.0
4.04081632653061 0.0
4.04489795918367 0.0
4.04897959183673 0.0
4.0530612244898 0.0
4.05714285714286 0.0
4.06122448979592 0.0
4.06530612244898 0.0
4.06938775510204 0.0
4.0734693877551 0.0
4.07755102040816 0.0
4.08163265306122 0.0
4.08571428571429 0.0
4.08979591836735 0.0
4.09387755102041 0.0
4.09795918367347 0.0
4.10204081632653 0.0
4.10612244897959 0.0
4.11020408163265 0.0
4.11428571428571 0.0
4.11836734693878 0.0
4.12244897959184 0.0
4.1265306122449 0.0
4.13061224489796 0.0
4.13469387755102 0.0
4.13877551020408 0.0
4.14285714285714 0.0
4.1469387755102 0.0
4.15102040816326 0.0
4.15510204081633 0.0
4.15918367346939 0.0
4.16326530612245 0.0
4.16734693877551 0.0
4.17142857142857 0.0
4.17551020408163 0.0
4.17959183673469 0.0
4.18367346938776 187.941
4.18775510204082 57.2179
4.19183673469388 136.455
4.19591836734694 187.363
4.2 234.586
4.20408163265306 214.021
4.20816326530612 179.026
4.21224489795918 148.486
4.21632653061225 128.759
4.22040816326531 105.26
4.22448979591837 81.0981
4.22857142857143 59.6931
4.23265306122449 41.5391
4.23673469387755 23.0739
4.24081632653061 1.6427
4.24489795918367 0.0
4.24897959183673 0.0
4.2530612244898 0.0
4.25714285714286 0.0
4.26122448979592 0.0
4.26530612244898 0.0
4.26938775510204 0.0
4.2734693877551 0.0
4.27755102040816 0.0
4.28163265306122 0.0
4.28571428571429 0.0
4.28979591836735 0.0
4.29387755102041 0.0
4.29795918367347 0.0
4.30204081632653 0.0
4.30612244897959 0.0
4.31020408163265 0.0
4.31428571428571 0.0
4.31836734693878 0.0
4.32244897959184 0.0
4.3265306122449 4.3782
4.33061224489796 9.23699
4.33469387755102 16.0902
4.33877551020408 15.3176
4.34285714285714 13.6756
4.3469387755102 19.3365
4.35102040816327 19.6542
4.35510204081633 10.2328
4.35918367346939 24.8336
4.36326530612245 20.422
4.36734693877551 12.9484
4.37142857142857 13.9554
4.37551020408163 17.8144
4.37959183673469 12.5766
4.38367346938776 15.1203
4.38775510204082 17.3451
4.39183673469388 13.517
4.39591836734694 11.5161
4.4 8.6534
4.40408163265306 8.80086
4.40816326530612 10.7239
4.41224489795918 7.35176
4.41632653061224 0.0
4.42040816326531 0.0
4.42448979591837 0.0
4.42857142857143 2.67804
4.43265306122449 0.0585318
4.43673469387755 0.0
4.44081632653061 0.0
4.44489795918367 0.0
4.44897959183673 0.0
4.4530612244898 0.0
4.45714285714286 0.0
4.46122448979592 0.0
4.46530612244898 0.0
4.46938775510204 0.0
4.4734693877551 0.0
4.47755102040816 0.0
4.48163265306122 0.0
4.48571428571429 0.0
4.48979591836735 0.0
4.49387755102041 0.0
4.49795918367347 0.0
4.50204081632653 0.0
4.50612244897959 0.0
4.51020408163265 0.0
4.51428571428571 0.0
4.51836734693878 0.0
4.52244897959184 0.0
4.5265306122449 0.0
4.53061224489796 0.0
4.53469387755102 0.0
4.53877551020408 7.86698
4.54285714285714 19.104
4.5469387755102 4.82529
4.55102040816327 18.7905
4.55510204081633 3.33911
4.55918367346939 8.04758
4.56326530612245 23.2638
4.56734693877551 19.2156
4.57142857142857 15.701
4.57551020408163 25.7619
4.57959183673469 22.0745
4.58367346938776 21.3327
4.58775510204082 15.5393
4.59183673469388 10.0579
4.59591836734694 5.93106
4.6 0.900969
4.60408163265306 0.0
4.60816326530612 0.0
4.61224489795918 0.0
4.61632653061224 0.0
4.62040816326531 0.0
4.62448979591837 0.0
4.62857142857143 0.0
4.63265306122449 0.0
4.63673469387755 0.0
4.64081632653061 0.0
4.64489795918367 0.0
4.64897959183673 0.0
4.6530612244898 0.0
4.65714285714286 0.0
4.66122448979592 0.0
4.66530612244898 0.0
4.66938775510204 21.0744
4.6734693877551 27.9034
4.67755102040816 74.9057
4.68163265306122 145.955
4.68571428571429 183.203
4.68979591836735 175.974
4.69387755102041 151.112
4.69795918367347 119.556
4.70204081632653 91.3593
4.70612244897959 62.2537
4.71020408163265 34.3648
4.71428571428571 11.2969
4.71836734693878 0.0
4.72244897959184 0.0
4.7265306122449 0.0
4.73061224489796 0.0
4.73469387755102 0.0
4.73877551020408 0.0
4.74285714285714 0.0
4.7469387755102 0.0
4.75102040816327 0.0
4.75510204081633 0.0
4.75918367346939 0.0
4.76326530612245 0.0
4.76734693877551 0.0
4.77142857142857 20.247
4.77551020408163 25.9466
4.77959183673469 19.7445
4.78367346938775 22.5741
4.78775510204082 27.5726
4.79183673469388 17.0484
4.79591836734694 15.87
4.8 4.09065
4.80408163265306 10.2636
4.80816326530612 10.0996
4.81224489795918 11.0822
4.81632653061224 4.28081
4.82040816326531 0.0
4.82448979591837 0.0
4.82857142857143 0.0
4.83265306122449 2.31683
4.83673469387755 14.1895
4.84081632653061 24.9197
4.84489795918367 31.5918
4.84897959183674 16.7353
4.8530612244898 25.4233
4.85714285714286 11.1457
4.86122448979592 18.5033
4.86530612244898 15.483
4.86938775510204 13.7993
4.8734693877551 4.9324
4.87755102040816 0.0
4.88163265306122 0.0
4.88571428571429 0.0
4.88979591836735 0.0
4.89387755102041 0.0
4.89795918367347 6.12962
4.90204081632653 20.924
4.90612244897959 8.48603
4.91020408163265 22.3907
4.91428571428571 24.7637
4.91836734693878 12.8922
4.92244897959184 22.238
4.9265306122449 40.7362
4.93061224489796 38.6971
4.93469387755102 48.569
4.93877551020408 64.9372
4.94285714285714 60.6359
4.9469387755102 58.849
4.95102040816327 62.9324
4.95510204081633 55.1369
4.95918367346939 46.1228
4.96326530612245 37.1605
4.96734693877551 29.3847
4.97142857142857 19.7851
4.97551020408163 14.5208
4.97959183673469 8.07449
4.98367346938775 3.12328
4.98775510204082 0.982404
4.99183673469388 0.0
4.99591836734694 0.0
5.0 0.0
5.00408163265306 0.0
5.00816326530612 0.0
5.01224489795918 0.0
5.01632653061225 0.0
5.02040816326531 0.0
5.02448979591837 3.57366
5.02857142857143 3.53897
5.03265306122449 0.0
5.03673469387755 0.0
5.04081632653061 0.0
5.04489795918367 0.0
5.04897959183673 0.0
5.0530612244898 0.0
5.05714285714286 0.0
5.06122448979592 0.0
5.06530612244898 0.0
5.06938775510204 0.0
5.0734693877551 0.0
5.07755102040816 0.0
5.08163265306122 0.0
5.08571428571429 0.0
5.08979591836735 1.83916
5.09387755102041 6.76239
5.09795918367347 9.9715
5.10204081632653 11.1023
5.10612244897959 4.16607
5.11020408163265 8.2339
5.11428571428571 0.0
5.11836734693878 0.0
5.12244897959184 0.0
5.1265306122449 0.0
5.13061224489796 0.0
5.13469387755102 0.0
5.13877551020408 0.0
5.14285714285714 0.0
5.1469387755102 0.0
5.15102040816326 0.0
5.15510204081633 0.0
5.15918367346939 1.00076
5.16326530612245 21.0824
5.16734693877551 66.5651
5.17142857142857 93.3034
5.17551020408163 114.307
5.17959183673469 118.382
5.18367346938776 105.4
5.18775510204082 85.2177
5.19183673469388 59.4862
5.19591836734694 41.454
5.2 16.4039
5.20408163265306 0.0
5.20816326530612 0.0
5.21224489795918 0.0
5.21632653061225 0.0
5.22040816326531 0.0
5.22448979591837 0.0
5.22857142857143 0.0
5.23265306122449 0.0
5.23673469387755 0.0
5.24081632653061 0.0
5.24489795918367 0.0
5.24897959183673 0.0
5.2530612244898 0.0
5.25714285714286 0.0
5.26122448979592 0.0
5.26530612244898 0.0
5.26938775510204 0.0
5.2734693877551 0.0
5.27755102040816 0.0
5.28163265306122 0.0
5.28571428571429 0.0
5.28979591836735 0.0
5.29387755102041 0.0
5.29795918367347 0.0
5.30204081632653 0.0
5.30612244897959 0.0
5.31020408163265 0.0
5.31428571428571 33.4465
5.31836734693878 21.3265
5.32244897959184 44.6718
5.3265306122449 30.0561
5.33061224489796 20.6839
5.33469387755102 11.9455
5.33877551020408 21.5324
5.34285714285714 8.10177
5.3469387755102 20.0943
5.35102040816327 11.3255
5.35510204081633 33.3836
5.35918367346939 49.4381
5.36326530612245 45.8973
5.36734693877551 46.6645
5.37142857142857 33.1733
5.37551020408163 29.3422
5.37959183673469 37.4246
5.38367346938776 25.5536
5.38775510204082 10.6635
5.39183673469388 1.20175
5.39591836734694 21.0618
5.4 0.0
5.40408163265306 0.0
5.40816326530612 3.28612
5.41224489795918 0.0
5.41632653061224 40.5453
5.42040816326531 50.8762
5.42448979591837 64.1399
5.42857142857143 63.0933
5.43265306122449 66.8744
5.43673469387755 72.4328
5.44081632653061 67.856
5.44489795918367 53.6424
5.44897959183673 32.8106
5.4530612244898 10.5785
5.45714285714286 1.69277
5.46122448979592 0.0
5.46530612244898 0.0
5.46938775510204 0.0
5.4734693877551 0.0
5.47755102040816 0.0
5.48163265306122 0.0
5.48571428571429 0.0
5.48979591836735 0.0
5.49387755102041 0.0
5.49795918367347 0.0
5.50204081632653 0.0
5.50612244897959 0.0
5.51020408163265 0.0
5.51428571428571 0.0
5.51836734693878 0.0
5.52244897959184 0.0
5.5265306122449 0.0
5.53061224489796 0.0
5.53469387755102 0.0
5.53877551020408 0.0
5.54285714285714 0.0
5.5469387755102 0.0
5.55102040816327 0.0
5.55510204081633 0.0
5.55918367346939 0.0
5.56326530612245 0.0
5.56734693877551 0.0
5.57142857142857 0.380397
5.57551020408163 3.58395
5.57959183673469 2.68602
5.58367346938776 0.0
5.58775510204082 0.0
5.59183673469388 0.0
5.59591836734694 0.0
5.6 1.74519
5.60408163265306 0.0
5.60816326530612 0.0
5.61224489795918 0.0
5.61632653061224 0.0
5.62040816326531 0.0
5.62448979591837 1.9303
5.62857142857143 0.542998
5.63265306122449 1.70797
5.63673469387755 0.0
5.64081632653061 39.8476
5.64489795918367 50.7958
5.64897959183673 91.1513
5.6530612244898 145.333
5.65714285714286 233.489
5.66122448979592 227.506
5.66530612244898 195.796
5.66938775510204 162.123
5.6734693877551 128.121
5.67755102040816 98.7251
5.68163265306122 62.3623
5.68571428571429 35.8205
5.68979591836735 7.09283
5.69387755102041 0.0
5.69795918367347 0.0
5.70204081632653 0.0
5.70612244897959 0.0
5.71020408163265 0.0
5.71428571428571 0.0
5.71836734693878 0.0
5.72244897959184 0.0
5.7265306122449 0.0
5.73061224489796 0.0
5.73469387755102 29.8537
5.73877551020408 0.0
5.74285714285714 57.3391
5.7469387755102 0.0
5.75102040816327 0.0
5.75510204081633 35.3229
5.75918367346939 28.2612
5.76326530612245 12.521
5.76734693877551 25.5958
5.77142857142857 15.4212
5.77551020408163 32.2184
5.77959183673469 15.6696
5.78367346938775 29.0368
5.78775510204082 20.0214
5.79183673469388 34.4139
5.79591836734694 4.16487
5.8 15.3116
5.80408163265306 0.0
5.80816326530612 4.86028
5.81224489795918 5.85246
5.81632653061224 12.1187
5.82040816326531 6.88358
5.82448979591837 15.5571
5.82857142857143 8.59979
5.83265306122449 8.61487
5.83673469387755 12.5621
5.84081632653061 0.0
5.84489795918367 3.01272
5.84897959183674 0.0
5.8530612244898 0.978947
5.85714285714286 9.22823
5.86122448979592 15.3355
5.86530612244898 7.75898
5.86938775510204 1.09451
5.8734693877551 0.0
5.87755102040816 0.0
5.88163265306122 0.0
5.88571428571429 0.0
5.88979591836735 0.0
5.89387755102041 0.0
5.89795918367347 0.0
5.90204081632653 0.460029
5.90612244897959 4.20994
5.91020408163265 25.7507
5.91428571428571 52.6652
5.91836734693878 85.6818
5.92244897959184 107.535
5.9265306122449 101.976
5.93061224489796 122.124
5.93469387755102 124.215
5.93877551020408 109.918
5.94285714285714 91.5139
5.9469387755102 76.6454
5.95102040816327 62.5298
5.95510204081633 47.155
5.95918367346939 30.1377
5.96326530612245 11.5763
5.96734693877551 5.41186
5.97142857142857 0.0
5.97551020408163 0.0
5.97959183673469 0.0
5.98367346938775 0.0
5.98775510204082 0.0
5.99183673469388 0.0
5.99591836734694 0.0
6.0 1.87302
6.00408163265306 0.0
6.00816326530612 0.0
6.01224489795918 0.0
6.01632653061225 0.0
6.02040816326531 0.0
6.02448979591837 0.0
6.02857142857143 0.47344
6.03265306122449 15.1532
6.03673469387755 9.9808
6.04081632653061 6.05679
6.04489795918367 0.0
6.04897959183673 0.0
6.0530612244898 0.0
6.05714285714286 0.0
6.06122448979592 0.0
6.06530612244898 0.0
6.06938775510204 0.0
6.0734693877551 0.0
6.07755102040816 0.0
6.08163265306122 0.0
6.08571428571429 0.0
6.08979591836735 0.0
6.09387755102041 0.0
6.09795918367347 0.0
6.10204081632653 0.0
6.10612244897959 0.0
6.11020408163265 0.0
6.11428571428571 0.0
6.11836734693878 0.0
6.12244897959184 0.0
6.1265306122449 7.13956
6.13061224489796 0.0
6.13469387755102 23.0601
6.13877551020408 110.31
6.14285714285714 199.953
6.1469387755102 194.625
6.15102040816326 186.858
6.15510204081633 162.076
6.15918367346939 129.408
6.16326530612245 104.752
6.16734693877551 82.4377
6.17142857142857 58.8363
6.17551020408163 41.819
6.17959183673469 27.889
6.18367346938776 11.397
6.18775510204082 0.0
6.19183673469388 0.0
6.19591836734694 0.0
6.2 0.0
6.20408163265306 0.0
6.20816326530612 0.0
6.21224489795918 0.0
6.21632653061225 0.0
6.22040816326531 0.0
6.22448979591837 0.0
6.22857142857143 0.0
6.23265306122449 0.0
6.23673469387755 0.0
6.24081632653061 0.0
6.24489795918367 0.0
6.24897959183673 0.0
6.2530612244898 0.0
6.25714285714286 0.0
6.26122448979592 0.0
6.26530612244898 0.0
6.26938775510204 0.0
6.2734693877551 0.0
6.27755102040816 0.0722408
6.28163265306122 0.971913
6.28571428571429 2.48981
6.28979591836735 0.0
6.29387755102041 18.6872
6.29795918367347 1.76829
6.30204081632653 6.86926
6.30612244897959 10.1228
6.31020408163265 0.0
6.31428571428571 0.0
6.31836734693878 0.0
6.32244897959184 0.0
6.3265306122449 0.0
6.33061224489796 0.0
6.33469387755102 0.0
6.33877551020408 0.0
6.34285714285714 0.0
6.3469387755102 0.0
6.35102040816327 0.0
6.35510204081633 0.0
6.35918367346939 0.0
6.36326530612245 0.0
6.36734693877551 0.0
6.37142857142857 0.71764
6.37551020408163 2.56044
6.37959183673469 1.51873
6.38367346938776 0.0
6.38775510204082 10.9806
6.39183673469388 4.78032
6.39591836734694 9.15572
6.4 2.76011
6.40408163265306 7.37607
6.40816326530612 6.97151
6.41224489795918 15.8426
6.41632653061224 40.4196
6.42040816326531 67.0291
6.42448979591837 57.197
6.42857142857143 42.4032
6.43265306122449 28.5291
6.43673469387755 17.2838
6.44081632653061 5.54043
6.44489795918367 0.0
6.44897959183673 0.0
6.4530612244898 0.0
6.45714285714286 0.0
6.46122448979592 0.0
6.46530612244898 0.0
6.46938775510204 0.0
6.4734693877551 0.0
6.47755102040816 0.0
6.48163265306122 0.0
6.48571428571429 0.0
6.48979591836735 0.0
6.49387755102041 0.0
6.49795918367347 0.0
6.50204081632653 0.0
6.50612244897959 0.0
6.51020408163265 0.0
6.51428571428571 0.0
6.51836734693878 0.0
6.52244897959184 0.0
6.5265306122449 13.9931
6.53061224489796 14.8658
6.53469387755102 19.7705
6.53877551020408 23.0362
6.54285714285714 18.2391
6.5469387755102 16.3482
6.55102040816327 18.6383
6.55510204081633 12.9644
6.55918367346939 11.623
6.56326530612245 20.0078
6.56734693877551 12.4172
6.57142857142857 9.97362
6.57551020408163 7.28583
6.57959183673469 0.0158846
6.58367346938776 0.0
6.58775510204082 0.73874
6.59183673469388 0.0
6.59591836734694 0.0
6.6 0.0
6.60408163265306 0.0
6.60816326530612 0.0
6.61224489795918 0.0
6.61632653061224 4.6429
6.62040816326531 3.75336
6.62448979591837 87.4436
6.62857142857143 146.594
6.63265306122449 179.075
6.63673469387755 149.367
6.64081632653061 136.544
6.64489795918367 104.467
6.64897959183673 78.7301
6.6530612244898 51.5921
6.65714285714286 33.9565
6.66122448979592 12.6749
6.66530612244898 0.0
6.66938775510204 0.0
6.6734693877551 0.0
6.67755102040816 0.0
6.68163265306122 0.0
6.68571428571429 0.0
6.68979591836735 0.0
6.69387755102041 0.0
6.69795918367347 0.0
6.70204081632653 0.0
6.70612244897959 0.0
6.71020408163265 0.0
6.71428571428571 0.0
6.71836734693878 0.0
6.72244897959184 0.0
6.7265306122449 0.0
6.73061224489796 10.8536
6.73469387755102 0.0
6.73877551020408 34.3493
6.74285714285714 34.5672
6.7469387755102 27.5822
6.75102040816327 35.3498
6.75510204081633 15.4714
6.75918367346939 20.9514
6.76326530612245 16.126
6.76734693877551 4.48021
6.77142857142857 0.0
6.77551020408163 0.0
6.77959183673469 0.0
6.78367346938775 0.0
6.78775510204082 0.0
6.79183673469388 0.0
6.79591836734694 0.0
6.8 0.0
6.80408163265306 0.0
6.80816326530612 0.0
6.81224489795918 0.0
6.81632653061224 0.0
6.82040816326531 0.0
6.82448979591837 0.0
6.82857142857143 0.0
6.83265306122449 0.0
6.83673469387755 0.0
6.84081632653061 0.0
6.84489795918367 0.0
6.84897959183674 0.0
6.8530612244898 0.0
6.85714285714286 0.0
6.86122448979592 0.0
6.86530612244898 0.0
6.86938775510204 29.6072
6.8734693877551 46.2349
6.87755102040816 107.34
6.88163265306122 158.58
6.88571428571429 184.8
6.88979591836735 179.493
6.89387755102041 162.521
6.89795918367347 141.959
6.90204081632653 113.968
6.90612244897959 114.848
6.91020408163265 82.0802
6.91428571428571 65.2125
6.91836734693878 53.6696
6.92244897959184 39.3688
6.9265306122449 25.7031
6.93061224489796 14.4925
6.93469387755102 8.54754
6.93877551020408 17.4199
6.94285714285714 7.93374
6.9469387755102 0.0
6.95102040816327 0.0
6.95510204081633 3.7744
6.95918367346939 1.74117
6.96326530612245 1.91694
6.96734693877551 1.06955
6.97142857142857 6.07932
6.97551020408163 3.43227
6.97959183673469 0.0
6.98367346938775 1.39797
6.98775510204082 0.0
6.99183673469388 0.0
6.99591836734694 0.0
7.0 0.0
7.00408163265306 0.0
7.00816326530612 0.0
7.01224489795918 0.0
7.01632653061225 0.0
7.02040816326531 0.0
7.02448979591837 0.0
7.02857142857143 0.0
7.03265306122449 0.0
7.03673469387755 0.0
7.04081632653061 0.0
7.04489795918367 0.0
7.04897959183673 0.0
7.0530612244898 0.0
7.05714285714286 0.0
7.06122448979592 0.0
7.06530612244898 0.0
7.06938775510204 0.0
7.0734693877551 0.0
7.07755102040816 0.0
7.08163265306122 0.0
7.08571428571429 0.0
7.08979591836735 0.0
7.09387755102041 0.0
7.09795918367347 22.12
7.10204081632653 28.7841
7.10612244897959 89.126
7.11020408163265 165.482
7.11428571428571 203.01
7.11836734693878 208.513
7.12244897959184 187.25
7.1265306122449 161.06
7.13061224489796 125.53
7.13469387755102 98.8159
7.13877551020408 74.7072
7.14285714285714 53.01
7.1469387755102 28.0472
7.15102040816326 7.92503
7.15510204081633 0.0
7.15918367346939 0.0
7.16326530612245 0.0
7.16734693877551 0.0
7.17142857142857 0.0
7.17551020408163 0.0
7.17959183673469 0.0
7.18367346938776 0.0
7.18775510204082 0.0
7.19183673469388 0.0
7.19591836734694 0.0
7.2 0.0
7.20408163265306 0.0
7.20816326530612 0.0
7.21224489795918 0.0
7.21632653061225 0.0
7.22040816326531 0.0
7.22448979591837 0.0
7.22857142857143 0.0
7.23265306122449 0.0
7.23673469387755 0.0
7.24081632653061 0.0
7.24489795918367 0.0
7.24897959183673 0.0
7.2530612244898 0.0
7.25714285714286 0.0
7.26122448979592 0.0
7.26530612244898 0.0
7.26938775510204 0.485063
7.2734693877551 7.10142
7.27755102040816 22.5543
7.28163265306122 42.9852
7.28571428571429 32.6797
7.28979591836735 43.7719
7.29387755102041 64.1768
7.29795918367347 73.4341
7.30204081632653 67.7038
7.30612244897959 60.709
7.31020408163265 46.0854
7.31428571428571 31.7512
7.31836734693878 20.0044
7.32244897959184 10.5848
7.3265306122449 9.17405
7.33061224489796 0.0
7.33469387755102 0.0
7.33877551020408 0.0
7.34285714285714 0.0
7.3469387755102 0.0
7.35102040816327 0.0
7.35510204081633 0.0
7.35918367346939 0.0
7.36326530612245 0.0
7.36734693877551 0.0
7.37142857142857 0.0
7.37551020408163 0.0
7.37959183673469 2.10398
7.38367346938776 10.3145
7.38775510204082 14.4073
7.39183673469388 11.242
7.39591836734694 7.48691
7.4 3.4205
7.40408163265306 5.10621
7.40816326530612 1.47712
7.41224489795918 0.0
7.41632653061224 0.0
7.42040816326531 0.0
7.42448979591837 0.0
7.42857142857143 0.0
7.43265306122449 0.0
7.43673469387755 0.0
7.44081632653061 0.0
7.44489795918367 0.0
7.44897959183673 0.0
7.4530612244898 0.0
7.45714285714286 0.0
7.46122448979592 0.0
7.46530612244898 0.0
7.46938775510204 0.0
7.4734693877551 0.0
7.47755102040816 0.0
7.48163265306122 0.0
7.48571428571429 0.0
7.48979591836735 0.0
7.49387755102041 0.0
7.49795918367347 0.0
7.50204081632653 0.0
7.50612244897959 0.0
7.51020408163265 0.0
7.51428571428571 0.0
7.51836734693878 0.0
7.52244897959184 0.0
7.5265306122449 0.0
7.53061224489796 0.0
7.53469387755102 0.0
7.53877551020408 0.0
7.54285714285714 0.0
7.5469387755102 0.0
7.55102040816327 0.0
7.55510204081633 0.0
7.55918367346939 0.0
7.56326530612245 0.0
7.56734693877551 0.0
7.57142857142857 0.0
7.57551020408163 0.0
7.57959183673469 32.2303
7.58367346938776 80.2833
7.58775510204082 224.038
7.59183673469388 143.645
7.59591836734694 300.726
7.6 281.375
7.60408163265306 234.58
7.60816326530612 189.982
7.61224489795918 155.434
7.61632653061224 117.351
7.62040816326531 87.877
7.62448979591837 58.0846
7.62857142857143 26.6253
7.63265306122449 0.564098
7.63673469387755 0.0
7.64081632653061 0.0
7.64489795918367 0.0
7.64897959183673 0.0
7.6530612244898 0.0
7.65714285714286 0.0
7.66122448979592 0.0
7.66530612244898 0.0
7.66938775510204 0.0
7.6734693877551 0.0
7.67755102040816 0.0
7.68163265306122 0.0
7.68571428571429 0.0
7.68979591836735 0.0
7.69387755102041 0.0
7.69795918367347 6.65826
7.70204081632653 35.5366
7.70612244897959 37.1554
7.71020408163265 53.9684
7.71428571428571 36.949
7.71836734693878 40.8237
7.72244897959184 48.3055
7.7265306122449 42.9673
7.73061224489796 25.0859
7.73469387755102 11.3568
7.73877551020408 14.4896
7.74285714285714 0.0
7.7469387755102 0.0
7.75102040816327 5.93376
7.75510204081633 0.0
7.75918367346939 8.25915
7.76326530612245 27.2079
7.76734693877551 26.6159
7.77142857142857 0.0
7.77551020408163 17.2069
7.77959183673469 7.13704
7.78367346938775 31.6677
7.78775510204082 13.4278
7.79183673469388 12.144
7.79591836734694 9.08065
7.8 3.99184
7.80408163265306 0.0
7.80816326530612 0.0
7.81224489795918 0.0
7.81632653061224 0.0
7.82040816326531 0.0
7.82448979591837 16.7175
7.82857142857143 60.8705
7.83265306122449 101.142
7.83673469387755 121.304
7.84081632653061 125.959
7.84489795918367 117.913
7.84897959183674 102.909
7.8530612244898 89.3353
7.85714285714286 76.1001
7.86122448979592 66.8951
7.86530612244898 40.3616
7.86938775510204 18.1391
7.8734693877551 7.37166
7.87755102040816 0.0
7.88163265306122 0.0
7.88571428571429 0.0
7.88979591836735 0.0
7.89387755102041 0.0
7.89795918367347 0.0
7.90204081632653 0.0
7.90612244897959 17.1437
7.91020408163265 19.3896
7.91428571428571 29.2876
7.91836734693878 28.7155
7.92244897959184 23.6158
7.9265306122449 21.4695
7.93061224489796 10.0889
7.93469387755102 2.70933
7.93877551020408 0.0
7.94285714285714 0.0
7.9469387755102 0.0
7.95102040816327 0.0
7.95510204081633 0.0
7.95918367346939 0.0
7.96326530612245 0.0
7.96734693877551 0.0
7.97142857142857 0.0
7.97551020408163 0.0
7.97959183673469 0.0
7.98367346938775 0.0
7.98775510204082 0.0
7.99183673469388 0.0
7.99591836734694 0.0
8.0 0.0
8.00408163265306 0.0
8.00816326530612 0.0
8.01224489795918 0.0
8.01632653061225 0.0
8.02040816326531 0.0
8.02448979591837 0.0
8.02857142857143 0.0
8.03265306122449 0.0
8.03673469387755 0.0
8.04081632653061 0.0
8.04489795918367 0.0
8.04897959183674 0.0
8.0530612244898 0.0
8.05714285714286 0.0
8.06122448979592 0.0
8.06530612244898 0.0
8.06938775510204 127.765
8.0734693877551 56.1254
8.07755102040816 160.944
8.08163265306122 275.115
8.08571428571429 277.8
8.08979591836735 229.443
8.09387755102041 195.331
8.09795918367347 157.23
8.10204081632653 127.408
8.10612244897959 96.5032
8.11020408163265 71.5235
8.11428571428571 53.7303
8.11836734693878 39.996
8.12244897959184 27.1829
8.1265306122449 23.4132
8.13061224489796 15.4196
8.13469387755102 0.784159
8.13877551020408 0.0
8.14285714285714 0.0
8.1469387755102 0.0
8.15102040816327 0.0
8.15510204081633 0.0
8.15918367346939 0.0
8.16326530612245 0.0
8.16734693877551 0.0
8.17142857142857 0.0
8.17551020408163 0.0
8.17959183673469 0.0
8.18367346938776 0.0
8.18775510204082 0.0
8.19183673469388 0.0
8.19591836734694 0.0
8.2 0.0
8.20408163265306 0.0
8.20816326530612 0.0
8.21224489795918 0.0
8.21632653061224 0.0
8.22040816326531 0.0
8.22448979591837 0.0
8.22857142857143 0.0
8.23265306122449 0.0
8.23673469387755 0.0
8.24081632653061 11.991
8.24489795918367 17.4116
8.24897959183673 12.2262
8.2530612244898 12.3194
8.25714285714286 0.0
8.26122448979592 0.0
8.26530612244898 0.0
8.26938775510204 0.0
8.2734693877551 0.0
8.27755102040816 0.0
8.28163265306122 0.0
8.28571428571429 0.0
8.28979591836735 4.42605
8.29387755102041 5.44584
8.29795918367347 9.07099
8.30204081632653 0.0
8.30612244897959 2.10215
8.31020408163265 11.048
8.31428571428571 3.2468
8.31836734693877 0.0
8.32244897959184 0.0
8.3265306122449 0.0
8.33061224489796 17.1028
8.33469387755102 9.06462
8.33877551020408 49.2897
8.34285714285714 97.5848
8.3469387755102 63.7439
8.35102040816327 111.015
8.35510204081633 156.292
8.35918367346939 145.025
8.36326530612245 115.871
8.36734693877551 85.2143
8.37142857142857 58.8893
8.37551020408163 37.59
8.37959183673469 17.6719
8.38367346938776 1.97661
8.38775510204082 0.0
8.39183673469388 0.0
8.39591836734694 0.0
8.4 0.0
8.40408163265306 0.0
8.40816326530612 0.0
8.41224489795918 0.0
8.41632653061225 0.0
8.42040816326531 0.0
8.42448979591837 0.0
8.42857142857143 0.0
8.43265306122449 0.0
8.43673469387755 0.0
8.44081632653061 0.0
8.44489795918367 0.0
8.44897959183673 3.73772
8.4530612244898 40.2861
8.45714285714286 92.277
8.46122448979592 125.553
8.46530612244898 115.022
8.46938775510204 104.156
8.4734693877551 90.4543
8.47755102040816 62.7773
8.48163265306122 38.0977
8.48571428571429 15.5094
8.48979591836735 0.0
8.49387755102041 0.0
8.49795918367347 0.0
8.50204081632653 0.0
8.50612244897959 0.0
8.51020408163265 0.0
8.51428571428571 0.0
8.51836734693878 0.0
8.52244897959184 0.0
8.5265306122449 0.0
8.53061224489796 0.0
8.53469387755102 0.0
8.53877551020408 0.0
8.54285714285714 0.0
8.5469387755102 0.0
8.55102040816327 0.0
8.55510204081633 0.0
8.55918367346939 46.8338
8.56326530612245 30.2606
8.56734693877551 92.6322
8.57142857142857 198.896
8.57551020408163 192.958
8.57959183673469 173.934
8.58367346938775 163.179
8.58775510204082 131.616
8.59183673469388 110.289
8.59591836734694 82.0185
8.6 54.89
8.60408163265306 31.3554
8.60816326530612 7.35533
8.61224489795918 0.0
8.61632653061224 0.0
8.62040816326531 0.0
8.62448979591837 0.0
8.62857142857143 0.0
8.63265306122449 0.0
8.63673469387755 0.0
8.64081632653061 0.0
8.64489795918367 0.0
8.64897959183673 0.0
8.6530612244898 0.0
8.65714285714286 0.0
8.66122448979592 0.0
8.66530612244898 0.0
8.66938775510204 0.915647
8.6734693877551 13.6463
8.67755102040816 3.25701
8.68163265306123 29.6333
8.68571428571429 26.3337
8.68979591836735 20.0379
8.69387755102041 22.9283
8.69795918367347 12.1389
8.70204081632653 14.8632
8.70612244897959 12.6415
8.71020408163265 7.77477
8.71428571428571 6.60712
8.71836734693878 6.28471
8.72244897959184 9.66656
8.7265306122449 4.08584
8.73061224489796 9.74751
8.73469387755102 9.78142
8.73877551020408 6.07049
8.74285714285714 7.0101
8.7469387755102 1.64163
8.75102040816327 9.50778
8.75510204081633 7.75361
8.75918367346939 7.51692
8.76326530612245 6.08277
8.76734693877551 3.20655
8.77142857142857 0.0
8.77551020408163 0.0
8.77959183673469 0.0
8.78367346938776 0.204027
8.78775510204082 0.0
8.79183673469388 0.0
8.79591836734694 0.0
8.8 0.0
8.80408163265306 0.0
8.80816326530612 0.0
8.81224489795918 18.681
8.81632653061224 32.0231
8.82040816326531 35.6565
8.82448979591837 42.12
8.82857142857143 55.0925
8.83265306122449 66.4197
8.83673469387755 68.4277
8.84081632653061 53.6261
8.84489795918367 43.6214
8.84897959183673 23.5909
8.8530612244898 11.1666
8.85714285714286 5.08189
8.86122448979592 0.0
8.86530612244898 0.0
8.86938775510204 0.0
8.8734693877551 0.0
8.87755102040816 4.94099
8.88163265306122 3.90434
8.88571428571429 16.8449
8.88979591836735 18.0193
8.89387755102041 19.4063
8.89795918367347 22.8093
8.90204081632653 11.6812
8.90612244897959 13.7191
8.91020408163265 11.3698
8.91428571428571 6.29258
8.91836734693878 2.95258
8.92244897959184 1.07455
8.9265306122449 0.0
8.93061224489796 0.0
8.93469387755102 0.0
8.93877551020408 0.0
8.94285714285714 0.0
8.9469387755102 0.0
8.95102040816326 0.0
8.95510204081633 0.0
8.95918367346939 0.0
8.96326530612245 0.0
8.96734693877551 0.0
8.97142857142857 0.0
8.97551020408163 0.0
8.97959183673469 0.0
8.98367346938775 0.0
8.98775510204082 0.0
8.99183673469388 0.0
8.99591836734694 0.0
9.0 0.658274
9.00408163265306 0.0
9.00816326530612 0.0
9.01224489795918 0.0
9.01632653061225 0.271678
9.02040816326531 6.01268
9.02448979591837 0.723422
9.02857142857143 0.0
9.03265306122449 0.0
9.03673469387755 0.0
9.04081632653061 17.0534
9.04489795918367 26.8862
9.04897959183674 80.9829
9.0530612244898 172.365
9.05714285714286 208.831
9.06122448979592 215.147
9.06530612244898 190.94
9.06938775510204 156.078
9.0734693877551 129.596
9.07755102040816 97.5723
9.08163265306122 77.8365
9.08571428571429 50.8063
9.08979591836735 26.8314
9.09387755102041 12.1199
9.09795918367347 1.86032
9.10204081632653 0.0
9.10612244897959 0.0
9.11020408163265 0.0
9.11428571428571 0.0
9.11836734693878 0.0
9.12244897959184 0.0
9.1265306122449 0.0
9.13061224489796 0.0
9.13469387755102 0.0
9.13877551020408 0.0
9.14285714285714 0.0
9.1469387755102 0.0
9.15102040816327 0.0
9.15510204081633 0.0
9.15918367346939 0.0
9.16326530612245 0.0
9.16734693877551 0.0
9.17142857142857 0.0
9.17551020408163 0.0
9.17959183673469 0.0
9.18367346938776 0.0
9.18775510204082 0.0
9.19183673469388 0.0
9.19591836734694 0.0
9.2 0.0
9.20408163265306 0.0
9.20816326530612 0.0
9.21224489795918 0.0
9.21632653061224 0.0
9.22040816326531 0.0
9.22448979591837 6.38685
9.22857142857143 0.0
9.23265306122449 10.4602
9.23673469387755 0.0
9.24081632653061 0.0
9.24489795918367 3.5761
9.24897959183673 2.10047
9.2530612244898 0.0884533
9.25714285714286 0.0
9.26122448979592 4.39957
9.26530612244898 1.0353
9.26938775510204 0.0
9.2734693877551 0.0
9.27755102040816 0.0
9.28163265306122 0.0
9.28571428571429 0.0
9.28979591836735 0.0
9.29387755102041 8.12614
9.29795918367347 0.0
9.30204081632653 13.3058
9.30612244897959 21.6099
9.31020408163265 32.4129
9.31428571428571 40.2226
9.31836734693877 96.9359
9.32244897959184 102.829
9.3265306122449 86.7898
9.33061224489796 61.0389
9.33469387755102 47.3502
9.33877551020408 38.4484
9.34285714285714 42.5202
9.3469387755102 42.0701
9.35102040816327 41.6663
9.35510204081633 29.0325
9.35918367346939 15.7655
9.36326530612245 7.3148
9.36734693877551 0.0
9.37142857142857 0.0
9.37551020408163 0.0
9.37959183673469 0.0
9.38367346938776 0.0
9.38775510204082 0.0
9.39183673469388 0.0
9.39591836734694 0.0
9.4 0.0
9.40408163265306 0.0
9.40816326530612 0.0
9.41224489795918 0.0
9.41632653061225 0.0
9.42040816326531 0.0
9.42448979591837 0.0
9.42857142857143 0.0
9.43265306122449 0.0
9.43673469387755 0.0
9.44081632653061 0.0
9.44489795918367 0.0
9.44897959183673 0.0
9.4530612244898 0.0
9.45714285714286 0.0
9.46122448979592 0.0
9.46530612244898 0.0
9.46938775510204 0.0
9.4734693877551 0.0
9.47755102040816 0.610828
9.48163265306122 0.0
9.48571428571429 14.7739
9.48979591836735 14.6414
9.49387755102041 29.4851
9.49795918367347 29.3968
9.50204081632653 68.3453
9.50612244897959 85.0366
9.51020408163265 76.3121
9.51428571428571 71.5948
9.51836734693878 61.8543
9.52244897959184 62.8314
9.5265306122449 59.2116
9.53061224489796 73.14
9.53469387755102 55.8721
9.53877551020408 79.8861
9.54285714285714 108.034
9.5469387755102 152.757
9.55102040816327 150.567
9.55510204081633 153.403
9.55918367346939 125.203
9.56326530612245 100.887
9.56734693877551 68.4401
9.57142857142857 47.7626
9.57551020408163 20.4808
9.57959183673469 6.83308
9.58367346938775 0.0
9.58775510204082 0.0
9.59183673469388 0.0
9.59591836734694 0.0
9.6 0.0
9.60408163265306 0.0
9.60816326530612 0.0
9.61224489795918 0.0
9.61632653061224 0.0
9.62040816326531 0.0
9.62448979591837 0.0
9.62857142857143 0.0
9.63265306122449 0.0
9.63673469387755 0.0
9.64081632653061 0.0
9.64489795918367 51.0492
9.64897959183673 0.0
9.6530612244898 0.0
9.65714285714286 60.3146
9.66122448979592 0.0
9.66530612244898 36.4909
9.66938775510204 0.0
9.6734693877551 9.02394
9.67755102040816 1.87421
9.68163265306123 1.50413
9.68571428571429 0.0
9.68979591836735 0.0
9.69387755102041 0.0
9.69795918367347 0.0
9.70204081632653 0.0
9.70612244897959 0.0
9.71020408163265 0.631928
9.71428571428571 0.0
9.71836734693878 10.0078
9.72244897959184 12.1169
9.7265306122449 0.0
9.73061224489796 0.0
9.73469387755102 1.11938
9.73877551020408 0.0
9.74285714285714 0.0
9.7469387755102 0.0
9.75102040816327 0.0
9.75510204081633 0.0
9.75918367346939 0.40254
9.76326530612245 2.52762
9.76734693877551 17.657
9.77142857142857 8.89391
9.77551020408163 0.0
9.77959183673469 15.9757
9.78367346938776 3.12391
9.78775510204082 7.22663
9.79183673469388 11.2299
9.79591836734694 18.1267
9.8 23.8438
9.80408163265306 60.7084
9.80816326530612 82.7605
9.81224489795918 91.8268
9.81632653061224 90.6741
9.82040816326531 85.7114
9.82448979591837 74.1897
9.82857142857143 57.8615
9.83265306122449 46.3884
9.83673469387755 32.1122
9.84081632653061 13.3895
9.84489795918367 0.976175
9.84897959183673 0.0
9.8530612244898 0.0
9.85714285714286 0.0
9.86122448979592 0.0
9.86530612244898 0.0
9.86938775510204 0.0
9.8734693877551 0.0
9.87755102040816 0.0
9.88163265306122 0.0
9.88571428571429 0.0
9.88979591836735 0.0
9.89387755102041 0.0
9.89795918367347 0.0
9.90204081632653 0.0
9.90612244897959 0.0
9.91020408163265 0.0
9.91428571428571 0.0
9.91836734693878 0.0
9.92244897959184 0.0
9.9265306122449 0.0
9.93061224489796 0.0
9.93469387755102 0.0
9.93877551020408 0.347763
9.94285714285714 0.322908
9.9469387755102 0.0
9.95102040816326 0.0
9.95510204081633 0.0
9.95918367346939 0.0
9.96326530612245 0.621527
9.96734693877551 2.40586
9.97142857142857 15.8538
9.97551020408163 38.7113
9.97959183673469 70.8541
9.98367346938775 89.8724
9.98775510204082 114.176
9.99183673469388 138.88
9.99591836734694 125.806
10.0 106.993
10.0040816326531 84.6429
10.0081632653061 64.8259
10.0122448979592 68.8052
10.0163265306122 75.4355
10.0204081632653 70.367
10.0244897959184 177.721
10.0285714285714 215.964
10.0326530612245 211.451
10.0367346938776 192.198
10.0408163265306 170.713
10.0448979591837 145.566
10.0489795918367 113.784
10.0530612244898 94.3247
10.0571428571429 71.8418
10.0612244897959 48.5497
10.065306122449 26.9346
10.069387755102 8.8675
10.0734693877551 0.0
10.0775510204082 0.0
10.0816326530612 0.0
10.0857142857143 0.0
10.0897959183673 0.0
10.0938775510204 0.0
10.0979591836735 0.0
10.1020408163265 0.0
10.1061224489796 0.0
10.1102040816327 0.0
10.1142857142857 0.0
10.1183673469388 0.0
10.1224489795918 0.0
10.1265306122449 0.0
10.130612244898 0.0
10.134693877551 0.0
10.1387755102041 0.0
10.1428571428571 0.0
10.1469387755102 0.897586
10.1510204081633 0.0
10.1551020408163 0.0
10.1591836734694 0.0545979
10.1632653061224 0.0
10.1673469387755 0.0
10.1714285714286 14.0521
10.1755102040816 28.9606
10.1795918367347 25.3336
10.1836734693878 33.8948
10.1877551020408 39.7985
10.1918367346939 38.667
10.1959183673469 40.9325
10.2 25.2891
10.2040816326531 25.4313
10.2081632653061 18.5289
10.2122448979592 9.82952
10.2163265306122 12.6636
10.2204081632653 1.32817
10.2244897959184 0.0
10.2285714285714 0.0
10.2326530612245 0.0
10.2367346938776 0.0
10.2408163265306 0.0
10.2448979591837 0.0
10.2489795918367 0.02563
10.2530612244898 5.26768
10.2571428571429 0.0
10.2612244897959 0.0
10.265306122449 0.0
10.269387755102 0.0
10.2734693877551 0.791967
10.2775510204082 0.0
10.2816326530612 0.0
10.2857142857143 1.23793
10.2897959183673 8.66956
10.2938775510204 10.9847
10.2979591836735 28.2093
10.3020408163265 37.8703
10.3061224489796 42.7683
10.3102040816327 34.83
10.3142857142857 19.7173
10.3183673469388 7.91055
10.3224489795918 4.89742
10.3265306122449 13.7069
10.330612244898 2.4581
10.334693877551 0.0
10.3387755102041 0.0
10.3428571428571 0.0
10.3469387755102 0.0
10.3510204081633 0.0
10.3551020408163 0.0
10.3591836734694 0.0
10.3632653061224 14.9752
10.3673469387755 11.7237
10.3714285714286 20.7988
10.3755102040816 25.1246
10.3795918367347 24.7736
10.3836734693878 23.6852
10.3877551020408 20.2914
10.3918367346939 13.8206
10.3959183673469 5.78761
10.4 3.27696
10.4040816326531 0.0
10.4081632653061 0.0
10.4122448979592 0.0
10.4163265306122 0.0
10.4204081632653 0.0
10.4244897959184 0.0
10.4285714285714 0.0
10.4326530612245 0.0
10.4367346938776 0.0
10.4408163265306 0.0
10.4448979591837 0.0
10.4489795918367 0.0
10.4530612244898 0.0
10.4571428571429 0.0
10.4612244897959 0.0
10.465306122449 0.0
10.469387755102 0.0
10.4734693877551 0.0
10.4775510204082 0.0
10.4816326530612 0.0
10.4857142857143 3.37508
10.4897959183673 7.21169
10.4938775510204 3.83615
10.4979591836735 9.01803
10.5020408163265 12.0336
10.5061224489796 49.9138
10.5102040816327 60.3122
10.5142857142857 89.3817
10.5183673469388 102.493
10.5224489795918 112.917
10.5265306122449 91.9239
10.530612244898 83.7276
10.534693877551 61.3426
10.5387755102041 45.3174
10.5428571428571 26.1571
10.5469387755102 7.72303
10.5510204081633 0.0665784
10.5551020408163 0.0
10.5591836734694 0.0
10.5632653061224 0.0
10.5673469387755 0.0
10.5714285714286 0.0
10.5755102040816 0.0
10.5795918367347 0.0
10.5836734693878 0.0
10.5877551020408 0.0
10.5918367346939 0.0
10.5959183673469 0.0
10.6 0.0
10.6040816326531 0.0
10.6081632653061 0.0
10.6122448979592 13.5939
10.6163265306122 24.373
10.6204081632653 20.3686
10.6244897959184 16.0619
10.6285714285714 26.3536
10.6326530612245 19.4203
10.6367346938776 15.7223
10.6408163265306 15.6494
10.6448979591837 5.21487
10.6489795918367 0.385761
10.6530612244898 0.953317
10.6571428571429 0.0
10.6612244897959 0.0
10.665306122449 0.0
10.669387755102 0.0
10.6734693877551 0.0
10.6775510204082 0.169218
10.6816326530612 6.07917
10.6857142857143 7.44462
10.6897959183673 9.95582
10.6938775510204 11.9523
10.6979591836735 6.1371
10.7020408163265 1.73467
10.7061224489796 1.72108
10.7102040816327 1.97911
10.7142857142857 0.0
10.7183673469388 0.0
10.7224489795918 0.0
10.7265306122449 0.0
10.730612244898 0.0980496
10.734693877551 0.0
10.7387755102041 0.0
10.7428571428571 0.0
10.7469387755102 0.0
10.7510204081633 0.0
10.7551020408163 0.0
10.7591836734694 0.0
10.7632653061224 0.0
10.7673469387755 0.0
10.7714285714286 0.0
10.7755102040816 0.0
10.7795918367347 1.42378
10.7836734693878 1.08695
10.7877551020408 0.0
10.7918367346939 6.99389
10.7959183673469 0.0
10.8 0.0
10.8040816326531 3.05936
10.8081632653061 0.4614
10.8122448979592 0.0
10.8163265306122 0.0
10.8204081632653 0.0
10.8244897959184 0.0
10.8285714285714 0.0
10.8326530612245 0.0
10.8367346938776 0.0
10.8408163265306 0.0
10.8448979591837 0.0
10.8489795918367 0.0
10.8530612244898 0.0
10.8571428571429 0.0
10.8612244897959 0.0
10.865306122449 0.0
10.869387755102 0.0
10.8734693877551 0.0
10.8775510204082 0.0
10.8816326530612 0.0
10.8857142857143 0.0
10.8897959183673 0.0
10.8938775510204 0.0
10.8979591836735 1.34554
10.9020408163265 0.285029
10.9061224489796 0.0
10.9102040816327 0.0
10.9142857142857 0.0
10.9183673469388 0.0
10.9224489795918 0.0
10.9265306122449 0.0
10.930612244898 0.0
10.934693877551 0.0
10.9387755102041 2.25964
10.9428571428571 0.0905395
10.9469387755102 3.22941
10.9510204081633 0.0
10.9551020408163 0.0
10.9591836734694 0.0
10.9632653061224 0.0
10.9673469387755 0.0
10.9714285714286 0.0
10.9755102040816 0.0
10.9795918367347 0.0
10.9836734693878 102.131
10.9877551020408 68.2983
10.9918367346939 40.914
10.9959183673469 232.261
11.0 267.466
11.0040816326531 216.591
11.0081632653061 190.446
11.0122448979592 154.861
11.0163265306122 128.21
11.0204081632653 103.607
11.0244897959184 76.4856
11.0285714285714 50.4988
11.0326530612245 26.4923
11.0367346938776 2.03609
11.0408163265306 0.0
11.0448979591837 0.0
11.0489795918367 0.0
11.0530612244898 0.0
11.0571428571429 0.0
11.0612244897959 0.0
11.065306122449 0.0
11.069387755102 0.0
11.0734693877551 0.0
11.0775510204082 0.0
11.0816326530612 0.0
11.0857142857143 0.0
11.0897959183673 0.0
11.0938775510204 0.0
11.0979591836735 0.0
11.1020408163265 0.0
11.1061224489796 0.0
11.1102040816327 0.0
11.1142857142857 0.0
11.1183673469388 0.0
11.1224489795918 0.0
11.1265306122449 0.947416
11.130612244898 0.263065
11.134693877551 0.0
11.1387755102041 0.0
11.1428571428571 0.0
11.1469387755102 0.0
11.1510204081633 0.0
11.1551020408163 0.0
11.1591836734694 0.0
11.1632653061224 0.157177
11.1673469387755 8.60029
11.1714285714286 0.0
11.1755102040816 0.0
11.1795918367347 0.0
11.1836734693878 0.0
11.1877551020408 0.0
11.1918367346939 0.0
11.1959183673469 0.0
11.2 0.0
11.2040816326531 0.0
11.2081632653061 0.0
11.2122448979592 0.0
11.2163265306122 0.0
11.2204081632653 0.0
11.2244897959184 0.0
11.2285714285714 0.0
11.2326530612245 0.0
11.2367346938776 3.05736
11.2408163265306 0.0
11.2448979591837 0.0
11.2489795918367 0.0
11.2530612244898 0.0
11.2571428571429 2.07837
11.2612244897959 20.6646
11.265306122449 45.7196
11.269387755102 79.2325
11.2734693877551 103.183
11.2775510204082 101.856
11.2816326530612 98.9043
11.2857142857143 95.825
11.2897959183673 80.7421
11.2938775510204 61.4728
11.2979591836735 46.6197
11.3020408163265 41.9823
11.3061224489796 29.5181
11.3102040816327 15.4547
11.3142857142857 1.77655
11.3183673469388 0.0
11.3224489795918 0.0
11.3265306122449 0.0
11.330612244898 0.0
11.334693877551 0.0
11.3387755102041 0.0
11.3428571428571 0.0
11.3469387755102 0.0
11.3510204081633 0.0
11.3551020408163 0.0
11.3591836734694 0.0
11.3632653061224 0.0
11.3673469387755 0.0
11.3714285714286 0.0
11.3755102040816 0.0
11.3795918367347 0.0
11.3836734693878 0.0
11.3877551020408 0.0
11.3918367346939 0.0
11.3959183673469 3.44208
11.4 6.43843
11.4040816326531 6.81928
11.4081632653061 12.8966
11.4122448979592 14.2228
11.4163265306122 37.4925
11.4204081632653 58.8767
11.4244897959184 62.1205
11.4285714285714 49.1242
11.4326530612245 54.6342
11.4367346938776 47.3388
11.4408163265306 37.513
11.4448979591837 39.9443
11.4489795918367 13.0584
11.4530612244898 1.37328
11.4571428571429 0.0
11.4612244897959 0.0
11.465306122449 0.0
11.469387755102 0.0
11.4734693877551 3.04115
11.4775510204082 3.17883
11.4816326530612 30.8501
11.4857142857143 153.243
11.4897959183673 189.29
11.4938775510204 225.371
11.4979591836735 211.361
11.5020408163265 175.065
11.5061224489796 140.343
11.5102040816327 110.955
11.5142857142857 88.582
11.5183673469388 63.9817
11.5224489795918 38.2147
11.5265306122449 13.9655
11.530612244898 0.0
11.534693877551 0.0
11.5387755102041 0.0
11.5428571428571 0.0
11.5469387755102 0.0
11.5510204081633 0.0
11.5551020408163 0.0
11.5591836734694 0.0
11.5632653061224 0.0
11.5673469387755 0.0
11.5714285714286 0.0
11.5755102040816 0.0
11.5795918367347 0.0
11.5836734693878 2.46819
11.5877551020408 19.1059
11.5918367346939 29.1191
11.5959183673469 33.9411
11.6 36.6659
11.6040816326531 36.0035
11.6081632653061 31.639
11.6122448979592 28.1459
11.6163265306122 29.6761
11.6204081632653 27.2647
11.6244897959184 17.8429
11.6285714285714 9.20999
11.6326530612245 0.0
11.6367346938776 0.0
11.6408163265306 0.0
11.6448979591837 0.0
11.6489795918367 0.0
11.6530612244898 0.0
11.6571428571429 0.0
11.6612244897959 0.0
11.665306122449 0.0
11.669387755102 0.0
11.6734693877551 0.0
11.6775510204082 0.0
11.6816326530612 0.0
11.6857142857143 0.0
11.6897959183673 0.0
11.6938775510204 0.0
11.6979591836735 0.0
11.7020408163265 0.0
11.7061224489796 0.0
11.7102040816327 0.0
11.7142857142857 0.0
11.7183673469388 0.0
11.7224489795918 0.0
11.7265306122449 0.0
11.730612244898 0.0
11.734693877551 0.0
11.7387755102041 0.799865
11.7428571428571 0.0
11.7469387755102 0.0
11.7510204081633 0.149369
11.7551020408163 13.9282
11.7591836734694 16.2739
11.7632653061224 14.4938
11.7673469387755 6.57976
11.7714285714286 0.37384
11.7755102040816 2.25854
11.7795918367347 0.210404
11.7836734693878 0.0
11.7877551020408 0.0
11.7918367346939 0.0
11.7959183673469 0.0
11.8 0.0
11.8040816326531 0.0
11.8081632653061 0.0
11.8122448979592 0.0
11.8163265306122 0.0
11.8204081632653 0.0
11.8244897959184 0.0
11.8285714285714 0.0
11.8326530612245 0.0
11.8367346938776 0.0
11.8408163265306 0.0
11.8448979591837 0.0
11.8489795918367 0.0
11.8530612244898 0.0
11.8571428571429 0.0
11.8612244897959 0.0
11.865306122449 0.0
11.869387755102 0.0
11.8734693877551 0.0
11.8775510204082 0.0
11.8816326530612 0.0
11.8857142857143 0.0
11.8897959183673 0.0
11.8938775510204 0.0
11.8979591836735 0.0
11.9020408163265 0.0
11.9061224489796 0.0
11.9102040816327 0.0
11.9142857142857 0.0
11.9183673469388 0.0
11.9224489795918 0.0
11.9265306122449 0.0
11.930612244898 0.0
11.934693877551 0.0
11.9387755102041 0.0
11.9428571428571 0.0
11.9469387755102 0.0
11.9510204081633 0.0
11.9551020408163 79.8065
11.9591836734694 14.7804
11.9632653061224 73.6411
11.9673469387755 166.739
11.9714285714286 201.228
11.9755102040816 225.505
11.9795918367347 204.559
11.9836734693878 177.681
11.9877551020408 143.774
11.9918367346939 122.625
11.9959183673469 96.2248
12.0 70.6734
12.0040816326531 51.9183
12.0081632653061 35.0863
12.0122448979592 15.682
12.0163265306122 0.0
12.0204081632653 0.0
12.0244897959184 0.0
12.0285714285714 0.0
12.0326530612245 0.0
12.0367346938776 0.0
12.0408163265306 0.0
12.0448979591837 0.0
12.0489795918367 0.0
12.0530612244898 0.0
12.0571428571429 0.0
12.0612244897959 0.0
12.065306122449 0.0
12.069387755102 0.0
12.0734693877551 0.0
12.0775510204082 0.0
12.0816326530612 0.0
12.0857142857143 0.0
12.0897959183673 0.0
12.0938775510204 0.0
12.0979591836735 8.2733
12.1020408163265 19.8755
12.1061224489796 12.9235
12.1102040816327 18.9953
12.1142857142857 17.1377
12.1183673469388 21.9261
12.1224489795918 25.6751
12.1265306122449 22.2769
12.130612244898 13.3498
12.134693877551 20.5733
12.1387755102041 18.0666
12.1428571428571 16.1919
12.1469387755102 15.2731
12.1510204081633 18.4454
12.1551020408163 15.1316
12.1591836734694 15.5911
12.1632653061224 20.0137
12.1673469387755 22.1628
12.1714285714286 13.6551
12.1755102040816 9.86749
12.1795918367347 9.95159
12.1836734693878 12.243
12.1877551020408 6.96498
12.1918367346939 0.0
12.1959183673469 0.0
12.2 0.656009
12.2040816326531 1.49238
12.2081632653061 0.0
12.2122448979592 0.0
12.2163265306122 0.0
12.2204081632653 0.0
12.2244897959184 0.0
12.2285714285714 0.0
12.2326530612245 0.0
12.2367346938776 0.0
12.2408163265306 0.0
12.2448979591837 0.0
12.2489795918367 0.0
12.2530612244898 0.0
12.2571428571429 0.0
12.2612244897959 0.0
12.265306122449 0.0
12.269387755102 0.0
12.2734693877551 0.0
12.2775510204082 0.0
12.2816326530612 0.0
12.2857142857143 0.0
12.2897959183673 0.0
12.2938775510204 0.0
12.2979591836735 0.0
12.3020408163265 0.0
12.3061224489796 0.0
12.3102040816327 1.05739
12.3142857142857 3.56945
12.3183673469388 15.601
12.3224489795918 5.9199
12.3265306122449 15.8001
12.330612244898 9.87196
12.334693877551 18.2242
12.3387755102041 18.5625
12.3428571428571 17.4394
12.3469387755102 13.89
12.3510204081633 22.9928
12.3551020408163 22.6068
12.3591836734694 19.6593
12.3632653061224 14.4944
12.3673469387755 7.09331
12.3714285714286 6.21175
12.3755102040816 0.427961
12.3795918367347 0.0
12.3836734693878 0.0
12.3877551020408 0.0
12.3918367346939 0.0
12.3959183673469 0.0
12.4 0.0
12.4040816326531 0.0
12.4081632653061 0.0
12.4122448979592 0.0
12.4163265306122 0.0
12.4204081632653 0.0
12.4244897959184 0.0
12.4285714285714 0.0
12.4326530612245 0.0
12.4367346938776 0.0
12.4408163265306 0.0
12.4448979591837 2.91855
12.4489795918367 11.8432
12.4530612244898 10.4321
12.4571428571429 9.00084
12.4612244897959 7.8752
12.465306122449 33.2428
12.469387755102 42.7592
12.4734693877551 49.5707
12.4775510204082 47.0126
12.4816326530612 49.3378
12.4857142857143 45.1769
12.4897959183673 37.7293
12.4938775510204 34.8101
12.4979591836735 29.9357
12.5020408163265 18.407
12.5061224489796 19.686
12.5102040816327 7.40647
12.5142857142857 1.20509
12.5183673469388 1.62846
12.5224489795918 0.0
12.5265306122449 0.0
12.530612244898 0.0
12.534693877551 4.9274
12.5387755102041 0.0
12.5428571428571 4.55958
12.5469387755102 0.0
12.5510204081633 5.32681
12.5551020408163 0.657499
12.5591836734694 0.957727
12.5632653061224 0.0
12.5673469387755 4.28072
12.5714285714286 2.69125
12.5755102040816 0.0
12.5795918367347 1.02901
12.5836734693878 2.24299
12.5877551020408 0.0
12.5918367346939 0.752181
12.5959183673469 0.0
12.6 0.0
12.6040816326531 4.94559
12.6081632653061 9.00578
12.6122448979592 0.606894
12.6163265306122 10.2717
12.6204081632653 15.5455
12.6244897959184 16.1192
12.6285714285714 10.9208
12.6326530612245 4.85206
12.6367346938776 0.525594
12.6408163265306 0.0
12.6448979591837 0.0
12.6489795918367 0.0
12.6530612244898 0.0
12.6571428571429 0.0
12.6612244897959 0.0
12.665306122449 0.0
12.669387755102 0.0
12.6734693877551 0.0
12.6775510204082 0.0
12.6816326530612 0.0
12.6857142857143 0.0
12.6897959183673 0.0
12.6938775510204 0.0
12.6979591836735 0.0
12.7020408163265 17.2489
12.7061224489796 42.6093
12.7102040816327 79.3214
12.7142857142857 57.1597
12.7183673469388 75.6651
12.7224489795918 89.4195
12.7265306122449 70.6742
12.730612244898 64.6861
12.734693877551 52.6978
12.7387755102041 35.3084
12.7428571428571 24.5912
12.7469387755102 10.8407
12.7510204081633 0.0
12.7551020408163 0.0
12.7591836734694 0.0
12.7632653061224 0.0
12.7673469387755 0.0
12.7714285714286 0.0
12.7755102040816 0.0
12.7795918367347 0.0
12.7836734693878 0.0
12.7877551020408 0.0
12.7918367346939 0.0
12.7959183673469 0.0
12.8 0.0
12.8040816326531 0.0
12.8081632653061 0.380397
12.8122448979592 1.53506
12.8163265306122 4.68263
12.8204081632653 9.19747
12.8244897959184 17.9286
12.8285714285714 20.7014
12.8326530612245 18.4681
12.8367346938776 16.0043
12.8408163265306 24.9719
12.8448979591837 30.9077
12.8489795918367 31.8325
12.8530612244898 29.2446
12.8571428571429 23.5924
12.8612244897959 18.9841
12.865306122449 13.6214
12.869387755102 11.271
12.8734693877551 1.48422
12.8775510204082 0.0
12.8816326530612 0.0
12.8857142857143 0.0
12.8897959183673 0.0
12.8938775510204 0.0
12.8979591836735 0.0
12.9020408163265 0.0
12.9061224489796 0.0
12.9102040816327 0.0
12.9142857142857 0.0
12.9183673469388 0.0
12.9224489795918 0.0
12.9265306122449 0.0
12.930612244898 7.50959
12.934693877551 4.18419
12.9387755102041 55.9968
12.9428571428571 130.769
12.9469387755102 139.337
12.9510204081633 159.133
12.9551020408163 149.184
12.9591836734694 126.323
12.9632653061224 111.371
12.9673469387755 84.0307
12.9714285714286 62.0613
12.9755102040816 39.3448
12.9795918367347 17.0938
12.9836734693878 0.0
12.9877551020408 0.0
12.9918367346939 0.0
12.9959183673469 0.0
13.0 0.0
13.0040816326531 0.0
13.0081632653061 0.0
13.0122448979592 0.0
13.0163265306122 0.0
13.0204081632653 0.0
13.0244897959184 0.0
13.0285714285714 0.0
13.0326530612245 0.0
13.0367346938776 0.0
13.0408163265306 0.0
13.0448979591837 0.0
13.0489795918367 0.0
13.0530612244898 0.0
13.0571428571429 0.0
13.0612244897959 0.0
13.065306122449 0.0
13.069387755102 0.0
13.0734693877551 0.0
13.0775510204082 0.0
13.0816326530612 0.0
13.0857142857143 0.0
13.0897959183673 1.55205
13.0938775510204 0.0
13.0979591836735 0.0
13.1020408163265 0.0
13.1061224489796 0.0
13.1102040816327 0.0
13.1142857142857 0.0
13.1183673469388 0.0
13.1224489795918 0.0
13.1265306122449 0.0
13.130612244898 0.0
13.134693877551 0.0
13.1387755102041 0.0
13.1428571428571 0.0
13.1469387755102 0.0
13.1510204081633 0.0
13.1551020408163 0.0
13.1591836734694 0.0
13.1632653061224 0.0
13.1673469387755 0.0
13.1714285714286 0.0
13.1755102040816 0.0
13.1795918367347 0.0
13.1836734693878 0.0
13.1877551020408 0.0
13.1918367346939 0.0
13.1959183673469 0.0
13.2 3.98078
13.2040816326531 36.7977
13.2081632653061 61.27
13.2122448979592 62.1765
13.2163265306122 60.2928
13.2204081632653 63.4053
13.2244897959184 72.0608
13.2285714285714 52.5524
13.2326530612245 43.0191
13.2367346938776 33.2395
13.2408163265306 32.1234
13.2448979591837 29.4046
13.2489795918367 20.697
13.2530612244898 36.4212
13.2571428571429 9.92304
13.2612244897959 5.46038
13.265306122449 6.47128
13.269387755102 10.0192
13.2734693877551 23.3912
13.2775510204082 15.0678
13.2816326530612 6.5946
13.2857142857143 0.0
13.2897959183673 0.0
13.2938775510204 0.0
13.2979591836735 0.0
13.3020408163265 0.0
13.3061224489796 0.0
13.3102040816327 0.0
13.3142857142857 0.0
13.3183673469388 0.0
13.3224489795918 0.0
13.3265306122449 0.0
13.330612244898 0.0
13.334693877551 0.0
13.3387755102041 0.0
13.3428571428571 0.0
13.3469387755102 0.0
13.3510204081633 0.0
13.3551020408163 0.0
13.3591836734694 0.0
13.3632653061224 0.0
13.3673469387755 0.0
13.3714285714286 0.0
13.3755102040816 0.0
13.3795918367347 0.0
13.3836734693878 0.0
13.3877551020408 0.0
13.3918367346939 0.0
13.3959183673469 0.0
13.4 0.0
13.4040816326531 0.0
13.4081632653061 3.0114
13.4122448979592 9.709
13.4163265306122 22.7681
13.4204081632653 42.8562
13.4244897959184 71.6977
13.4285714285714 100.176
13.4326530612245 128.489
13.4367346938776 141.308
13.4408163265306 149.432
13.4448979591837 152.085
13.4489795918367 138.944
13.4530612244898 124.475
13.4571428571429 106.955
13.4612244897959 96.8477
13.465306122449 76.5106
13.469387755102 57.542
13.4734693877551 40.4147
13.4775510204082 27.4978
13.4816326530612 17.285
13.4857142857143 11.6275
13.4897959183673 12.4323
13.4938775510204 12.9989
13.4979591836735 4.85991
13.5020408163265 0.0
13.5061224489796 0.0
13.5102040816327 0.0
13.5142857142857 0.0
13.5183673469388 0.0
13.5224489795918 0.0
13.5265306122449 3.51739
13.530612244898 2.32291
13.534693877551 0.987232
13.5387755102041 1.25146
13.5428571428571 2.1697
13.5469387755102 5.75241
13.5510204081633 3.43734
13.5551020408163 13.0069
13.5591836734694 10.2727
13.5632653061224 21.6955
13.5673469387755 0.0
13.5714285714286 4.80801
13.5755102040816 0.610888
13.5795918367347 6.57296
13.5836734693878 4.49622
13.5877551020408 2.40088
13.5918367346939 0.591278
13.5959183673469 0.0
13.6 0.0
13.6040816326531 7.53409
13.6081632653061 8.6616
13.6122448979592 6.36941
13.6163265306122 0.429779
13.6204081632653 0.0
13.6244897959184 0.0
13.6285714285714 0.0
13.6326530612245 0.0
13.6367346938776 0.0
13.6408163265306 0.0
13.6448979591837 0.0
13.6489795918367 0.0
13.6530612244898 0.0
13.6571428571429 0.0
13.6612244897959 0.0
13.665306122449 0.0
13.669387755102 0.0
13.6734693877551 0.788093
13.6775510204082 2.73192
13.6816326530612 8.84169
13.6857142857143 10.8689
13.6897959183673 42.0886
13.6938775510204 57.3275
13.6979591836735 40.1975
13.7020408163265 54.4622
13.7061224489796 50.4782
13.7102040816327 34.4098
13.7142857142857 20.5246
13.7183673469388 17.3192
13.7224489795918 34.3044
13.7265306122449 20.6469
13.730612244898 21.963
13.734693877551 27.9366
13.7387755102041 30.4338
13.7428571428571 50.1137
13.7469387755102 39.7337
13.7510204081633 33.4988
13.7551020408163 30.2301
13.7591836734694 28.4546
13.7632653061224 20.7939
13.7673469387755 9.68987
13.7714285714286 13.3849
13.7755102040816 4.73273
13.7795918367347 1.17362
13.7836734693878 0.0
13.7877551020408 0.0
13.7918367346939 0.0
13.7959183673469 0.0
13.8 0.0
13.8040816326531 0.0
13.8081632653061 0.0
13.8122448979592 1.39457
13.8163265306122 0.0
13.8204081632653 4.53496
13.8244897959184 5.7373
13.8285714285714 5.3322
13.8326530612245 10.4589
13.8367346938776 13.7451
13.8408163265306 0.256568
13.8448979591837 4.55856
13.8489795918367 14.5146
13.8530612244898 26.009
13.8571428571429 1.59837
13.8612244897959 6.74228
13.865306122449 8.14068
13.869387755102 14.2586
13.8734693877551 6.1186
13.8775510204082 10.32
13.8816326530612 11.0877
13.8857142857143 6.4829
13.8897959183673 11.65
13.8938775510204 1.74862
13.8979591836735 6.57922
13.9020408163265 5.58621
13.9061224489796 1.66559
13.9102040816327 15.1296
13.9142857142857 32.9443
13.9183673469388 45.9476
13.9224489795918 61.812
13.9265306122449 91.743
13.930612244898 115.711
13.934693877551 113.697
13.9387755102041 104.766
13.9428571428571 76.9567
13.9469387755102 51.383
13.9510204081633 26.4492
13.9551020408163 3.53128
13.9591836734694 0.0
13.9632653061224 0.0
13.9673469387755 0.0
13.9714285714286 0.0
13.9755102040816 0.0
13.9795918367347 0.0
13.9836734693878 0.0
13.9877551020408 0.0
13.9918367346939 0.0
13.9959183673469 0.0
14.0 0.0
14.0040816326531 0.0
14.0081632653061 0.0
14.0122448979592 0.0
14.0163265306122 0.0
14.0204081632653 0.0
14.0244897959184 0.0
14.0285714285714 0.0
14.0326530612245 0.0
14.0367346938776 0.0
14.0408163265306 0.0
14.0448979591837 0.0
14.0489795918367 0.0
14.0530612244898 0.0
14.0571428571429 0.0
14.0612244897959 0.0
14.065306122449 0.0
14.069387755102 0.0
14.0734693877551 0.0
14.0775510204082 0.0
14.0816326530612 0.0
14.0857142857143 0.0
14.0897959183673 0.0
14.0938775510204 0.0
14.0979591836735 0.0
14.1020408163265 0.0
14.1061224489796 0.0
14.1102040816327 0.0
14.1142857142857 0.0
14.1183673469388 0.0
14.1224489795918 0.0
14.1265306122449 0.0
14.130612244898 0.0
14.134693877551 0.0
14.1387755102041 0.0
14.1428571428571 0.0
14.1469387755102 0.0
14.1510204081633 0.0
14.1551020408163 0.0
14.1591836734694 3.89731
14.1632653061224 6.01715
14.1673469387755 15.2668
14.1714285714286 32.4132
14.1755102040816 24.9666
14.1795918367347 23.1297
14.1836734693878 19.4926
14.1877551020408 16.2403
14.1918367346939 22.6567
14.1959183673469 16.4701
14.2 16.9858
14.2040816326531 10.4635
14.2081632653061 6.16288
14.2122448979592 5.96464
14.2163265306122 12.713
14.2204081632653 4.47026
14.2244897959184 0.0
14.2285714285714 3.61696
14.2326530612245 0.0
14.2367346938776 8.56474
14.2408163265306 17.5358
14.2448979591837 10.4626
14.2489795918367 5.93612
14.2530612244898 5.17142
14.2571428571429 4.15745
14.2612244897959 1.73289
14.265306122449 0.0
14.269387755102 2.18686
14.2734693877551 0.0
14.2775510204082 0.0
14.2816326530612 0.0
14.2857142857143 0.0
14.2897959183673 0.0
14.2938775510204 0.0
14.2979591836735 0.0
14.3020408163265 0.0
14.3061224489796 0.0
14.3102040816327 0.0
14.3142857142857 0.0
14.3183673469388 0.0
14.3224489795918 1.80461
14.3265306122449 1.2787
14.330612244898 6.58759
14.334693877551 5.97152
14.3387755102041 2.07853
14.3428571428571 4.28689
14.3469387755102 6.24937
14.3510204081633 2.74107
14.3551020408163 1.77661
14.3591836734694 0.0
14.3632653061224 0.0
14.3673469387755 0.0
14.3714285714286 0.0
14.3755102040816 0.0
14.3795918367347 0.0
14.3836734693878 0.0
14.3877551020408 0.0
14.3918367346939 0.0
14.3959183673469 0.0
14.4 0.0
14.4040816326531 0.0
14.4081632653061 0.0
14.4122448979592 0.0
14.4163265306122 0.0
14.4204081632653 0.0
14.4244897959184 0.0
14.4285714285714 36.8045
14.4326530612245 147.82
14.4367346938776 169.854
14.4408163265306 179.98
14.4448979591837 161.427
14.4489795918367 159.951
14.4530612244898 146.381
14.4571428571429 121.257
14.4612244897959 105.811
14.465306122449 75.2617
14.469387755102 59.1382
14.4734693877551 40.4699
14.4775510204082 30.6917
14.4816326530612 22.6341
14.4857142857143 17.2077
14.4897959183673 14.0724
14.4938775510204 8.21459
14.4979591836735 4.18985
14.5020408163265 2.57337
14.5061224489796 2.71925
14.5102040816327 1.84608
14.5142857142857 0.0
14.5183673469388 0.0
14.5224489795918 0.194311
14.5265306122449 2.65336
14.530612244898 0.601172
14.534693877551 0.355721
14.5387755102041 2.83074
14.5428571428571 6.91605
14.5469387755102 10.3185
14.5510204081633 9.98843
14.5551020408163 9.68277
14.5591836734694 7.23445
14.5632653061224 3.97432
14.5673469387755 2.44367
14.5714285714286 0.699282
14.5755102040816 0.517368
14.5795918367347 1.48475
14.5836734693878 1.29676
14.5877551020408 0.0
14.5918367346939 0.0
14.5959183673469 0.0
14.6 0.0
14.6040816326531 0.0
14.6081632653061 0.0
14.6122448979592 0.0
14.6163265306122 0.0
14.6204081632653 0.0
14.6244897959184 0.0
14.6285714285714 0.0
14.6326530612245 0.0
14.6367346938776 0.881553
14.6408163265306 0.481844
14.6448979591837 4.71032
14.6489795918367 1.75077
14.6530612244898 4.8275
14.6571428571429 4.95958
14.6612244897959 2.76423
14.665306122449 1.16134
14.669387755102 0.0
14.6734693877551 0.0
14.6775510204082 0.0
14.6816326530612 0.0
14.6857142857143 0.0
14.6897959183673 0.0
14.6938775510204 0.0
14.6979591836735 0.0
14.7020408163265 0.0
14.7061224489796 0.0
14.7102040816327 0.0
14.7142857142857 0.0
14.7183673469388 0.0
14.7224489795918 0.0
14.7265306122449 0.0
14.730612244898 0.0
14.734693877551 0.0
14.7387755102041 0.0
14.7428571428571 0.0
14.7469387755102 0.800014
14.7510204081633 0.790179
14.7551020408163 7.18752
14.7591836734694 2.24924
14.7632653061224 7.43935
14.7673469387755 8.96153
14.7714285714286 15.4533
14.7755102040816 19.7411
14.7795918367347 26.4384
14.7836734693878 27.497
14.7877551020408 28.6459
14.7918367346939 31.2193
14.7959183673469 27.9708
14.8 16.9803
14.8040816326531 4.99925
14.8081632653061 0.0
14.8122448979592 0.0
14.8163265306122 0.0
14.8204081632653 0.0
14.8244897959184 0.0
14.8285714285714 0.0
14.8326530612245 0.0
14.8367346938776 0.0
14.8408163265306 0.0
14.8448979591837 0.0
14.8489795918367 0.0
14.8530612244898 0.0
14.8571428571429 0.0
14.8612244897959 0.0
14.865306122449 0.0
14.869387755102 0.0
14.8734693877551 0.0
14.8775510204082 29.051
14.8816326530612 81.9683
14.8857142857143 177.309
14.8897959183673 205.138
14.8938775510204 238.813
14.8979591836735 187.028
14.9020408163265 178.033
14.9061224489796 147.916
14.9102040816327 116.337
14.9142857142857 88.1448
14.9183673469388 61.7233
14.9224489795918 37.7434
14.9265306122449 14.4339
14.930612244898 0.0
14.934693877551 0.0
14.9387755102041 0.0
14.9428571428571 0.0
14.9469387755102 0.0
14.9510204081633 0.0
14.9551020408163 0.0
14.9591836734694 0.0
14.9632653061224 0.0
14.9673469387755 0.0
14.9714285714286 0.0
14.9755102040816 0.0
14.9795918367347 0.0
14.9836734693878 0.0
14.9877551020408 0.0
14.9918367346939 0.0
14.9959183673469 0.0
15.0 0.0
