0.00408163265306122 0.0
0.00816326530612245 0.0
0.0122448979591837 0.0
0.0163265306122449 0.0
0.0204081632653061 0.0
0.0244897959183673 0.0
0.0285714285714286 0.0
0.0326530612244898 0.0
0.036734693877551 0.0
0.0408163265306122 0.0
0.0448979591836735 0.0
0.0489795918367347 6.58041
0.0530612244897959 8.90523
0.0571428571428571 18.1103
0.0612244897959184 18.3193
0.0653061224489796 17.728
0.0693877551020408 14.8466
0.073469387755102 20.7266
0.0775510204081633 17.1114
0.0816326530612245 18.6558
0.0857142857142857 16.044
0.0897959183673469 20.2411
0.0938775510204082 17.9894
0.0979591836734694 15.1716
0.102040816326531 19.1392
0.106122448979592 18.6353
0.110204081632653 15.2504
0.114285714285714 8.93027
0.118367346938776 4.64958
0.122448979591837 2.79152
0.126530612244898 0.140429
0.130612244897959 0.77036
0.13469387755102 0.0
0.138775510204082 0.0
0.142857142857143 0.0
0.146938775510204 0.0
0.151020408163265 0.0
0.155102040816327 0.0
0.159183673469388 0.0
0.163265306122449 0.0
0.16734693877551 0.0
0.171428571428571 0.0
0.175510204081633 1.2182
0.179591836734694 0.0
0.183673469387755 0.0
0.187755102040816 0.0
0.191836734693878 0.0
0.195918367346939 0.0
0.2 16.825
0.204081632653061 32.2918
0.208163265306122 48.3294
0.212244897959184 57.6398
0.216326530612245 91.0
0.220408163265306 105.15
0.224489795918367 105.864
0.228571428571429 108.622
0.23265306122449 99.8991
0.236734693877551 86.4779
0.240816326530612 84.7999
0.244897959183673 77.6749
0.248979591836735 85.3192
0.253061224489796 94.3549
0.257142857142857 89.6651
0.261224489795918 104.765
0.26530612244898 117.099
0.269387755102041 118.195
0.273469387755102 124.673
0.277551020408163 122.196
0.281632653061224 107.507
0.285714285714286 91.9633
0.289795918367347 78.3467
0.293877551020408 63.6905
0.297959183673469 41.9561
0.302040816326531 27.5621
0.306122448979592 15.2025
0.310204081632653 5.43523
0.314285714285714 4.00057
0.318367346938775 0.0
0.322448979591837 0.0
0.326530612244898 0.0
0.330612244897959 0.0
0.33469387755102 0.0
0.338775510204082 0.0
0.342857142857143 0.0
0.346938775510204 0.0
0.351020408163265 0.0
0.355102040816327 0.0
0.359183673469388 0.0
0.363265306122449 0.0
0.36734693877551 0.0
0.371428571428571 0.0
0.375510204081633 0.0
0.379591836734694 0.0
0.383673469387755 0.0
0.387755102040816 0.0
0.391836734693878 0.0
0.395918367346939 0.0
0.4 0.0
0.404081632653061 0.0
0.408163265306122 0.0
0.412244897959184 0.0
0.416326530612245 0.0
0.420408163265306 0.0
0.424489795918367 0.0
0.428571428571429 0.0
0.43265306122449 0.0
0.436734693877551 0.0
0.440816326530612 0.0
0.444897959183673 0.0
0.448979591836735 0.0
0.453061224489796 0.0
0.457142857142857 0.0
0.461224489795918 0.0
0.46530612244898 0.0
0.469387755102041 0.0
0.473469387755102 0.0
0.477551020408163 0.0
0.481632653061224 0.0
0.485714285714286 0.0
0.489795918367347 0.0
0.493877551020408 0.0
0.497959183673469 0.0
0.502040816326531 0.0
0.506122448979592 0.0
0.510204081632653 0.0
0.514285714285714 0.0
0.518367346938776 0.0
0.522448979591837 0.0
0.526530612244898 0.0
0.530612244897959 0.0
0.53469387755102 0.0
0.538775510204082 5.06395
0.542857142857143 10.2947
0.546938775510204 20.6756
0.551020408163265 35.7699
0.555102040816327 26.9477
0.559183673469388 25.2661
0.563265306122449 15.9659
0.56734693877551 6.61623
0.571428571428571 0.0
0.575510204081633 0.0
0.579591836734694 0.0
0.583673469387755 0.0
0.587755102040816 0.0
0.591836734693878 0.0
0.595918367346939 0.0
0.6 0.0
0.604081632653061 0.0
0.608163265306122 0.0
0.612244897959184 0.0
0.616326530612245 0.0
0.620408163265306 0.0
0.624489795918367 0.0
0.628571428571429 0.0
0.63265306122449 0.0
0.636734693877551 1.76257
0.640816326530612 2.98911
0.644897959183673 13.1748
0.648979591836735 65.9578
0.653061224489796 83.0846
0.657142857142857 100.09
0.661224489795918 96.7494
0.66530612244898 85.1593
0.669387755102041 64.9996
0.673469387755102 51.1194
0.677551020408163 46.5179
0.681632653061224 29.257
0.685714285714286 8.56397
0.689795918367347 0.0
0.693877551020408 0.0
0.697959183673469 0.0
0.702040816326531 0.0
0.706122448979592 0.0
0.710204081632653 0.0
0.714285714285714 0.0
0.718367346938775 0.0
0.722448979591837 0.0
0.726530612244898 0.0
0.730612244897959 0.0
0.73469387755102 0.0
0.738775510204082 0.0
0.742857142857143 0.0
0.746938775510204 0.0
0.751020408163265 0.0
0.755102040816326 0.0
0.759183673469388 0.0
0.763265306122449 0.0
0.76734693877551 0.0
0.771428571428571 0.0
0.775510204081633 0.0
0.779591836734694 0.0
0.783673469387755 0.0
0.787755102040816 0.0
0.791836734693877 0.0
0.795918367346939 0.0
0.8 0.0
0.804081632653061 0.0
0.808163265306122 0.0
0.812244897959184 0.0
0.816326530612245 0.0
0.820408163265306 0.0
0.824489795918367 0.0
0.828571428571429 0.0
0.83265306122449 0.0
0.836734693877551 0.0
0.840816326530612 0.0
0.844897959183673 0.0
0.848979591836735 0.0
0.853061224489796 0.0
0.857142857142857 0.0
0.861224489795918 0.0
0.86530612244898 0.0
0.869387755102041 0.0
0.873469387755102 0.0
0.877551020408163 0.0
0.881632653061225 1.79303
0.885714285714286 14.0299
0.889795918367347 21.282
0.893877551020408 29.6831
0.897959183673469 70.7918
0.902040816326531 99.5461
0.906122448979592 145.441
0.910204081632653 197.26
0.914285714285714 205.291
0.918367346938776 198.373
0.922448979591837 180.211
0.926530612244898 158.471
0.930612244897959 133.688
0.93469387755102 111.254
0.938775510204082 88.1488
0.942857142857143 67.6712
0.946938775510204 49.4429
0.951020408163265 31.7267
0.955102040816327 14.4595
0.959183673469388 0.0
0.963265306122449 0.0
0.96734693877551 0.0
0.971428571428571 0.0
0.975510204081633 0.0
0.979591836734694 0.0
0.983673469387755 0.0
0.987755102040816 0.0
0.991836734693878 0.0
0.995918367346939 0.0
1.0 0.0
1.00408163265306 0.0
1.00816326530612 0.0
1.01224489795918 0.0
1.01632653061224 0.0
1.02040816326531 0.0
1.02448979591837 0.0
1.02857142857143 0.0
1.03265306122449 0.0
1.03673469387755 0.0
1.04081632653061 0.0
1.04489795918367 0.0
1.04897959183673 0.0
1.0530612244898 0.0
1.05714285714286 0.0
1.06122448979592 0.0
1.06530612244898 0.0
1.06938775510204 0.0
1.0734693877551 0.0
1.07755102040816 0.0
1.08163265306122 0.0
1.08571428571429 0.0
1.08979591836735 0.0
1.09387755102041 0.0
1.09795918367347 0.0
1.10204081632653 0.0
1.10612244897959 0.0
1.11020408163265 0.0
1.11428571428571 0.0
1.11836734693878 0.0
1.12244897959184 0.0
1.1265306122449 0.0
1.13061224489796 0.0
1.13469387755102 0.0
1.13877551020408 0.0
1.14285714285714 0.0
1.1469387755102 0.0
1.15102040816327 0.0
1.15510204081633 0.0
1.15918367346939 0.0
1.16326530612245 0.0
1.16734693877551 0.0
1.17142857142857 0.0
1.17551020408163 0.0
1.17959183673469 0.0
1.18367346938776 0.0
1.18775510204082 0.0
1.19183673469388 0.0
1.19591836734694 0.0
1.2 0.0
1.20408163265306 0.0
1.20816326530612 0.0
1.21224489795918 0.0
1.21632653061224 0.0806451
1.22040816326531 1.87278
1.22448979591837 2.47186
1.22857142857143 0.0435114
1.23265306122449 0.0
1.23673469387755 0.0
1.24081632653061 0.0
1.24489795918367 0.0
1.24897959183673 0.0
1.2530612244898 0.0
1.25714285714286 0.0
1.26122448979592 0.0
1.26530612244898 0.0
1.26938775510204 0.0
1.2734693877551 0.0
1.27755102040816 0.0
1.28163265306122 0.0
1.28571428571429 0.0
1.28979591836735 0.0
1.29387755102041 0.0
1.29795918367347 10.1402
1.30204081632653 1.22529
1.30612244897959 0.0
1.31020408163265 9.87959
1.31428571428571 13.5388
1.31836734693878 22.616
1.32244897959184 27.0765
1.3265306122449 25.2164
1.33061224489796 21.1396
1.33469387755102 21.6781
1.33877551020408 16.7109
1.34285714285714 28.7709
1.3469387755102 23.1493
1.35102040816327 14.6852
1.35510204081633 6.03595
1.35918367346939 2.61456
1.36326530612245 1.77622
1.36734693877551 0.0
1.37142857142857 0.0
1.37551020408163 0.0
1.37959183673469 0.0
1.38367346938776 0.0
1.38775510204082 0.0
1.39183673469388 0.0
1.39591836734694 0.0
1.4 0.0
1.40408163265306 0.0
1.40816326530612 0.0
1.41224489795918 0.0
1.41632653061225 0.293493
1.42040816326531 0.0
1.42448979591837 0.0
1.42857142857143 0.0
1.43265306122449 0.0
1.43673469387755 0.0
1.44081632653061 0.0
1.44489795918367 0.0
1.44897959183673 0.0
1.4530612244898 0.0
1.45714285714286 7.34395
1.46122448979592 17.8828
1.46530612244898 43.7105
1.46938775510204 46.6247
1.4734693877551 45.8329
1.47755102040816 65.5354
1.48163265306122 75.383
1.48571428571429 80.1542
1.48979591836735 84.9022
1.49387755102041 83.3895
1.49795918367347 72.3597
1.50204081632653 54.1714
1.50612244897959 42.7557
1.51020408163265 40.802
1.51428571428571 30.238
1.51836734693878 33.4887
1.52244897959184 20.9012
1.5265306122449 8.18063
1.53061224489796 0.999928
1.53469387755102 3.13356
1.53877551020408 0.0
1.54285714285714 0.0
1.5469387755102 0.0
1.55102040816327 0.0
1.55510204081633 0.0
1.55918367346939 0.0
1.56326530612245 0.0
1.56734693877551 0.0
1.57142857142857 0.0
1.57551020408163 0.0
1.57959183673469 0.0
1.58367346938775 0.0
1.58775510204082 0.0
1.59183673469388 0.0
1.59591836734694 0.0
1.6 0.0
1.60408163265306 0.0
1.60816326530612 0.0
1.61224489795918 0.0
1.61632653061224 0.0
1.62040816326531 0.0
1.62448979591837 0.0
1.62857142857143 0.0
1.63265306122449 0.0
1.63673469387755 0.0
1.64081632653061 0.0
1.64489795918367 0.0
1.64897959183673 0.0
1.6530612244898 0.0
1.65714285714286 0.0
1.66122448979592 0.0
1.66530612244898 0.0
1.66938775510204 0.0
1.6734693877551 0.0
1.67755102040816 0.0
1.68163265306122 0.0
1.68571428571429 0.0
1.68979591836735 0.0
1.69387755102041 0.0
1.69795918367347 0.0
1.70204081632653 0.0
1.70612244897959 0.0
1.71020408163265 0.0
1.71428571428571 0.0
1.71836734693878 0.0
1.72244897959184 0.0
1.7265306122449 0.0
1.73061224489796 0.0
1.73469387755102 0.0
1.73877551020408 0.0
1.74285714285714 0.0
1.7469387755102 0.133336
1.75102040816327 0.0
1.75510204081633 3.26997
1.75918367346939 4.81522
1.76326530612245 9.4316
1.76734693877551 16.0187
1.77142857142857 19.2215
1.77551020408163 19.6714
1.77959183673469 25.0493
1.78367346938776 25.3562
1.78775510204082 22.3782
1.79183673469388 16.768
1.79591836734694 17.3623
1.8 15.4945
1.80408163265306 13.282
1.80816326530612 5.58618
1.81224489795918 0.037089
1.81632653061224 0.418864
1.82040816326531 0.0
1.82448979591837 0.0
1.82857142857143 0.0
1.83265306122449 0.0
1.83673469387755 0.0
1.84081632653061 0.0
1.84489795918367 0.0
1.84897959183673 0.0
1.8530612244898 0.0
1.85714285714286 0.0
1.86122448979592 0.0
1.86530612244898 0.0
1.86938775510204 0.0
1.8734693877551 0.0
1.87755102040816 0.0
1.88163265306122 0.0
1.88571428571429 33.2295
1.88979591836735 54.8593
1.89387755102041 88.8085
1.89795918367347 120.582
1.90204081632653 135.915
1.90612244897959 146.878
1.91020408163265 161.017
1.91428571428571 153.282
1.91836734693878 151.508
1.92244897959184 142.395
1.9265306122449 127.511
1.93061224489796 99.1025
1.93469387755102 82.8692
1.93877551020408 66.2509
1.94285714285714 67.3066
1.9469387755102 58.3057
1.95102040816327 47.2536
1.95510204081633 51.8886
1.95918367346939 54.7434
1.96326530612245 42.4267
1.96734693877551 29.6697
1.97142857142857 17.9683
1.97551020408163 11.793
1.97959183673469 6.47107
1.98367346938776 5.35741
1.98775510204082 2.76107
1.99183673469388 6.34599
1.99591836734694 4.82738
2.0 6.82795
2.00408163265306 5.67567
2.00816326530612 3.6304
2.01224489795918 4.72146
2.01632653061225 4.74167
2.02040816326531 4.66174
2.02448979591837 3.71647
2.02857142857143 3.62635
2.03265306122449 0.0
2.03673469387755 0.0
2.04081632653061 0.0
2.04489795918367 0.0
2.04897959183673 0.0
2.0530612244898 0.0
2.05714285714286 0.0
2.06122448979592 0.0
2.06530612244898 0.513077
2.06938775510204 0.818014
2.0734693877551 0.0
2.07755102040816 0.0
2.08163265306122 0.0
2.08571428571429 0.0
2.08979591836735 0.0
2.09387755102041 0.0
2.09795918367347 0.0
2.10204081632653 0.0
2.10612244897959 0.0
2.11020408163265 0.0
2.11428571428571 0.0
2.11836734693878 0.0
2.12244897959184 0.0
2.1265306122449 0.0
2.13061224489796 0.0
2.13469387755102 0.0
2.13877551020408 0.0
2.14285714285714 0.0
2.1469387755102 0.0
2.15102040816327 0.0
2.15510204081633 0.0
2.15918367346939 0.0
2.16326530612245 0.0
2.16734693877551 0.0
2.17142857142857 0.0
2.17551020408163 0.0
2.17959183673469 0.0
2.18367346938776 0.0
2.18775510204082 0.0
2.19183673469388 0.0
2.19591836734694 0.0
2.2 0.0
2.20408163265306 0.0
2.20816326530612 1.52361
2.21224489795918 4.69774
2.21632653061224 14.0463
2.22040816326531 20.3034
2.22448979591837 17.1992
2.22857142857143 27.7889
2.23265306122449 20.7034
2.23673469387755 21.4205
2.24081632653061 15.0325
2.24489795918367 3.50255
2.24897959183673 3.90434
2.2530612244898 3.28499
2.25714285714286 0.0
2.26122448979592 0.0
2.26530612244898 0.0
2.26938775510204 0.0
2.2734693877551 0.0
2.27755102040816 0.0
2.28163265306122 0.0
2.28571428571429 0.0
2.28979591836735 0.0
2.29387755102041 0.0
2.29795918367347 0.0
2.30204081632653 0.0
2.30612244897959 0.0
2.31020408163265 0.0
2.31428571428571 3.21901
2.31836734693878 0.0
2.32244897959184 6.971
2.3265306122449 38.8206
2.33061224489796 80.5688
2.33469387755102 103.164
2.33877551020408 98.1154
2.34285714285714 121.299
2.3469387755102 123.119
2.35102040816327 98.9093
2.35510204081633 88.1786
2.35918367346939 69.6621
2.36326530612245 54.9466
2.36734693877551 41.1586
2.37142857142857 24.9475
2.37551020408163 15.1098
2.37959183673469 7.37333
2.38367346938776 2.52509
2.38775510204082 0.0
2.39183673469388 0.0
2.39591836734694 0.0
2.4 0.0
2.40408163265306 0.0
2.40816326530612 0.0
2.41224489795918 0.0
2.41632653061225 0.0
2.42040816326531 0.0
2.42448979591837 0.0
2.42857142857143 0.468455
2.43265306122449 1.93197
2.43673469387755 5.32874
2.44081632653061 0.0
2.44489795918367 0.0
2.44897959183673 0.0
2.4530612244898 0.0
2.45714285714286 0.0
2.46122448979592 0.0
2.46530612244898 0.0
2.46938775510204 0.0
2.4734693877551 0.0
2.47755102040816 0.0
2.48163265306122 4.22581
2.48571428571429 0.0
2.48979591836735 0.0
2.49387755102041 0.0
2.49795918367347 0.0
2.50204081632653 0.0
2.50612244897959 0.0
2.51020408163265 0.0
2.51428571428571 0.0
2.51836734693878 1.68191
2.52244897959184 2.64201
2.5265306122449 3.27066
2.53061224489796 9.09044
2.53469387755102 12.3419
2.53877551020408 11.3095
2.54285714285714 2.80523
2.5469387755102 0.0
2.55102040816327 0.0
2.55510204081633 0.0
2.55918367346939 0.0
2.56326530612245 0.0
2.56734693877551 0.0
2.57142857142857 0.0
2.57551020408163 0.0
2.57959183673469 0.0
2.58367346938775 0.0
2.58775510204082 0.0
2.59183673469388 0.0
2.59591836734694 0.0
2.6 0.0
2.60408163265306 0.0
2.60816326530612 31.823
2.61224489795918 66.1551
2.61632653061224 86.0524
2.62040816326531 92.8039
2.62448979591837 92.8799
2.62857142857143 84.3576
2.63265306122449 78.8999
2.63673469387755 63.8385
2.64081632653061 60.0627
2.64489795918367 57.2228
2.64897959183673 46.8096
2.6530612244898 31.9589
2.65714285714286 18.9576
2.66122448979592 8.15052
2.66530612244898 0.317097
2.66938775510204 0.0
2.6734693877551 0.0
2.67755102040816 0.0
2.68163265306122 0.0
2.68571428571429 0.0
2.68979591836735 0.0
2.69387755102041 0.0
2.69795918367347 0.0
2.70204081632653 0.0
2.70612244897959 0.0
2.71020408163265 0.0
2.71428571428571 0.0
2.71836734693878 0.0
2.72244897959184 0.0
2.7265306122449 0.0
2.73061224489796 0.0
2.73469387755102 0.0
2.73877551020408 0.0
2.74285714285714 0.0
2.7469387755102 0.0
2.75102040816327 0.0
2.75510204081633 0.0
2.75918367346939 0.0
2.76326530612245 2.20102
2.76734693877551 8.74156
2.77142857142857 12.6843
2.77551020408163 14.9897
2.77959183673469 17.0817
2.78367346938776 19.853
2.78775510204082 24.8229
2.79183673469388 30.3098
2.79591836734694 42.957
2.8 30.9159
2.80408163265306 20.9553
2.80816326530612 1.49775
2.81224489795918 0.0
2.81632653061224 0.0
2.82040816326531 0.0
2.82448979591837 0.0
2.82857142857143 0.0
2.83265306122449 0.824809
2.83673469387755 6.05166
2.84081632653061 19.7543
2.84489795918367 16.7274
2.84897959183673 24.2386
2.8530612244898 20.1423
2.85714285714286 15.1591
2.86122448979592 6.50865
2.86530612244898 3.85926
2.86938775510204 0.201855
2.8734693877551 0.0
2.87755102040816 0.0
2.88163265306122 0.0
2.88571428571429 0.0
2.88979591836735 0.0
2.89387755102041 0.0
2.89795918367347 0.0
2.90204081632653 0.0
2.90612244897959 0.0
2.91020408163265 0.0
2.91428571428571 0.0
2.91836734693878 0.486106
2.92244897959184 0.0
2.9265306122449 0.0
2.93061224489796 0.0
2.93469387755102 0.0
2.93877551020408 0.0
2.94285714285714 0.0
2.9469387755102 0.0
2.95102040816327 0.0
2.95510204081633 0.0
2.95918367346939 0.0
2.96326530612245 0.0
2.96734693877551 0.0
2.97142857142857 0.0
2.97551020408163 0.0
2.97959183673469 0.0
2.98367346938775 0.0
2.98775510204082 0.0
2.99183673469388 0.0
2.99591836734694 1.08206
3.0 0.0
3.00408163265306 0.0
3.00816326530612 0.0
3.01224489795918 1.78748
3.01632653061225 0.0
3.02040816326531 0.487685
3.02448979591837 0.0
3.02857142857143 0.0
3.03265306122449 0.0
3.03673469387755 0.0
3.04081632653061 0.0
3.04489795918367 0.0
3.04897959183673 0.0
3.0530612244898 0.0
3.05714285714286 0.0
3.06122448979592 0.304312
3.06530612244898 1.96275
3.06938775510204 13.0513
3.0734693877551 16.2235
3.07755102040816 9.8601
3.08163265306122 11.5216
3.08571428571429 4.06015
3.08979591836735 2.69586
3.09387755102041 2.14195
3.09795918367347 0.0
3.10204081632653 0.695229
3.10612244897959 0.0
3.11020408163265 0.0
3.11428571428571 0.0
3.11836734693878 0.0
3.12244897959184 0.0
3.1265306122449 0.0
3.13061224489796 0.0
3.13469387755102 0.0
3.13877551020408 0.0
3.14285714285714 0.0
3.1469387755102 0.0
3.15102040816327 0.0
3.15510204081633 0.0
3.15918367346939 0.0
3.16326530612245 0.0
3.16734693877551 0.0
3.17142857142857 0.0
3.17551020408163 0.0
3.17959183673469 0.0
3.18367346938776 0.0
3.18775510204082 0.0
3.19183673469388 0.0
3.19591836734694 1.96373
3.2 2.06965
3.20408163265306 6.43265
3.20816326530612 10.1437
3.21224489795918 7.40683
3.21632653061224 15.5616
3.22040816326531 13.5055
3.22448979591837 16.4216
3.22857142857143 24.0423
3.23265306122449 36.002
3.23673469387755 40.2769
3.24081632653061 45.1077
3.24489795918367 49.2575
3.24897959183673 52.4517
3.2530612244898 50.0294
3.25714285714286 41.2886
3.26122448979592 36.0235
3.26530612244898 30.3906
3.26938775510204 23.1755
3.2734693877551 16.5563
3.27755102040816 9.12362
3.28163265306122 2.55254
3.28571428571429 0.0
3.28979591836735 0.0
3.29387755102041 0.0
3.29795918367347 0.0
3.30204081632653 0.0
3.30612244897959 0.0
3.31020408163265 0.0
3.31428571428571 0.0
3.31836734693878 0.0
3.32244897959184 0.0
3.3265306122449 0.0
3.33061224489796 0.0
3.33469387755102 2.26593
3.33877551020408 0.0
3.34285714285714 4.2156
3.3469387755102 4.61137
3.35102040816327 0.0
3.35510204081633 0.0
3.35918367346939 0.0
3.36326530612245 0.0
3.36734693877551 0.0
3.37142857142857 0.0
3.37551020408163 0.0
3.37959183673469 0.0
3.38367346938776 0.0
3.38775510204082 0.0
3.39183673469388 0.0
3.39591836734694 0.0
3.4 0.0
3.40408163265306 0.0
3.40816326530612 0.0
3.41224489795918 0.0
3.41632653061225 0.0
3.42040816326531 0.0
3.42448979591837 0.0
3.42857142857143 0.0
3.43265306122449 0.0
3.43673469387755 0.0
3.44081632653061 0.0
3.44489795918367 0.0
3.44897959183673 0.0
3.4530612244898 0.0
3.45714285714286 0.0
3.46122448979592 0.0
3.46530612244898 0.0
3.46938775510204 1.1493
3.4734693877551 13.0568
3.47755102040816 23.4977
3.48163265306122 32.6902
3.48571428571429 31.9481
3.48979591836735 32.3486
3.49387755102041 40.1027
3.49795918367347 39.441
3.50204081632653 39.4911
3.50612244897959 32.7626
3.51020408163265 36.3339
3.51428571428571 66.3178
3.51836734693878 70.6521
3.52244897959184 71.819
3.5265306122449 68.5313
3.53061224489796 57.5447
3.53469387755102 52.1859
3.53877551020408 41.7891
3.54285714285714 31.9111
3.5469387755102 31.917
3.55102040816327 23.6267
3.55510204081633 19.1997
3.55918367346939 21.4026
3.56326530612245 26.844
3.56734693877551 29.9598
3.57142857142857 24.56
3.57551020408163 33.014
3.57959183673469 28.6622
3.58367346938775 21.9339
3.58775510204082 13.5988
3.59183673469388 4.90181
3.59591836734694 0.501692
3.6 0.0
3.60408163265306 0.0
3.60816326530612 0.0
3.61224489795918 2.88129
3.61632653061224 9.63694
3.62040816326531 29.2447
3.62448979591837 47.2797
3.62857142857143 48.8465
3.63265306122449 62.7085
3.63673469387755 54.2008
3.64081632653061 53.263
3.64489795918367 50.8528
3.64897959183673 44.9485
3.6530612244898 44.7876
3.65714285714286 45.9068
3.66122448979592 48.9932
3.66530612244898 55.8019
3.66938775510204 54.0372
3.6734693877551 55.1073
3.67755102040816 57.0992
3.68163265306122 51.729
3.68571428571429 45.1089
3.68979591836735 42.9244
3.69387755102041 28.9301
3.69795918367347 13.5766
3.70204081632653 3.71754
3.70612244897959 0.0
3.71020408163265 0.0
3.71428571428571 0.0
3.71836734693878 0.0
3.72244897959184 0.0
3.7265306122449 0.0
3.73061224489796 0.0
3.73469387755102 0.0
3.73877551020408 3.00032
3.74285714285714 0.0
3.7469387755102 0.0
3.75102040816327 0.0
3.75510204081633 0.0
3.75918367346939 0.0
3.76326530612245 0.0
3.76734693877551 0.0
3.77142857142857 0.0
3.77551020408163 0.0
3.77959183673469 0.0
3.78367346938776 0.0
3.78775510204082 0.0
3.79183673469388 0.0
3.79591836734694 0.0
3.8 0.0
3.80408163265306 0.0
3.80816326530612 0.0
3.81224489795918 0.965238
3.81632653061224 0.723481
3.82040816326531 6.26957
3.82448979591837 9.33933
3.82857142857143 6.95293
3.83265306122449 2.13932
3.83673469387755 1.34598
3.84081632653061 0.0
3.84489795918367 0.0
3.84897959183673 0.0
3.8530612244898 0.0
3.85714285714286 0.0
3.86122448979592 0.0
3.86530612244898 0.0
3.86938775510204 0.0
3.8734693877551 0.0
3.87755102040816 0.0
3.88163265306122 0.0
3.88571428571429 0.0
3.88979591836735 0.0
3.89387755102041 0.0
3.89795918367347 0.0
3.90204081632653 0.0
3.90612244897959 0.0
3.91020408163265 0.0
3.91428571428571 0.0
3.91836734693878 0.0
3.92244897959184 0.0
3.9265306122449 0.0
3.93061224489796 0.0
3.93469387755102 0.0
3.93877551020408 0.0
3.94285714285714 0.0
3.9469387755102 2.6077
3.95102040816327 3.53539
3.95510204081633 0.703812
3.95918367346939 2.95717
3.96326530612245 18.4352
3.96734693877551 36.415
3.97142857142857 36.644
3.97551020408163 37.7789
3.97959183673469 28.9673
3.98367346938775 29.7351
3.98775510204082 17.2069
3.99183673469388 22.8495
3.99591836734694 20.999
4.0 15.6965
4.00408163265306 7.95376
4.00816326530612 0.828862
4.01224489795918 0.0
4.01632653061225 0.0
4.02040816326531 0.404716
4.02448979591837 0.0
4.02857142857143 0.0
4.03265306122449 0.0
4.03673469387755 0.0
4.04081632653061 0.0
4.04489795918367 0.0
4.04897959183673 0.0
4.0530612244898 0.0
4.05714285714286 0.0
4.06122448979592 0.0
4.06530612244898 0.0
4.06938775510204 11.3052
4.0734693877551 16.2804
4.07755102040816 22.9439
4.08163265306122 23.9199
4.08571428571429 32.153
4.08979591836735 26.6301
4.09387755102041 23.9829
4.09795918367347 22.9701
4.10204081632653 18.1448
4.10612244897959 8.43984
4.11020408163265 2.47604
4.11428571428571 9.26447
4.11836734693878 1.66166
4.12244897959184 0.0
4.1265306122449 0.0
4.13061224489796 0.0
4.13469387755102 0.0
4.13877551020408 0.0
4.14285714285714 0.0
4.1469387755102 0.0
4.15102040816326 0.0
4.15510204081633 0.0
4.15918367346939 0.0
4.16326530612245 0.0
4.16734693877551 0.0
4.17142857142857 0.0
4.17551020408163 0.0
4.17959183673469 0.0
4.18367346938776 0.0
4.18775510204082 0.0
4.19183673469388 0.0
4.19591836734694 0.0
4.2 0.0
4.20408163265306 0.0
4.20816326530612 0.0
4.21224489795918 0.0
4.21632653061225 0.0
4.22040816326531 0.0
4.22448979591837 0.0
4.22857142857143 0.0
4.23265306122449 0.0
4.23673469387755 0.0
4.24081632653061 0.0
4.24489795918367 0.0
4.24897959183673 0.0
4.2530612244898 0.0
4.25714285714286 0.0
4.26122448979592 0.0
4.26530612244898 0.0
4.26938775510204 0.0
4.2734693877551 0.0
4.27755102040816 0.0
4.28163265306122 0.0
4.28571428571429 1.6546
4.28979591836735 21.2412
4.29387755102041 36.394
4.29795918367347 43.4141
4.30204081632653 38.9406
4.30612244897959 34.2706
4.31020408163265 47.6664
4.31428571428571 70.9602
4.31836734693878 78.5938
4.32244897959184 95.4091
4.3265306122449 96.867
4.33061224489796 97.6471
4.33469387755102 105.868
4.33877551020408 95.5353
4.34285714285714 102.183
4.3469387755102 103.128
4.35102040816327 92.971
4.35510204081633 92.6904
4.35918367346939 86.8114
4.36326530612245 73.4509
4.36734693877551 64.5428
4.37142857142857 53.6556
4.37551020408163 39.8362
4.37959183673469 26.8107
4.38367346938776 16.3714
4.38775510204082 5.12612
4.39183673469388 0.0
4.39591836734694 0.0
4.4 0.0
4.40408163265306 0.0
4.40816326530612 0.0
4.41224489795918 0.0
4.41632653061224 0.0
4.42040816326531 0.0
4.42448979591837 0.0
4.42857142857143 0.0
4.43265306122449 0.300527
4.43673469387755 0.0
4.44081632653061 0.0
4.44489795918367 0.0
4.44897959183673 0.0
4.4530612244898 0.0
4.45714285714286 0.0
4.46122448979592 0.0
4.46530612244898 0.0
4.46938775510204 0.0
4.4734693877551 0.0
4.47755102040816 0.0
4.48163265306122 0.0
4.48571428571429 0.0
4.48979591836735 0.0
4.49387755102041 0.0
4.49795918367347 0.0
4.50204081632653 0.0
4.50612244897959 0.0
4.51020408163265 0.0
4.51428571428571 0.0
4.51836734693878 0.0
4.52244897959184 0.0
4.5265306122449 0.0
4.53061224489796 0.0
4.53469387755102 0.0
4.53877551020408 0.0
4.54285714285714 0.0
4.5469387755102 0.0
4.55102040816327 0.0
4.55510204081633 0.0
4.55918367346939 0.0
4.56326530612245 0.0
4.56734693877551 0.0
4.57142857142857 0.0
4.57551020408163 0.0
4.57959183673469 0.0
4.58367346938776 0.0
4.58775510204082 0.0
4.59183673469388 0.0
4.59591836734694 0.0
4.6 0.0
4.60408163265306 0.0
4.60816326530612 0.0
4.61224489795918 0.0
4.61632653061224 0.0
4.62040816326531 0.0
4.62448979591837 0.0
4.62857142857143 0.0
4.63265306122449 0.0
4.63673469387755 0.0
4.64081632653061 4.22949
4.64489795918367 7.69919
4.64897959183673 6.03314
4.6530612244898 5.48404
4.65714285714286 0.0
4.66122448979592 0.0
4.66530612244898 0.0
4.66938775510204 0.0
4.6734693877551 0.0
4.67755102040816 0.0
4.68163265306122 0.0
4.68571428571429 0.0
4.68979591836735 0.0
4.69387755102041 0.0
4.69795918367347 0.0
4.70204081632653 0.0
4.70612244897959 0.0
4.71020408163265 0.0
4.71428571428571 0.0
4.71836734693878 0.0
4.72244897959184 0.0
4.7265306122449 0.0
4.73061224489796 0.0
4.73469387755102 0.0
4.73877551020408 0.0
4.74285714285714 0.0
4.7469387755102 0.0
4.75102040816327 0.2639
4.75510204081633 1.28616
4.75918367346939 4.69761
4.76326530612245 10.1438
4.76734693877551 17.9001
4.77142857142857 27.1877
4.77551020408163 22.1432
4.77959183673469 21.2937
4.78367346938775 21.9532
4.78775510204082 14.0085
4.79183673469388 6.05474
4.79591836734694 1.84585
4.8 0.0
4.80408163265306 0.0
4.80816326530612 0.0
4.81224489795918 0.0
4.81632653061224 0.0
4.82040816326531 0.0
4.82448979591837 0.0
4.82857142857143 0.0
4.83265306122449 0.0
4.83673469387755 0.0
4.84081632653061 0.0
4.84489795918367 0.0
4.84897959183674 0.0
4.8530612244898 0.0
4.85714285714286 0.0
4.86122448979592 0.0
4.86530612244898 0.0
4.86938775510204 0.0
4.8734693877551 0.0
4.87755102040816 0.0
4.88163265306122 0.0
4.88571428571429 0.0
4.88979591836735 0.161916
4.89387755102041 0.0
4.89795918367347 0.0
4.90204081632653 0.0
4.90612244897959 0.0
4.91020408163265 0.612378
4.91428571428571 4.33666
4.91836734693878 14.1443
4.92244897959184 20.6106
4.9265306122449 35.6849
4.93061224489796 67.5009
4.93469387755102 93.9838
4.93877551020408 114.495
4.94285714285714 97.4638
4.9469387755102 83.3575
4.95102040816327 80.1865
4.95510204081633 72.6604
4.95918367346939 55.4869
4.96326530612245 40.8875
4.96734693877551 32.3716
4.97142857142857 24.0751
4.97551020408163 17.8139
4.97959183673469 21.769
4.98367346938775 27.1822
4.98775510204082 16.5268
4.99183673469388 0.0
4.99591836734694 5.83312
5.0 0.0
5.00408163265306 0.0
5.00816326530612 0.0
5.01224489795918 0.0
5.01632653061225 0.0
5.02040816326531 0.0
5.02448979591837 0.0
5.02857142857143 0.0
5.03265306122449 0.0
5.03673469387755 0.0
5.04081632653061 0.0
5.04489795918367 0.0
5.04897959183673 0.0
5.0530612244898 0.0
5.05714285714286 0.0
5.06122448979592 0.0
5.06530612244898 0.0
5.06938775510204 0.0
5.0734693877551 0.0
5.07755102040816 0.0
5.08163265306122 0.0
5.08571428571429 0.0
5.08979591836735 0.0
5.09387755102041 0.0
5.09795918367347 0.0
5.10204081632653 0.0
5.10612244897959 0.0
5.11020408163265 0.0
5.11428571428571 0.0
5.11836734693878 0.0
5.12244897959184 0.0
5.1265306122449 0.0
5.13061224489796 0.0
5.13469387755102 0.0
5.13877551020408 0.0
5.14285714285714 0.0
5.1469387755102 0.0
5.15102040816326 10.6964
5.15510204081633 6.30892
5.15918367346939 3.09914
5.16326530612245 12.0089
5.16734693877551 18.5693
5.17142857142857 16.699
5.17551020408163 15.837
5.17959183673469 3.69447
5.18367346938776 4.45548
5.18775510204082 16.5406
5.19183673469388 6.85364
5.19591836734694 8.59189
5.2 15.0476
5.20408163265306 11.4407
5.20816326530612 24.8101
5.21224489795918 33.2133
5.21632653061225 41.2979
5.22040816326531 47.1539
5.22448979591837 43.7866
5.22857142857143 45.0724
5.23265306122449 31.2428
5.23673469387755 12.1967
5.24081632653061 1.21574
5.24489795918367 0.0
5.24897959183673 0.0
5.2530612244898 0.0
5.25714285714286 0.0
5.26122448979592 0.0
5.26530612244898 2.28193
5.26938775510204 3.03026
5.2734693877551 0.871062
5.27755102040816 0.892341
5.28163265306122 0.167981
5.28571428571429 0.0
5.28979591836735 0.0
5.29387755102041 0.0
5.29795918367347 0.2869
5.30204081632653 2.78448
5.30612244897959 12.2427
5.31020408163265 26.6639
5.31428571428571 35.2964
5.31836734693878 36.4053
5.32244897959184 33.9339
5.3265306122449 26.7942
5.33061224489796 36.928
5.33469387755102 25.1944
5.33877551020408 28.3315
5.34285714285714 31.8228
5.3469387755102 44.3817
5.35102040816327 37.9888
5.35510204081633 40.2725
5.35918367346939 46.4722
5.36326530612245 40.1364
5.36734693877551 40.9989
5.37142857142857 43.5817
5.37551020408163 43.7996
5.37959183673469 41.31
5.38367346938776 36.9757
5.38775510204082 39.7269
5.39183673469388 44.7845
5.39591836734694 45.1213
5.4 50.7448
5.40408163265306 45.1859
5.40816326530612 37.2954
5.41224489795918 29.1486
5.41632653061224 20.916
5.42040816326531 10.1953
5.42448979591837 0.105768
5.42857142857143 0.0
5.43265306122449 0.0
5.43673469387755 0.0
5.44081632653061 0.0
5.44489795918367 0.0
5.44897959183673 0.0
5.4530612244898 0.0
5.45714285714286 0.0
5.46122448979592 0.0
5.46530612244898 0.0
5.46938775510204 0.0
5.4734693877551 0.0
5.47755102040816 0.0
5.48163265306122 0.0
5.48571428571429 0.0
5.48979591836735 0.0
5.49387755102041 0.0
5.49795918367347 0.0
5.50204081632653 0.0
5.50612244897959 0.0
5.51020408163265 0.0
5.51428571428571 0.0
5.51836734693878 0.0
5.52244897959184 0.0
5.5265306122449 0.0
5.53061224489796 0.0
5.53469387755102 0.0
5.53877551020408 0.0
5.54285714285714 0.0
5.5469387755102 0.0
5.55102040816327 0.0
5.55510204081633 0.0
5.55918367346939 0.0
5.56326530612245 0.0
5.56734693877551 0.0
5.57142857142857 0.0
5.57551020408163 0.0
5.57959183673469 0.0
5.58367346938776 0.0
5.58775510204082 0.0
5.59183673469388 0.0
5.59591836734694 0.0
5.6 0.0
5.60408163265306 0.0
5.60816326530612 2.77609
5.61224489795918 4.09257
5.61632653061224 7.10499
5.62040816326531 13.4047
5.62448979591837 11.4268
5.62857142857143 10.6833
5.63265306122449 13.8221
5.63673469387755 15.154
5.64081632653061 17.0689
5.64489795918367 21.4634
5.64897959183673 27.9498
5.6530612244898 26.9788
5.65714285714286 21.5241
5.66122448979592 15.5333
5.66530612244898 8.71199
5.66938775510204 6.17886
5.6734693877551 5.41586
5.67755102040816 2.13408
5.68163265306122 0.0
5.68571428571429 2.26325
5.68979591836735 0.0
5.69387755102041 0.0
5.69795918367347 0.0
5.70204081632653 0.0
5.70612244897959 0.0
5.71020408163265 0.0
5.71428571428571 0.0
5.71836734693878 0.0
5.72244897959184 0.0
5.7265306122449 0.0
5.73061224489796 0.0
5.73469387755102 0.0
5.73877551020408 0.0
5.74285714285714 4.40998
5.7469387755102 10.0054
5.75102040816327 21.4714
5.75510204081633 17.965
5.75918367346939 23.4879
5.76326530612245 19.4078
5.76734693877551 29.0385
5.77142857142857 18.4515
5.77551020408163 26.8109
5.77959183673469 36.9755
5.78367346938775 42.2366
5.78775510204082 36.0988
5.79183673469388 33.5957
5.79591836734694 22.5337
5.8 10.376
5.80408163265306 7.20482
5.80816326530612 0.880599
5.81224489795918 0.0
5.81632653061224 0.0
5.82040816326531 0.0
5.82448979591837 0.0
5.82857142857143 0.0
5.83265306122449 0.996292
5.83673469387755 5.0602
5.84081632653061 11.5578
5.84489795918367 31.2152
5.84897959183674 43.668
5.8530612244898 32.1442
5.85714285714286 34.9764
5.86122448979592 35.1614
5.86530612244898 26.5519
5.86938775510204 21.9734
5.8734693877551 26.4454
5.87755102040816 34.738
5.88163265306122 28.0011
5.88571428571429 19.5765
5.88979591836735 11.0041
5.89387755102041 2.34884
5.89795918367347 0.0
5.90204081632653 0.0
5.90612244897959 0.0
5.91020408163265 0.0
5.91428571428571 0.0
5.91836734693878 0.0
5.92244897959184 0.0
5.9265306122449 0.0
5.93061224489796 0.0
5.93469387755102 0.0
5.93877551020408 0.0
5.94285714285714 0.0
5.9469387755102 0.0
5.95102040816327 0.0
5.95510204081633 0.0
5.95918367346939 0.0
5.96326530612245 0.0
5.96734693877551 0.0
5.97142857142857 0.394762
5.97551020408163 2.3396
5.97959183673469 1.03331
5.98367346938775 0.0
5.98775510204082 0.0
5.99183673469388 0.0
5.99591836734694 0.0
6.0 0.0
6.00408163265306 0.0
6.00816326530612 0.0
6.01224489795918 0.0
6.01632653061225 12.3735
6.02040816326531 16.8106
6.02448979591837 39.0426
6.02857142857143 45.5149
6.03265306122449 56.9673
6.03673469387755 55.7775
6.04081632653061 46.0862
6.04489795918367 54.3434
6.04897959183673 47.4158
6.0530612244898 39.6458
6.05714285714286 43.1991
6.06122448979592 53.3507
6.06530612244898 51.7945
6.06938775510204 48.9995
6.0734693877551 56.1683
6.07755102040816 56.2043
6.08163265306122 54.4304
6.08571428571429 50.909
6.08979591836735 41.8921
6.09387755102041 45.1972
6.09795918367347 34.163
6.10204081632653 30.3987
6.10612244897959 23.1286
6.11020408163265 21.7041
6.11428571428571 14.7167
6.11836734693878 8.31199
6.12244897959184 7.45273
6.1265306122449 7.76896
6.13061224489796 6.67739
6.13469387755102 4.34625
6.13877551020408 0.490904
6.14285714285714 0.0
6.1469387755102 0.0
6.15102040816326 4.08471
6.15510204081633 2.52807
6.15918367346939 0.0
6.16326530612245 5.80336
6.16734693877551 4.20956
6.17142857142857 0.981212
6.17551020408163 0.0
6.17959183673469 0.0
6.18367346938776 0.0
6.18775510204082 0.0
6.19183673469388 0.0
6.19591836734694 0.0
6.2 0.0
6.20408163265306 0.0
6.20816326530612 0.0
6.21224489795918 0.0
6.21632653061225 0.0
6.22040816326531 0.0
6.22448979591837 0.0
6.22857142857143 0.0
6.23265306122449 0.0
6.23673469387755 0.0
6.24081632653061 0.0
6.24489795918367 0.0
6.24897959183673 0.0
6.2530612244898 0.0
6.25714285714286 2.29967
6.26122448979592 0.987366
6.26530612244898 0.0
6.26938775510204 0.202306
6.2734693877551 0.0
6.27755102040816 0.0
6.28163265306122 0.496209
6.28571428571429 0.0
6.28979591836735 0.0
6.29387755102041 0.0
6.29795918367347 0.0
6.30204081632653 0.0
6.30612244897959 0.0
6.31020408163265 0.0
6.31428571428571 0.0
6.31836734693878 0.0
6.32244897959184 0.0
6.3265306122449 0.0
6.33061224489796 0.0
6.33469387755102 0.0
6.33877551020408 0.0
6.34285714285714 0.0
6.3469387755102 0.0
6.35102040816327 0.0
6.35510204081633 0.0
6.35918367346939 0.0
6.36326530612245 0.0
6.36734693877551 0.0
6.37142857142857 0.0
6.37551020408163 0.0
6.37959183673469 0.0
6.38367346938776 0.0
6.38775510204082 0.0
6.39183673469388 0.0
6.39591836734694 0.0
6.4 0.0
6.40408163265306 0.0
6.40816326530612 0.0
6.41224489795918 0.0
6.41632653061224 0.0
6.42040816326531 0.0
6.42448979591837 0.0
6.42857142857143 0.0
6.43265306122449 0.0
6.43673469387755 0.0
6.44081632653061 0.0
6.44489795918367 0.0
6.44897959183673 0.0
6.4530612244898 0.0
6.45714285714286 0.0
6.46122448979592 0.0
6.46530612244898 4.99661
6.46938775510204 1.7598
6.4734693877551 2.32705
6.47755102040816 0.0
6.48163265306122 5.12221
6.48571428571429 12.5938
6.48979591836735 10.717
6.49387755102041 5.55289
6.49795918367347 8.9649
6.50204081632653 2.07853
6.50612244897959 0.697225
6.51020408163265 0.0
6.51428571428571 0.0
6.51836734693878 0.0
6.52244897959184 0.0
6.5265306122449 0.0
6.53061224489796 0.0
6.53469387755102 0.0
6.53877551020408 0.0
6.54285714285714 0.0
6.5469387755102 0.0
6.55102040816327 0.0
6.55510204081633 0.0
6.55918367346939 0.0
6.56326530612245 0.0
6.56734693877551 0.0
6.57142857142857 0.0
6.57551020408163 0.0
6.57959183673469 0.0
6.58367346938776 5.38059
6.58775510204082 0.0
6.59183673469388 0.0
6.59591836734694 0.0142604
6.6 14.3487
6.60408163265306 19.7963
6.60816326530612 28.3537
6.61224489795918 47.8638
6.61632653061224 54.7773
6.62040816326531 52.0306
6.62448979591837 52.0223
6.62857142857143 73.0415
6.63265306122449 77.9045
6.63673469387755 65.3911
6.64081632653061 59.8769
6.64489795918367 56.7608
6.64897959183673 52.1805
6.6530612244898 47.9344
6.65714285714286 44.8588
6.66122448979592 43.7956
6.66530612244898 35.584
6.66938775510204 22.2667
6.6734693877551 15.2472
6.67755102040816 14.2796
6.68163265306122 5.88378
6.68571428571429 0.0
6.68979591836735 0.0
6.69387755102041 0.0
6.69795918367347 0.0
6.70204081632653 0.0
6.70612244897959 0.0
6.71020408163265 0.0
6.71428571428571 0.0
6.71836734693878 0.0
6.72244897959184 0.0
6.7265306122449 0.0
6.73061224489796 0.0
6.73469387755102 0.0
6.73877551020408 0.0
6.74285714285714 0.0
6.7469387755102 0.0
6.75102040816327 0.0
6.75510204081633 0.0
6.75918367346939 0.0
6.76326530612245 0.0
6.76734693877551 0.0
6.77142857142857 0.0
6.77551020408163 0.0
6.77959183673469 0.0
6.78367346938775 0.0
6.78775510204082 0.0
6.79183673469388 0.0
6.79591836734694 0.0
6.8 0.0
6.80408163265306 0.0
6.80816326530612 0.0
6.81224489795918 0.0
6.81632653061224 0.0
6.82040816326531 0.0
6.82448979591837 0.0
6.82857142857143 0.0
6.83265306122449 0.0
6.83673469387755 0.0
6.84081632653061 0.0
6.84489795918367 0.0
6.84897959183674 0.0
6.8530612244898 0.0
6.85714285714286 0.0
6.86122448979592 0.0
6.86530612244898 5.6112
6.86938775510204 14.3317
6.8734693877551 17.4904
6.87755102040816 21.0074
6.88163265306122 23.9804
6.88571428571429 25.2816
6.88979591836735 26.1028
6.89387755102041 28.5931
6.89795918367347 23.0219
6.90204081632653 14.693
6.90612244897959 2.61694
6.91020408163265 5.56917
6.91428571428571 0.665784
6.91836734693878 2.05529
6.92244897959184 0.0
6.9265306122449 0.0
6.93061224489796 0.0
6.93469387755102 0.0
6.93877551020408 0.0
6.94285714285714 0.0
6.9469387755102 0.0
6.95102040816327 0.0
6.95510204081633 0.0
6.95918367346939 0.0
6.96326530612245 0.0
6.96734693877551 0.0
6.97142857142857 0.0
6.97551020408163 0.0
6.97959183673469 0.0
6.98367346938775 0.0
6.98775510204082 0.0
6.99183673469388 8.4756
6.99591836734694 10.2906
7.0 22.1826
7.00408163265306 42.9843
7.00816326530612 77.8267
7.01224489795918 115.151
7.01632653061225 139.203
7.02040816326531 138.098
7.02448979591837 120.263
7.02857142857143 125.641
7.03265306122449 112.686
7.03673469387755 104.76
7.04081632653061 94.7226
7.04489795918367 84.1801
7.04897959183673 82.6727
7.0530612244898 72.9886
7.05714285714286 63.5361
7.06122448979592 55.8389
7.06530612244898 59.8661
7.06938775510204 55.2157
7.0734693877551 45.1067
7.07755102040816 35.8775
7.08163265306122 28.0107
7.08571428571429 24.17
7.08979591836735 10.2267
7.09387755102041 2.69413
7.09795918367347 2.53963
7.10204081632653 0.0
7.10612244897959 0.214338
7.11020408163265 0.0
7.11428571428571 0.0
7.11836734693878 0.0
7.12244897959184 0.0
7.1265306122449 0.0
7.13061224489796 0.0
7.13469387755102 0.0
7.13877551020408 0.0
7.14285714285714 0.0
7.1469387755102 0.0
7.15102040816326 0.0
7.15510204081633 0.0
7.15918367346939 0.0
7.16326530612245 0.0
7.16734693877551 0.0
7.17142857142857 0.0
7.17551020408163 0.0
7.17959183673469 0.0
7.18367346938776 0.0
7.18775510204082 0.0
7.19183673469388 0.0
7.19591836734694 0.0
7.2 0.0
7.20408163265306 0.0
7.20816326530612 0.0
7.21224489795918 0.0
7.21632653061225 0.0
7.22040816326531 1.35797
7.22448979591837 0.771165
7.22857142857143 0.0
7.23265306122449 0.0
7.23673469387755 0.0
7.24081632653061 0.0
7.24489795918367 0.0
7.24897959183673 0.0
7.2530612244898 0.0
7.25714285714286 0.0
7.26122448979592 0.0
7.26530612244898 0.0
7.26938775510204 0.0
7.2734693877551 0.0
7.27755102040816 0.0
7.28163265306122 0.0
7.28571428571429 0.0
7.28979591836735 0.0
7.29387755102041 0.0
7.29795918367347 0.0
7.30204081632653 0.0
7.30612244897959 0.0
7.31020408163265 0.430822
7.31428571428571 3.54004
7.31836734693878 0.0
7.32244897959184 0.0
7.3265306122449 0.0
7.33061224489796 6.01373
7.33469387755102 12.4336
7.33877551020408 16.0182
7.34285714285714 31.6953
7.3469387755102 41.0587
7.35102040816327 42.4772
7.35510204081633 35.7104
7.35918367346939 35.9733
7.36326530612245 26.311
7.36734693877551 11.5943
7.37142857142857 2.02023
7.37551020408163 0.0
7.37959183673469 0.0
7.38367346938776 0.0
7.38775510204082 0.0
7.39183673469388 0.0
7.39591836734694 0.0
7.4 0.0
7.40408163265306 0.0
7.40816326530612 0.0
7.41224489795918 0.0
7.41632653061224 0.0
7.42040816326531 0.0
7.42448979591837 0.0
7.42857142857143 0.0
7.43265306122449 0.0
7.43673469387755 0.0
7.44081632653061 0.0
7.44489795918367 0.0
7.44897959183673 0.0
7.4530612244898 3.78706
7.45714285714286 3.51758
7.46122448979592 8.7392
7.46530612244898 11.7456
7.46938775510204 7.11113
7.4734693877551 24.6008
7.47755102040816 37.7727
7.48163265306122 43.1348
7.48571428571429 32.9586
7.48979591836735 50.7268
7.49387755102041 52.4116
7.49795918367347 45.9616
7.50204081632653 56.2242
7.50612244897959 43.3342
7.51020408163265 40.3299
7.51428571428571 25.6742
7.51836734693878 19.1236
7.52244897959184 4.47845
7.5265306122449 2.21348
7.53061224489796 0.0
7.53469387755102 0.0
7.53877551020408 0.0
7.54285714285714 0.0
7.5469387755102 0.0
7.55102040816327 0.0
7.55510204081633 0.0
7.55918367346939 0.0
7.56326530612245 0.0
7.56734693877551 0.0
7.57142857142857 0.0
7.57551020408163 0.0
7.57959183673469 0.0
7.58367346938776 0.0
7.58775510204082 0.0
7.59183673469388 0.0
7.59591836734694 0.0
7.6 0.0
7.60408163265306 0.0
7.60816326530612 0.0
7.61224489795918 0.0
7.61632653061224 0.0
7.62040816326531 0.0
7.62448979591837 0.0
7.62857142857143 0.0
7.63265306122449 0.0
7.63673469387755 0.0
7.64081632653061 0.0
7.64489795918367 0.0
7.64897959183673 0.0
7.6530612244898 0.0
7.65714285714286 0.0
7.66122448979592 0.0
7.66530612244898 0.0
7.66938775510204 0.0
7.6734693877551 0.0
7.67755102040816 0.0
7.68163265306122 0.0
7.68571428571429 0.0
7.68979591836735 0.0
7.69387755102041 0.0
7.69795918367347 2.10433
7.70204081632653 2.7491
7.70612244897959 3.61116
7.71020408163265 0.496209
7.71428571428571 7.88914
7.71836734693878 13.8078
7.72244897959184 28.6338
7.7265306122449 58.6922
7.73061224489796 62.6677
7.73469387755102 59.8866
7.73877551020408 64.5451
7.74285714285714 79.1259
7.7469387755102 84.677
7.75102040816327 85.2144
7.75510204081633 84.6127
7.75918367346939 67.1638
7.76326530612245 45.2231
7.76734693877551 37.3588
7.77142857142857 30.0912
7.77551020408163 18.7224
7.77959183673469 6.81849
7.78367346938775 0.0
7.78775510204082 4.81111
7.79183673469388 0.0
7.79591836734694 0.0
7.8 0.0
7.80408163265306 0.0
7.80816326530612 0.0
7.81224489795918 0.0
7.81632653061224 0.0
7.82040816326531 0.0
7.82448979591837 0.0
7.82857142857143 0.0
7.83265306122449 0.0
7.83673469387755 0.0
7.84081632653061 0.0
7.84489795918367 0.0
7.84897959183674 0.0
7.8530612244898 0.0
7.85714285714286 0.0
7.86122448979592 0.0
7.86530612244898 0.0
7.86938775510204 0.0
7.8734693877551 0.0
7.87755102040816 0.0
7.88163265306122 0.0
7.88571428571429 9.34386
7.88979591836735 22.9841
7.89387755102041 13.2438
7.89795918367347 11.2149
7.90204081632653 12.3976
7.90612244897959 5.31265
7.91020408163265 1.7395
7.91428571428571 0.0
7.91836734693878 0.0
7.92244897959184 0.0
7.9265306122449 0.0
7.93061224489796 0.0
7.93469387755102 1.80854
7.93877551020408 1.41358
7.94285714285714 0.0
7.9469387755102 0.0
7.95102040816327 0.0
7.95510204081633 0.0
7.95918367346939 0.0
7.96326530612245 0.0
7.96734693877551 0.0
7.97142857142857 0.0
7.97551020408163 0.0
7.97959183673469 0.0
7.98367346938775 0.0
7.98775510204082 0.0
7.99183673469388 0.0
7.99591836734694 0.0
8.0 0.0
8.00408163265306 0.0
8.00816326530612 0.0
8.01224489795918 0.0
8.01632653061225 0.0
8.02040816326531 0.0
8.02448979591837 0.0
8.02857142857143 0.0
8.03265306122449 0.0
8.03673469387755 0.0
8.04081632653061 0.0
8.04489795918367 0.0
8.04897959183674 0.0
8.0530612244898 1.92297
8.05714285714286 0.0
8.06122448979592 0.0
8.06530612244898 0.0
8.06938775510204 0.0
8.0734693877551 0.0
8.07755102040816 0.0
8.08163265306122 0.0
8.08571428571429 0.0
8.08979591836735 0.0
8.09387755102041 0.0
8.09795918367347 0.0
8.10204081632653 0.0
8.10612244897959 0.0
8.11020408163265 0.0
8.11428571428571 0.0
8.11836734693878 0.0
8.12244897959184 0.0
8.1265306122449 0.0
8.13061224489796 0.0
8.13469387755102 1.21126
8.13877551020408 8.76941
8.14285714285714 22.842
8.1469387755102 44.2029
8.15102040816327 57.8593
8.15510204081633 56.4307
8.15918367346939 67.2954
8.16326530612245 68.991
8.16734693877551 58.2267
8.17142857142857 50.9066
8.17551020408163 38.0046
8.17959183673469 33.3583
8.18367346938776 27.2361
8.18775510204082 22.2459
8.19183673469388 16.318
8.19591836734694 16.412
8.2 18.3562
8.20408163265306 15.6247
8.20816326530612 16.9108
8.21224489795918 13.148
8.21632653061224 10.2856
8.22040816326531 6.19265
8.22448979591837 0.861764
8.22857142857143 0.0
8.23265306122449 0.0
8.23673469387755 1.59216
8.24081632653061 2.36404
8.24489795918367 0.0
8.24897959183673 0.0
8.2530612244898 0.0
8.25714285714286 0.0
8.26122448979592 0.0
8.26530612244898 0.0
8.26938775510204 0.0
8.2734693877551 0.0
8.27755102040816 0.0
8.28163265306122 0.0
8.28571428571429 0.0
8.28979591836735 0.0
8.29387755102041 0.0
8.29795918367347 1.21522
8.30204081632653 3.94471
8.30612244897959 13.3709
8.31020408163265 15.2889
8.31428571428571 17.8005
8.31836734693877 22.8121
8.32244897959184 30.1569
8.3265306122449 30.1253
8.33061224489796 44.3251
8.33469387755102 44.1878
8.33877551020408 51.1196
8.34285714285714 46.6341
8.3469387755102 42.4871
8.35102040816327 39.0825
8.35510204081633 34.7371
8.35918367346939 26.4398
8.36326530612245 15.0299
8.36734693877551 5.71501
8.37142857142857 0.0
8.37551020408163 0.0
8.37959183673469 0.0
8.38367346938776 0.0
8.38775510204082 0.0
8.39183673469388 0.0
8.39591836734694 0.0
8.4 0.0
8.40408163265306 0.0
8.40816326530612 0.0
8.41224489795918 0.0
8.41632653061225 0.0
8.42040816326531 0.0
8.42448979591837 0.0
8.42857142857143 0.0
8.43265306122449 0.0
8.43673469387755 0.0
8.44081632653061 0.0
8.44489795918367 0.0
8.44897959183673 0.0
8.4530612244898 0.0
8.45714285714286 0.0
8.46122448979592 0.0
8.46530612244898 0.0
8.46938775510204 0.0
8.4734693877551 0.0
8.47755102040816 0.0
8.48163265306122 0.0
8.48571428571429 0.0
8.48979591836735 0.0
8.49387755102041 0.0
8.49795918367347 0.0
8.50204081632653 0.0
8.50612244897959 0.0
8.51020408163265 0.0
8.51428571428571 0.0
8.51836734693878 0.0
8.52244897959184 0.0
8.5265306122449 0.0
8.53061224489796 0.0
8.53469387755102 0.0
8.53877551020408 0.0
8.54285714285714 0.0
8.5469387755102 0.0
8.55102040816327 0.0
8.55510204081633 0.0
8.55918367346939 0.0
8.56326530612245 0.0
8.56734693877551 0.0
8.57142857142857 0.0
8.57551020408163 0.0
8.57959183673469 0.0
8.58367346938775 0.0
8.58775510204082 0.0
8.59183673469388 0.394642
8.59591836734694 3.71324
8.6 0.0
8.60408163265306 0.0
8.60816326530612 0.0
8.61224489795918 0.0
8.61632653061224 0.0
8.62040816326531 0.0
8.62448979591837 0.0
8.62857142857143 0.0
8.63265306122449 0.0
8.63673469387755 0.0
8.64081632653061 0.0
8.64489795918367 0.0
8.64897959183673 0.0
8.6530612244898 0.0
8.65714285714286 0.0
8.66122448979592 0.0
8.66530612244898 0.0
8.66938775510204 0.0
8.6734693877551 0.0
8.67755102040816 0.0
8.68163265306123 0.0
8.68571428571429 0.0
8.68979591836735 0.0
8.69387755102041 0.0
8.69795918367347 0.0
8.70204081632653 0.0
8.70612244897959 0.0
8.71020408163265 0.946775
8.71428571428571 2.15274
8.71836734693878 6.41045
8.72244897959184 29.1088
8.7265306122449 34.7146
8.73061224489796 56.2026
8.73469387755102 62.121
8.73877551020408 66.2947
8.74285714285714 68.4034
8.7469387755102 75.2539
8.75102040816327 69.8444
8.75510204081633 59.2675
8.75918367346939 69.4044
8.76326530612245 61.4367
8.76734693877551 64.1229
8.77142857142857 47.9743
8.77551020408163 50.3134
8.77959183673469 46.9866
8.78367346938776 44.9693
8.78775510204082 44.8382
8.79183673469388 41.9898
8.79591836734694 40.0559
8.8 37.4747
8.80408163265306 31.9715
8.80816326530612 19.9794
8.81224489795918 13.4215
8.81632653061224 6.1512
8.82040816326531 0.704512
8.82448979591837 25.2592
8.82857142857143 30.7209
8.83265306122449 27.8055
8.83673469387755 28.9574
8.84081632653061 38.6306
8.84489795918367 44.6614
8.84897959183673 35.0618
8.8530612244898 30.6602
8.85714285714286 23.9274
8.86122448979592 23.825
8.86530612244898 13.4848
8.86938775510204 11.0798
8.8734693877551 4.61346
8.87755102040816 4.17536
8.88163265306122 4.44107
8.88571428571429 2.70119
8.88979591836735 0.0
8.89387755102041 0.0
8.89795918367347 0.0
8.90204081632653 0.0
8.90612244897959 0.0
8.91020408163265 0.0
8.91428571428571 0.0
8.91836734693878 0.0
8.92244897959184 0.0
8.9265306122449 0.0
8.93061224489796 0.0
8.93469387755102 0.0
8.93877551020408 1.08612
8.94285714285714 0.0
8.9469387755102 0.0
8.95102040816326 0.0
8.95510204081633 3.10278
8.95918367346939 0.0
8.96326530612245 0.0
8.96734693877551 0.0
8.97142857142857 0.0
8.97551020408163 0.0
8.97959183673469 0.0
8.98367346938775 0.0
8.98775510204082 0.0
8.99183673469388 0.0
8.99591836734694 3.82781
9.0 1.59383
9.00408163265306 6.34181
9.00816326530612 0.395656
9.01224489795918 0.0
9.01632653061225 0.0
9.02040816326531 0.0
9.02448979591837 0.0
9.02857142857143 0.0
9.03265306122449 0.0
9.03673469387755 0.0
9.04081632653061 0.0
9.04489795918367 0.0
9.04897959183674 0.0
9.0530612244898 0.0
9.05714285714286 0.0
9.06122448979592 0.0
9.06530612244898 0.0
9.06938775510204 0.0
9.0734693877551 0.0
9.07755102040816 0.0
9.08163265306122 0.0
9.08571428571429 0.0
9.08979591836735 0.0
9.09387755102041 0.0
9.09795918367347 0.831746
9.10204081632653 0.0
9.10612244897959 0.0
9.11020408163265 0.0
9.11428571428571 0.0
9.11836734693878 0.0
9.12244897959184 0.0
9.1265306122449 0.0
9.13061224489796 0.0
9.13469387755102 0.0
9.13877551020408 0.0
9.14285714285714 0.0
9.1469387755102 0.0
9.15102040816327 0.0
9.15510204081633 0.0
9.15918367346939 0.0
9.16326530612245 2.1078
9.16734693877551 0.870764
9.17142857142857 1.91164
9.17551020408163 1.33413
9.17959183673469 5.14902
9.18367346938776 15.3046
9.18775510204082 25.8531
9.19183673469388 32.8535
9.19591836734694 45.9508
9.2 46.2279
9.20408163265306 49.5947
9.20816326530612 43.807
9.21224489795918 40.9683
9.21632653061224 33.5201
9.22040816326531 26.1271
9.22448979591837 17.9867
9.22857142857143 7.39872
9.23265306122449 0.0
9.23673469387755 0.0
9.24081632653061 0.0
9.24489795918367 0.0
9.24897959183673 0.0
9.2530612244898 0.0
9.25714285714286 0.0
9.26122448979592 0.0
9.26530612244898 0.0
9.26938775510204 0.0
9.2734693877551 0.0
9.27755102040816 0.0
9.28163265306122 0.0
9.28571428571429 0.0
9.28979591836735 0.0
9.29387755102041 0.0
9.29795918367347 0.0
9.30204081632653 0.0
9.30612244897959 0.0
9.31020408163265 0.0
9.31428571428571 0.0
9.31836734693877 0.0
9.32244897959184 0.0
9.3265306122449 0.0
9.33061224489796 0.0
9.33469387755102 0.0
9.33877551020408 0.0
9.34285714285714 0.0
9.3469387755102 0.0
9.35102040816327 0.0
9.35510204081633 0.0
9.35918367346939 0.0
9.36326530612245 0.0
9.36734693877551 0.0
9.37142857142857 1.64372
9.37551020408163 0.0
9.37959183673469 0.0
9.38367346938776 0.327468
9.38775510204082 0.45526
9.39183673469388 0.0
9.39591836734694 0.0
9.4 0.0
9.40408163265306 0.0
9.40816326530612 0.0
9.41224489795918 0.0
9.41632653061225 0.0
9.42040816326531 1.97697
9.42448979591837 0.423729
9.42857142857143 0.173032
9.43265306122449 5.64945
9.43673469387755 7.15303
9.44081632653061 18.4992
9.44489795918367 31.7843
9.44897959183673 45.8277
9.4530612244898 45.2505
9.45714285714286 49.9031
9.46122448979592 53.0143
9.46530612244898 53.0764
9.46938775510204 39.5252
9.4734693877551 27.1083
9.47755102040816 21.8275
9.48163265306122 15.6675
9.48571428571429 6.36852
9.48979591836735 1.05482
9.49387755102041 0.0
9.49795918367347 0.0
9.50204081632653 0.0
9.50612244897959 0.0
9.51020408163265 0.0
9.51428571428571 0.0
9.51836734693878 1.39678
9.52244897959184 0.206649
9.5265306122449 5.38182
9.53061224489796 0.058651
9.53469387755102 0.0
9.53877551020408 0.0
9.54285714285714 0.0
9.5469387755102 0.0
9.55102040816327 0.0
9.55510204081633 0.0
9.55918367346939 0.0
9.56326530612245 0.0
9.56734693877551 0.0
9.57142857142857 0.0
9.57551020408163 0.0
9.57959183673469 0.0
9.58367346938775 0.0
9.58775510204082 0.0
9.59183673469388 0.0
9.59591836734694 0.0
9.6 5.22143
9.60408163265306 26.9148
9.60816326530612 30.168
9.61224489795918 39.9995
9.61632653061224 39.6004
9.62040816326531 34.2798
9.62448979591837 36.7559
9.62857142857143 34.5382
9.63265306122449 42.2232
9.63673469387755 37.5788
9.64081632653061 31.1882
9.64489795918367 21.3903
9.64897959183673 11.9722
9.6530612244898 12.6643
9.65714285714286 8.60703
9.66122448979592 6.3555
9.66530612244898 3.50118
9.66938775510204 0.0
9.6734693877551 3.78919
9.67755102040816 0.483513
9.68163265306123 0.0
9.68571428571429 2.57826
9.68979591836735 6.78575
9.69387755102041 7.14633
9.69795918367347 11.6203
9.70204081632653 14.1256
9.70612244897959 8.52659
9.71020408163265 8.53819
9.71428571428571 5.85006
9.71836734693878 0.0
9.72244897959184 0.0
9.7265306122449 0.0
9.73061224489796 0.0
9.73469387755102 0.0
9.73877551020408 0.0
9.74285714285714 0.0
9.7469387755102 0.0
9.75102040816327 0.0
9.75510204081633 0.0
9.75918367346939 0.0
9.76326530612245 0.0
9.76734693877551 0.0
9.77142857142857 0.0
9.77551020408163 0.0
9.77959183673469 0.0
9.78367346938776 0.0
9.78775510204082 0.0
9.79183673469388 0.0
9.79591836734694 0.0
9.8 0.0
9.80408163265306 0.0
9.80816326530612 2.92575
9.81224489795918 2.52119
9.81632653061224 0.0
9.82040816326531 0.0
9.82448979591837 0.0
9.82857142857143 0.0
9.83265306122449 0.0
9.83673469387755 0.0
9.84081632653061 0.0
9.84489795918367 0.0
9.84897959183673 0.0
9.8530612244898 0.0
9.85714285714286 0.0
9.86122448979592 0.720739
9.86530612244898 0.0
9.86938775510204 6.46975
9.8734693877551 15.2337
9.87755102040816 24.2928
9.88163265306122 27.5542
9.88571428571429 29.6862
9.88979591836735 26.4296
9.89387755102041 14.1699
9.89795918367347 0.0
9.90204081632653 0.904083
9.90612244897959 0.0
9.91020408163265 0.0
9.91428571428571 0.0
9.91836734693878 0.0
9.92244897959184 0.0
9.9265306122449 0.0
9.93061224489796 0.0
9.93469387755102 0.0
9.93877551020408 0.0
9.94285714285714 0.0
9.9469387755102 0.0
9.95102040816326 0.0
9.95510204081633 0.0
9.95918367346939 0.0
9.96326530612245 0.0
9.96734693877551 0.0
9.97142857142857 0.0
9.97551020408163 0.0
9.97959183673469 0.0
9.98367346938775 0.0
9.98775510204082 0.0
9.99183673469388 0.0
9.99591836734694 11.5294
10.0 17.9131
10.0040816326531 32.3507
10.0081632653061 55.1283
10.0122448979592 77.2253
10.0163265306122 112.405
10.0204081632653 107.183
10.0244897959184 93.3012
10.0285714285714 80.8195
10.0326530612245 62.2498
10.0367346938776 52.517
10.0408163265306 45.7799
10.0448979591837 39.3232
10.0489795918367 34.859
10.0530612244898 33.6114
10.0571428571429 25.2371
10.0612244897959 15.7312
10.065306122449 6.37579
10.069387755102 0.372052
10.0734693877551 0.0
10.0775510204082 0.0
10.0816326530612 0.0
10.0857142857143 0.0
10.0897959183673 0.0
10.0938775510204 0.0
10.0979591836735 0.0
10.1020408163265 0.0
10.1061224489796 0.0
10.1102040816327 0.0
10.1142857142857 0.0
10.1183673469388 0.0
10.1224489795918 0.0
10.1265306122449 0.0
10.130612244898 0.0
10.134693877551 0.0
10.1387755102041 0.0
10.1428571428571 0.0
10.1469387755102 0.0
10.1510204081633 0.0
10.1551020408163 0.0
10.1591836734694 0.0
10.1632653061224 0.0
10.1673469387755 0.0
10.1714285714286 0.0
10.1755102040816 0.0
10.1795918367347 0.0
10.1836734693878 0.0
10.1877551020408 0.0
10.1918367346939 0.0
10.1959183673469 0.0
10.2 0.0
10.2040816326531 0.0
10.2081632653061 0.0
10.2122448979592 0.0
10.2163265306122 0.0
10.2204081632653 0.0
10.2244897959184 0.0
10.2285714285714 0.0
10.2326530612245 0.0
10.2367346938776 0.0
10.2408163265306 0.0
10.2448979591837 0.0
10.2489795918367 0.0
10.2530612244898 0.0
10.2571428571429 0.0
10.2612244897959 1.06138
10.265306122449 12.0048
10.269387755102 12.2961
10.2734693877551 11.0201
10.2775510204082 5.79342
10.2816326530612 0.527918
10.2857142857143 1.76063
10.2897959183673 0.0
10.2938775510204 0.0
10.2979591836735 1.13982
10.3020408163265 2.46048
10.3061224489796 0.49454
10.3102040816327 0.0
10.3142857142857 0.0
10.3183673469388 0.0
10.3224489795918 7.80754
10.3265306122449 6.87528
10.330612244898 4.10488
10.334693877551 15.6675
10.3387755102041 13.5694
10.3428571428571 12.0414
10.3469387755102 11.6931
10.3510204081633 6.17938
10.3551020408163 5.06012
10.3591836734694 0.0
10.3632653061224 0.0
10.3673469387755 4.92286
10.3714285714286 5.34171
10.3755102040816 5.86484
10.3795918367347 10.443
10.3836734693878 9.87037
10.3877551020408 10.5973
10.3918367346939 9.0611
10.3959183673469 5.76589
10.4 12.2294
10.4040816326531 8.23942
10.4081632653061 9.10401
10.4122448979592 9.67318
10.4163265306122 17.1154
10.4204081632653 13.4946
10.4244897959184 7.14541
10.4285714285714 0.0
10.4326530612245 0.0
10.4367346938776 0.0
10.4408163265306 22.9023
10.4448979591837 42.2109
10.4489795918367 54.681
10.4530612244898 70.693
10.4571428571429 87.6653
10.4612244897959 77.8309
10.465306122449 69.2607
10.469387755102 71.3738
10.4734693877551 70.6432
10.4775510204082 62.2207
10.4816326530612 56.8046
10.4857142857143 45.0847
10.4897959183673 35.3755
10.4938775510204 27.4104
10.4979591836735 21.5223
10.5020408163265 21.0658
10.5061224489796 21.3545
10.5102040816327 26.1642
10.5142857142857 17.235
10.5183673469388 12.1913
10.5224489795918 18.4764
10.5265306122449 16.8578
10.530612244898 15.9457
10.534693877551 12.7524
10.5387755102041 10.0548
10.5428571428571 6.64997
10.5469387755102 5.10794
10.5510204081633 0.0
10.5551020408163 0.0
10.5591836734694 0.0
10.5632653061224 0.459075
10.5673469387755 0.867844
10.5714285714286 0.827551
10.5755102040816 1.5232
10.5795918367347 0.0
10.5836734693878 0.0
10.5877551020408 0.0
10.5918367346939 0.0337362
10.5959183673469 1.79517
10.6 4.17888
10.6040816326531 1.79321
10.6081632653061 0.0
10.6122448979592 1.302
10.6163265306122 0.0
10.6204081632653 0.0
10.6244897959184 0.0
10.6285714285714 0.0
10.6326530612245 0.0
10.6367346938776 0.0
10.6408163265306 0.0
10.6448979591837 0.0
10.6489795918367 0.0
10.6530612244898 0.0
10.6571428571429 0.0
10.6612244897959 0.0
10.665306122449 0.0
10.669387755102 0.0
10.6734693877551 0.0
10.6775510204082 0.0
10.6816326530612 0.0
10.6857142857143 0.0
10.6897959183673 0.0
10.6938775510204 1.16219
10.6979591836735 0.0
10.7020408163265 0.0
10.7061224489796 0.0
10.7102040816327 0.0
10.7142857142857 0.0
10.7183673469388 0.0
10.7224489795918 0.0
10.7265306122449 0.0
10.730612244898 0.0
10.734693877551 0.0
10.7387755102041 0.0
10.7428571428571 0.0
10.7469387755102 0.0
10.7510204081633 0.0
10.7551020408163 0.0
10.7591836734694 0.0
10.7632653061224 0.0
10.7673469387755 0.0
10.7714285714286 5.23078
10.7755102040816 0.783205
10.7795918367347 0.0
10.7836734693878 2.16365
10.7877551020408 2.18186
10.7918367346939 0.0
10.7959183673469 0.211477
10.8 0.0
10.8040816326531 0.0
10.8081632653061 0.0
10.8122448979592 0.0
10.8163265306122 0.0
10.8204081632653 0.0
10.8244897959184 0.0
10.8285714285714 0.0
10.8326530612245 0.0
10.8367346938776 0.0
10.8408163265306 0.0
10.8448979591837 0.0
10.8489795918367 0.0
10.8530612244898 0.0
10.8571428571429 0.0
10.8612244897959 0.0
10.865306122449 0.0
10.869387755102 0.0
10.8734693877551 0.0
10.8775510204082 0.0
10.8816326530612 4.91744
10.8857142857143 3.50016
10.8897959183673 32.4203
10.8938775510204 37.3143
10.8979591836735 52.8217
10.9020408163265 67.4139
10.9061224489796 82.767
10.9102040816327 71.1095
10.9142857142857 61.3215
10.9183673469388 62.0524
10.9224489795918 73.476
10.9265306122449 73.5174
10.930612244898 59.7911
10.934693877551 48.66
10.9387755102041 29.9235
10.9428571428571 23.4227
10.9469387755102 13.4415
10.9510204081633 13.1414
10.9551020408163 13.5273
10.9591836734694 8.99163
10.9632653061224 3.40128
10.9673469387755 0.489026
10.9714285714286 0.0
10.9755102040816 4.80664
10.9795918367347 0.0983477
10.9836734693878 0.0
10.9877551020408 0.0
10.9918367346939 0.0
10.9959183673469 0.0
11.0 0.0
11.0040816326531 0.0
11.0081632653061 0.0
11.0122448979592 0.0
11.0163265306122 0.0
11.0204081632653 0.0
11.0244897959184 0.0
11.0285714285714 0.0
11.0326530612245 0.0
11.0367346938776 0.0
11.0408163265306 0.0
11.0448979591837 0.0
11.0489795918367 0.0
11.0530612244898 0.0
11.0571428571429 0.0
11.0612244897959 0.0
11.065306122449 0.0
11.069387755102 0.0
11.0734693877551 0.0
11.0775510204082 0.0
11.0816326530612 0.0
11.0857142857143 0.0
11.0897959183673 1.75011
11.0938775510204 0.0
11.0979591836735 0.0
11.1020408163265 0.0
11.1061224489796 0.0
11.1102040816327 0.0
11.1142857142857 0.0
11.1183673469388 0.0
11.1224489795918 0.0
11.1265306122449 1.28412
11.130612244898 0.0
11.134693877551 0.0
11.1387755102041 0.0
11.1428571428571 0.0
11.1469387755102 0.0
11.1510204081633 0.0
11.1551020408163 7.51226
11.1591836734694 22.4688
11.1632653061224 19.1443
11.1673469387755 40.3652
11.1714285714286 70.0108
11.1755102040816 96.3114
11.1795918367347 121.79
11.1836734693878 111.266
11.1877551020408 104.324
11.1918367346939 91.8584
11.1959183673469 83.9228
11.2 63.5843
11.2040816326531 47.7884
11.2081632653061 36.5946
11.2122448979592 30.6206
11.2163265306122 21.181
11.2204081632653 22.2088
11.2244897959184 18.4226
11.2285714285714 18.8924
11.2326530612245 7.58886
11.2367346938776 7.81554
11.2408163265306 4.51584
11.2448979591837 17.5477
11.2489795918367 9.37381
11.2530612244898 5.8575
11.2571428571429 4.78959
11.2612244897959 1.47772
11.265306122449 6.88684
11.269387755102 11.3663
11.2734693877551 15.1287
11.2775510204082 3.65563
11.2816326530612 0.52774
11.2857142857143 0.0
11.2897959183673 0.0
11.2938775510204 0.0
11.2979591836735 0.0
11.3020408163265 0.0
11.3061224489796 0.0
11.3102040816327 0.0
11.3142857142857 0.0
11.3183673469388 0.0
11.3224489795918 0.0
11.3265306122449 0.0
11.330612244898 0.0
11.334693877551 0.0
11.3387755102041 0.0
11.3428571428571 0.0
11.3469387755102 0.0
11.3510204081633 0.0
11.3551020408163 0.0
11.3591836734694 0.0
11.3632653061224 0.0
11.3673469387755 0.0
11.3714285714286 0.0
11.3755102040816 0.0
11.3795918367347 0.0
11.3836734693878 0.0
11.3877551020408 0.0
11.3918367346939 0.0
11.3959183673469 0.0
11.4 0.0
11.4040816326531 0.0
11.4081632653061 0.0
11.4122448979592 0.0
11.4163265306122 0.0
11.4204081632653 0.0
11.4244897959184 0.0
11.4285714285714 0.0
11.4326530612245 0.0
11.4367346938776 0.0
11.4408163265306 0.0
11.4448979591837 0.0
11.4489795918367 0.0
11.4530612244898 0.0
11.4571428571429 0.0
11.4612244897959 0.0
11.465306122449 0.0
11.469387755102 0.0
11.4734693877551 0.0
11.4775510204082 0.0
11.4816326530612 0.0
11.4857142857143 0.0
11.4897959183673 0.0
11.4938775510204 0.0
11.4979591836735 0.0
11.5020408163265 0.0
11.5061224489796 0.0
11.5102040816327 0.0
11.5142857142857 0.0
11.5183673469388 0.0
11.5224489795918 0.0
11.5265306122449 0.0
11.530612244898 0.0
11.534693877551 0.0
11.5387755102041 0.0
11.5428571428571 0.0
11.5469387755102 0.0
11.5510204081633 0.0
11.5551020408163 0.0
11.5591836734694 0.0
11.5632653061224 0.0
11.5673469387755 0.0
11.5714285714286 0.0
11.5755102040816 0.0
11.5795918367347 1.4388
11.5836734693878 2.81224
11.5877551020408 0.275224
11.5918367346939 3.88294
11.5959183673469 17.1748
11.6 19.2032
11.6040816326531 20.3274
11.6081632653061 28.5552
11.6122448979592 27.5203
11.6163265306122 25.2582
11.6204081632653 27.0117
11.6244897959184 21.123
11.6285714285714 13.7937
11.6326530612245 2.72115
11.6367346938776 0.552922
11.6408163265306 0.447899
11.6448979591837 0.0
11.6489795918367 0.0
11.6530612244898 0.0
11.6571428571429 0.0
11.6612244897959 0.0
11.665306122449 0.0
11.669387755102 0.0
11.6734693877551 0.0
11.6775510204082 0.0
11.6816326530612 0.0
11.6857142857143 0.0
11.6897959183673 0.0
11.6938775510204 0.0
11.6979591836735 0.0
11.7020408163265 0.0
11.7061224489796 0.0
11.7102040816327 0.0
11.7142857142857 2.48647
11.7183673469388 0.0
11.7224489795918 3.74711
11.7265306122449 4.54992
11.730612244898 9.63185
11.734693877551 21.7002
11.7387755102041 21.8861
11.7428571428571 26.1831
11.7469387755102 34.2777
11.7510204081633 26.9883
11.7551020408163 39.6464
11.7591836734694 32.916
11.7632653061224 28.718
11.7673469387755 21.0451
11.7714285714286 10.125
11.7755102040816 8.81562
11.7795918367347 1.78969
11.7836734693878 0.0
11.7877551020408 0.0
11.7918367346939 0.0
11.7959183673469 0.0
11.8 0.0
11.8040816326531 0.0
11.8081632653061 0.0
11.8122448979592 0.0
11.8163265306122 0.0
11.8204081632653 0.0
11.8244897959184 0.0
11.8285714285714 0.0
11.8326530612245 0.0
11.8367346938776 0.0
11.8408163265306 0.0
11.8448979591837 0.0
11.8489795918367 0.0
11.8530612244898 0.0
11.8571428571429 0.0
11.8612244897959 1.00607
11.865306122449 5.52121
11.869387755102 9.35889
11.8734693877551 13.502
11.8775510204082 8.67106
11.8816326530612 5.29855
11.8857142857143 3.49489
11.8897959183673 2.62171
11.8938775510204 1.23054
11.8979591836735 0.0
11.9020408163265 0.0
11.9061224489796 0.0
11.9102040816327 0.0
11.9142857142857 0.0
11.9183673469388 0.0
11.9224489795918 0.0
11.9265306122449 0.0
11.930612244898 1.25647
11.934693877551 0.0
11.9387755102041 0.468075
11.9428571428571 0.0
11.9469387755102 0.0
11.9510204081633 0.0
11.9551020408163 0.0
11.9591836734694 0.0
11.9632653061224 0.0
11.9673469387755 0.0
11.9714285714286 0.0
11.9755102040816 0.112414
11.9795918367347 4.48397
11.9836734693878 6.69223
11.9877551020408 5.92534
11.9918367346939 10.5907
11.9959183673469 11.7458
12.0 18.7516
12.0040816326531 21.0776
12.0081632653061 20.4379
12.0122448979592 22.2793
12.0163265306122 23.9508
12.0204081632653 30.9901
12.0244897959184 19.4191
12.0285714285714 12.8194
12.0326530612245 11.7738
12.0367346938776 19.0413
12.0408163265306 26.0045
12.0448979591837 30.7329
12.0489795918367 26.2097
12.0530612244898 31.6784
12.0571428571429 29.6661
12.0612244897959 24.991
12.065306122449 13.2266
12.069387755102 7.62689
12.0734693877551 4.3245
12.0775510204082 1.20696
12.0816326530612 2.49162
12.0857142857143 0.0
12.0897959183673 0.0
12.0938775510204 0.0
12.0979591836735 0.0
12.1020408163265 0.0
12.1061224489796 0.0
12.1102040816327 0.0
12.1142857142857 0.0
12.1183673469388 0.0
12.1224489795918 0.0
12.1265306122449 0.0
12.130612244898 0.0
12.134693877551 17.1409
12.1387755102041 41.6556
12.1428571428571 68.9545
12.1469387755102 95.8193
12.1510204081633 117.028
12.1551020408163 111.362
12.1591836734694 103.134
12.1632653061224 101.949
12.1673469387755 92.4932
12.1714285714286 88.1768
12.1755102040816 76.2091
12.1795918367347 65.9624
12.1836734693878 60.334
12.1877551020408 47.6957
12.1918367346939 41.3414
12.1959183673469 37.0861
12.2 31.1369
12.2040816326531 19.5996
12.2081632653061 12.0624
12.2122448979592 5.16542
12.2163265306122 0.221523
12.2204081632653 0.0586212
12.2244897959184 3.22151
12.2285714285714 1.80104
12.2326530612245 4.22065
12.2367346938776 1.30913
12.2408163265306 0.0
12.2448979591837 0.0
12.2489795918367 0.0
12.2530612244898 0.0
12.2571428571429 0.0
12.2612244897959 0.0
12.265306122449 0.0
12.269387755102 0.0
12.2734693877551 0.0
12.2775510204082 0.0
12.2816326530612 0.0
12.2857142857143 0.0
12.2897959183673 0.0
12.2938775510204 0.0
12.2979591836735 0.0
12.3020408163265 0.0
12.3061224489796 0.0
12.3102040816327 0.0
12.3142857142857 0.0
12.3183673469388 0.0
12.3224489795918 0.0
12.3265306122449 0.0
12.330612244898 0.0
12.334693877551 0.0
12.3387755102041 0.0
12.3428571428571 0.0
12.3469387755102 0.0
12.3510204081633 0.0
12.3551020408163 0.0
12.3591836734694 0.0
12.3632653061224 0.0
12.3673469387755 0.0
12.3714285714286 0.0
12.3755102040816 0.0
12.3795918367347 0.0
12.3836734693878 0.0
12.3877551020408 0.0
12.3918367346939 0.0
12.3959183673469 0.0
12.4 0.0
12.4040816326531 0.0
12.4081632653061 0.0
12.4122448979592 3.90255
12.4163265306122 0.295192
12.4204081632653 7.54109
12.4244897959184 5.43162
12.4285714285714 2.59311
12.4326530612245 0.0
12.4367346938776 0.0
12.4408163265306 0.0
12.4448979591837 0.0
12.4489795918367 0.0
12.4530612244898 0.769377
12.4571428571429 0.0
12.4612244897959 0.0
12.465306122449 0.0
12.469387755102 0.0
12.4734693877551 0.0
12.4775510204082 0.0
12.4816326530612 0.0
12.4857142857143 0.0
12.4897959183673 0.0
12.4938775510204 0.0
12.4979591836735 0.0
12.5020408163265 0.0
12.5061224489796 0.0
12.5102040816327 0.0
12.5142857142857 0.0
12.5183673469388 0.0
12.5224489795918 0.0
12.5265306122449 0.0
12.530612244898 0.0
12.534693877551 0.0
12.5387755102041 1.32799
12.5428571428571 0.0
12.5469387755102 0.0
12.5510204081633 0.0
12.5551020408163 6.60878
12.5591836734694 26.4855
12.5632653061224 33.3835
12.5673469387755 29.3425
12.5714285714286 24.8647
12.5755102040816 31.7056
12.5795918367347 47.2582
12.5836734693878 60.2547
12.5877551020408 65.2965
12.5918367346939 64.7221
12.5959183673469 55.2917
12.6 51.7913
12.6040816326531 58.8437
12.6081632653061 65.1204
12.6122448979592 57.4704
12.6163265306122 51.8318
12.6204081632653 43.6568
12.6244897959184 38.2517
12.6285714285714 34.1022
12.6326530612245 28.3179
12.6367346938776 16.4697
12.6408163265306 3.77053
12.6448979591837 0.0
12.6489795918367 0.0
12.6530612244898 0.0
12.6571428571429 0.0
12.6612244897959 0.0
12.665306122449 0.0
12.669387755102 0.0
12.6734693877551 0.0
12.6775510204082 0.0
12.6816326530612 0.0
12.6857142857143 0.0
12.6897959183673 0.0
12.6938775510204 0.0
12.6979591836735 0.0
12.7020408163265 0.0
12.7061224489796 0.0
12.7102040816327 0.0
12.7142857142857 0.0
12.7183673469388 0.0
12.7224489795918 0.0
12.7265306122449 0.0
12.730612244898 0.0
12.734693877551 0.0
12.7387755102041 0.0
12.7428571428571 0.0
12.7469387755102 0.0
12.7510204081633 0.0
12.7551020408163 0.0
12.7591836734694 0.0
12.7632653061224 0.0
12.7673469387755 0.0
12.7714285714286 0.0
12.7755102040816 0.0
12.7795918367347 0.0
12.7836734693878 0.0
12.7877551020408 0.0
12.7918367346939 16.0361
12.7959183673469 22.4668
12.8 16.1016
12.8040816326531 9.8266
12.8081632653061 12.7917
12.8122448979592 24.3495
12.8163265306122 32.5642
12.8204081632653 23.882
12.8244897959184 31.8629
12.8285714285714 22.7026
12.8326530612245 33.6015
12.8367346938776 40.0669
12.8408163265306 53.9428
12.8448979591837 59.5072
12.8489795918367 88.0313
12.8530612244898 100.501
12.8571428571429 106.446
12.8612244897959 110.974
12.865306122449 109.992
12.869387755102 110.837
12.8734693877551 108.558
12.8775510204082 98.9652
12.8816326530612 94.3294
12.8857142857143 77.8193
12.8897959183673 65.5177
12.8938775510204 57.988
12.8979591836735 45.5722
12.9020408163265 30.6572
12.9061224489796 17.6516
12.9102040816327 11.6045
12.9142857142857 7.35134
12.9183673469388 8.86416
12.9224489795918 4.3962
12.9265306122449 0.0
12.930612244898 0.0
12.934693877551 0.0
12.9387755102041 0.0
12.9428571428571 0.0
12.9469387755102 2.83486
12.9510204081633 0.0
12.9551020408163 1.41919
12.9591836734694 0.0
12.9632653061224 0.0
12.9673469387755 0.0
12.9714285714286 0.0
12.9755102040816 0.0
12.9795918367347 0.0
12.9836734693878 0.0
12.9877551020408 0.0
12.9918367346939 0.0
12.9959183673469 0.0
13.0 0.0
13.0040816326531 0.0
13.0081632653061 0.0
13.0122448979592 0.0
13.0163265306122 0.0
13.0204081632653 0.0
13.0244897959184 0.0
13.0285714285714 0.0
13.0326530612245 0.0
13.0367346938776 0.0
13.0408163265306 0.0
13.0448979591837 0.0
13.0489795918367 0.0
13.0530612244898 0.0
13.0571428571429 0.0
13.0612244897959 0.0
13.065306122449 0.0
13.069387755102 0.0
13.0734693877551 0.0
13.0775510204082 1.3833
13.0816326530612 0.0
13.0857142857143 0.0
13.0897959183673 0.0
13.0938775510204 0.332117
13.0979591836735 0.0
13.1020408163265 0.0
13.1061224489796 0.0
13.1102040816327 0.0
13.1142857142857 0.0
13.1183673469388 0.0
13.1224489795918 0.0
13.1265306122449 0.0
13.130612244898 0.0
13.134693877551 0.0
13.1387755102041 0.0
13.1428571428571 0.0
13.1469387755102 0.0
13.1510204081633 0.0
13.1551020408163 0.0
13.1591836734694 0.0
13.1632653061224 0.0
13.1673469387755 2.25773
13.1714285714286 1.84456
13.1755102040816 0.0
13.1795918367347 0.0
13.1836734693878 0.0
13.1877551020408 0.0
13.1918367346939 0.0
13.1959183673469 0.0
13.2 0.0
13.2040816326531 0.0
13.2081632653061 0.0
13.2122448979592 0.0
13.2163265306122 0.0
13.2204081632653 4.6406
13.2244897959184 0.108176
13.2285714285714 0.0
13.2326530612245 0.0
13.2367346938776 0.0
13.2408163265306 0.0
13.2448979591837 0.0
13.2489795918367 0.0
13.2530612244898 0.0
13.2571428571429 5.32345
13.2612244897959 13.5725
13.265306122449 25.7797
13.269387755102 33.1046
13.2734693877551 40.8995
13.2775510204082 48.7599
13.2816326530612 68.5023
13.2857142857143 79.4634
13.2897959183673 77.5477
13.2938775510204 64.4924
13.2979591836735 60.0117
13.3020408163265 45.5525
13.3061224489796 38.9485
13.3102040816327 34.7784
13.3142857142857 31.2314
13.3183673469388 25.3525
13.3224489795918 17.8744
13.3265306122449 10.9883
13.330612244898 4.16899
13.334693877551 6.36649
13.3387755102041 7.93606
13.3428571428571 4.05931
13.3469387755102 0.0271797
13.3510204081633 0.0
13.3551020408163 0.0
13.3591836734694 0.0
13.3632653061224 0.0
13.3673469387755 0.0
13.3714285714286 0.0
13.3755102040816 0.0
13.3795918367347 0.0
13.3836734693878 0.0
13.3877551020408 0.0
13.3918367346939 0.0
13.3959183673469 0.0
13.4 0.0
13.4040816326531 0.0
13.4081632653061 0.0
13.4122448979592 0.0
13.4163265306122 2.30426
13.4204081632653 18.1286
13.4244897959184 48.011
13.4285714285714 17.634
13.4326530612245 38.6319
13.4367346938776 27.6502
13.4408163265306 40.1886
13.4448979591837 34.69
13.4489795918367 20.4521
13.4530612244898 15.3903
13.4571428571429 24.3693
13.4612244897959 20.1652
13.465306122449 10.0543
13.469387755102 5.66483
13.4734693877551 3.26872
13.4775510204082 0.0
13.4816326530612 0.0
13.4857142857143 0.0
13.4897959183673 0.0
13.4938775510204 0.0
13.4979591836735 0.0
13.5020408163265 0.0
13.5061224489796 0.0
13.5102040816327 0.0
13.5142857142857 0.0
13.5183673469388 0.0
13.5224489795918 0.0
13.5265306122449 0.0
13.530612244898 0.0
13.534693877551 0.0
13.5387755102041 0.0
13.5428571428571 0.0
13.5469387755102 0.0
13.5510204081633 0.0
13.5551020408163 0.0
13.5591836734694 0.0
13.5632653061224 0.0
13.5673469387755 0.0
13.5714285714286 0.0
13.5755102040816 0.0
13.5795918367347 0.0
13.5836734693878 0.0
13.5877551020408 0.0
13.5918367346939 0.0
13.5959183673469 0.0
13.6 0.0
13.6040816326531 0.0
13.6081632653061 0.0
13.6122448979592 0.0
13.6163265306122 0.0
13.6204081632653 0.0
13.6244897959184 0.0
13.6285714285714 0.0
13.6326530612245 0.0
13.6367346938776 0.0
13.6408163265306 0.0
13.6448979591837 0.0
13.6489795918367 0.0
13.6530612244898 0.0
13.6571428571429 0.0
13.6612244897959 0.0
13.665306122449 0.0
13.669387755102 0.0
13.6734693877551 0.0
13.6775510204082 0.723362
13.6816326530612 6.74266
13.6857142857143 13.9069
13.6897959183673 19.5964
13.6938775510204 32.5541
13.6979591836735 28.7407
13.7020408163265 38.1251
13.7061224489796 41.1606
13.7102040816327 39.8116
13.7142857142857 46.8448
13.7183673469388 48.9486
13.7224489795918 54.3742
13.7265306122449 44.6738
13.730612244898 28.3678
13.734693877551 27.5118
13.7387755102041 12.3612
13.7428571428571 14.2192
13.7469387755102 7.5421
13.7510204081633 2.00489
13.7551020408163 0.0
13.7591836734694 0.0
13.7632653061224 0.0
13.7673469387755 0.0
13.7714285714286 0.0
13.7755102040816 0.0
13.7795918367347 0.0
13.7836734693878 0.0
13.7877551020408 0.0
13.7918367346939 0.0
13.7959183673469 0.0
13.8 0.0
13.8040816326531 0.0
13.8081632653061 3.16292
13.8122448979592 17.1768
13.8163265306122 22.7384
13.8204081632653 29.7731
13.8244897959184 36.1752
13.8285714285714 69.126
13.8326530612245 108.723
13.8367346938776 114.055
13.8408163265306 152.157
13.8448979591837 155.106
13.8489795918367 137.359
13.8530612244898 121.793
13.8571428571429 102.075
13.8612244897959 81.7959
13.865306122449 68.431
13.869387755102 57.3854
13.8734693877551 39.0888
13.8775510204082 32.2726
13.8816326530612 27.9606
13.8857142857143 29.1778
13.8897959183673 28.9363
13.8938775510204 29.1053
13.8979591836735 25.5152
13.9020408163265 22.7478
13.9061224489796 17.1807
13.9102040816327 16.2064
13.9142857142857 18.1776
13.9183673469388 15.7947
13.9224489795918 13.7023
13.9265306122449 5.84465
13.930612244898 0.699803
13.934693877551 0.0
13.9387755102041 0.0
13.9428571428571 0.0
13.9469387755102 0.0
13.9510204081633 0.0
13.9551020408163 0.464261
13.9591836734694 0.0
13.9632653061224 0.0
13.9673469387755 0.0
13.9714285714286 0.0
13.9755102040816 0.0
13.9795918367347 0.0
13.9836734693878 0.0
13.9877551020408 0.0
13.9918367346939 0.0
13.9959183673469 0.0
14.0 0.0
14.0040816326531 0.0
14.0081632653061 0.0
14.0122448979592 0.0
14.0163265306122 0.0
14.0204081632653 0.0
14.0244897959184 0.0
14.0285714285714 0.0
14.0326530612245 0.0
14.0367346938776 0.0
14.0408163265306 0.0
14.0448979591837 0.0
14.0489795918367 0.0
14.0530612244898 0.0
14.0571428571429 0.0
14.0612244897959 0.0
14.065306122449 0.0
14.069387755102 0.0
14.0734693877551 0.0
14.0775510204082 0.0
14.0816326530612 0.0
14.0857142857143 0.0
14.0897959183673 0.0362396
14.0938775510204 0.0
14.0979591836735 0.0
14.1020408163265 7.4665
14.1061224489796 10.3177
14.1102040816327 13.0902
14.1142857142857 15.2416
14.1183673469388 20.6319
14.1224489795918 20.2999
14.1265306122449 23.1846
14.130612244898 20.5283
14.134693877551 19.6973
14.1387755102041 17.4524
14.1428571428571 18.6582
14.1469387755102 22.4338
14.1510204081633 24.5472
14.1551020408163 28.5611
14.1591836734694 10.6561
14.1632653061224 5.07969
14.1673469387755 0.0
14.1714285714286 0.0
14.1755102040816 0.0
14.1795918367347 0.0
14.1836734693878 0.0
14.1877551020408 0.0
14.1918367346939 0.0
14.1959183673469 0.0
14.2 0.0
14.2040816326531 0.0
14.2081632653061 0.0
14.2122448979592 0.0
14.2163265306122 0.0
14.2204081632653 0.0
14.2244897959184 0.0
14.2285714285714 0.0
14.2326530612245 0.0
14.2367346938776 0.0
14.2408163265306 10.9963
14.2448979591837 6.52525
14.2489795918367 27.9619
14.2530612244898 34.2267
14.2571428571429 47.6422
14.2612244897959 58.8273
14.265306122449 77.5316
14.269387755102 74.0107
14.2734693877551 71.3347
14.2775510204082 61.2873
14.2816326530612 51.0404
14.2857142857143 46.2564
14.2897959183673 41.49
14.2938775510204 34.0525
14.2979591836735 21.7938
14.3020408163265 12.6981
14.3061224489796 4.95076
14.3102040816327 5.67734
14.3142857142857 13.0075
14.3183673469388 26.0046
14.3224489795918 30.653
14.3265306122449 29.3043
14.330612244898 25.997
14.334693877551 19.8942
14.3387755102041 11.681
14.3428571428571 4.29708
14.3469387755102 0.94533
14.3510204081633 1.82718
14.3551020408163 0.0
14.3591836734694 0.0
14.3632653061224 0.0
14.3673469387755 0.0
14.3714285714286 0.0
14.3755102040816 0.0
14.3795918367347 0.0
14.3836734693878 0.0
14.3877551020408 0.0
14.3918367346939 0.0
14.3959183673469 0.0
14.4 0.0
14.4040816326531 0.0
14.4081632653061 0.0
14.4122448979592 0.0
14.4163265306122 0.0
14.4204081632653 0.0
14.4244897959184 0.0
14.4285714285714 0.0
14.4326530612245 0.0
14.4367346938776 0.0
14.4408163265306 0.0
14.4448979591837 0.0
14.4489795918367 0.0
14.4530612244898 0.0
14.4571428571429 0.0
14.4612244897959 0.0
14.465306122449 0.0
14.469387755102 0.0
14.4734693877551 0.0
14.4775510204082 0.0
14.4816326530612 2.4841
14.4857142857143 19.855
14.4897959183673 22.1532
14.4938775510204 39.0555
14.4979591836735 42.5056
14.5020408163265 46.6447
14.5061224489796 56.6231
14.5102040816327 72.2977
14.5142857142857 74.6998
14.5183673469388 88.8981
14.5224489795918 110.849
14.5265306122449 117.315
14.530612244898 138.661
14.534693877551 135.558
14.5387755102041 117.759
14.5428571428571 107.879
14.5469387755102 94.5456
14.5510204081633 79.6141
14.5551020408163 66.3792
14.5591836734694 50.6673
14.5632653061224 36.2004
14.5673469387755 29.6594
14.5714285714286 23.4714
14.5755102040816 11.497
14.5795918367347 15.9923
14.5836734693878 21.9184
14.5877551020408 18.3439
14.5918367346939 9.67729
14.5959183673469 7.53248
14.6 6.55425
14.6040816326531 2.05314
14.6081632653061 0.0
14.6122448979592 0.0
14.6163265306122 0.0
14.6204081632653 0.0
14.6244897959184 0.0
14.6285714285714 0.0
14.6326530612245 0.0
14.6367346938776 0.0
14.6408163265306 0.0
14.6448979591837 0.0
14.6489795918367 0.0
14.6530612244898 0.0
14.6571428571429 0.0
14.6612244897959 0.0
14.665306122449 0.0
14.669387755102 0.0
14.6734693877551 0.0
14.6775510204082 0.0
14.6816326530612 1.10992
14.6857142857143 1.87021
14.6897959183673 0.0
14.6938775510204 0.0
14.6979591836735 0.0
14.7020408163265 0.0
14.7061224489796 0.0
14.7102040816327 0.0
14.7142857142857 0.0
14.7183673469388 0.0
14.7224489795918 0.0
14.7265306122449 2.73776
14.730612244898 1.55114
14.734693877551 1.76382
14.7387755102041 6.7569
14.7428571428571 2.93517
14.7469387755102 0.0
14.7510204081633 0.0
14.7551020408163 0.0
14.7591836734694 0.0
14.7632653061224 0.0
14.7673469387755 0.0
14.7714285714286 0.0
14.7755102040816 0.0
14.7795918367347 0.0
14.7836734693878 0.0
14.7877551020408 0.0
14.7918367346939 0.0
14.7959183673469 0.0
14.8 0.0
14.8040816326531 0.0
14.8081632653061 0.0
14.8122448979592 1.99676
14.8163265306122 0.638604
14.8204081632653 0.0
14.8244897959184 0.0
14.8285714285714 0.0
14.8326530612245 0.0
14.8367346938776 0.0
14.8408163265306 0.0
14.8448979591837 0.0
14.8489795918367 0.0
14.8530612244898 0.0
14.8571428571429 0.0
14.8612244897959 0.0
14.865306122449 0.0
14.869387755102 0.0
14.8734693877551 0.0
14.8775510204082 0.0
14.8816326530612 0.0
14.8857142857143 0.0
14.8897959183673 0.0
14.8938775510204 0.0
14.8979591836735 0.0
14.9020408163265 0.0
14.9061224489796 0.0
14.9102040816327 0.0
14.9142857142857 0.0
14.9183673469388 0.0
14.9224489795918 0.0
14.9265306122449 6.55326
14.930612244898 16.9775
14.934693877551 19.5926
14.9387755102041 19.3774
14.9428571428571 20.8876
14.9469387755102 19.0362
14.9510204081633 12.5717
14.9551020408163 3.48151
14.9591836734694 0.0
14.9632653061224 0.0
14.9673469387755 0.0
14.9714285714286 0.0
14.9755102040816 0.0
