0.00408163265306122 0.0
0.00816326530612245 0.0
0.0122448979591837 0.0
0.0163265306122449 0.0
0.0204081632653061 0.0
0.0244897959183673 0.0
0.0285714285714286 0.104904
0.0326530612244898 0.0
0.036734693877551 0.0
0.0408163265306122 0.0
0.0448979591836735 0.0
0.0489795918367347 0.0
0.0530612244897959 0.0
0.0571428571428571 0.0
0.0612244897959184 0.0
0.0653061224489796 0.0
0.0693877551020408 0.0
0.073469387755102 0.0
0.0775510204081633 0.0
0.0816326530612245 0.0
0.0857142857142857 0.0
0.0897959183673469 0.0
0.0938775510204082 0.0
0.0979591836734694 0.0
0.102040816326531 0.0
0.106122448979592 0.0
0.110204081632653 0.0
0.114285714285714 0.0
0.118367346938776 0.0
0.122448979591837 0.0
0.126530612244898 0.0
0.130612244897959 0.0
0.13469387755102 0.0
0.138775510204082 0.0
0.142857142857143 0.0
0.146938775510204 0.0
0.151020408163265 0.0
0.155102040816327 0.0
0.159183673469388 0.0
0.163265306122449 0.0
0.16734693877551 0.0
0.171428571428571 0.0
0.175510204081633 0.0
0.179591836734694 0.0
0.183673469387755 0.0
0.187755102040816 0.0
0.191836734693878 0.0
0.195918367346939 0.0
0.2 0.0
0.204081632653061 0.0
0.208163265306122 0.0
0.212244897959184 0.0
0.216326530612245 0.0
0.220408163265306 2.63929
0.224489795918367 4.96423
0.228571428571429 8.15678
0.23265306122449 13.7586
0.236734693877551 20.28
0.240816326530612 35.2862
0.244897959183673 36.3724
0.248979591836735 32.5327
0.253061224489796 26.6426
0.257142857142857 25.3913
0.261224489795918 10.038
0.26530612244898 0.0
0.269387755102041 2.5197
0.273469387755102 0.0
0.277551020408163 0.0
0.281632653061224 0.0
0.285714285714286 2.61492
0.289795918367347 0.105947
0.293877551020408 4.73636
0.297959183673469 1.8661
0.302040816326531 0.0
0.306122448979592 0.0
0.310204081632653 0.0
0.314285714285714 0.0
0.318367346938775 0.0
0.322448979591837 0.0
0.326530612244898 0.0
0.330612244897959 0.0
0.33469387755102 0.0
0.338775510204082 0.0
0.342857142857143 0.272393
0.346938775510204 0.804186
0.351020408163265 0.0
0.355102040816327 0.0
0.359183673469388 1.8816
0.363265306122449 7.06947
0.36734693877551 10.6769
0.371428571428571 26.0808
0.375510204081633 50.5919
0.379591836734694 75.6699
0.383673469387755 75.4963
0.387755102040816 69.1057
0.391836734693878 59.6887
0.395918367346939 47.4167
0.4 37.7565
0.404081632653061 22.1937
0.408163265306122 9.52569
0.412244897959184 0.0
0.416326530612245 0.0
0.420408163265306 0.0395775
0.424489795918367 0.0
0.428571428571429 0.949681
0.43265306122449 5.75131
0.436734693877551 12.9949
0.440816326530612 21.1833
0.444897959183673 17.6862
0.448979591836735 11.9815
0.453061224489796 1.01432
0.457142857142857 0.0
0.461224489795918 0.0
0.46530612244898 0.0
0.469387755102041 0.0
0.473469387755102 0.0
0.477551020408163 0.0
0.481632653061224 0.0
0.485714285714286 0.0
0.489795918367347 0.0
0.493877551020408 0.0
0.497959183673469 0.0
0.502040816326531 0.0
0.506122448979592 0.0
0.510204081632653 0.0
0.514285714285714 0.0
0.518367346938776 0.0
0.522448979591837 0.0
0.526530612244898 0.0
0.530612244897959 0.0
0.53469387755102 0.0
0.538775510204082 0.0
0.542857142857143 0.0
0.546938775510204 0.0
0.551020408163265 0.0
0.555102040816327 0.0
0.559183673469388 0.0
0.563265306122449 0.0
0.56734693877551 0.0
0.571428571428571 0.0
0.575510204081633 0.0
0.579591836734694 0.0
0.583673469387755 0.0
0.587755102040816 0.0
0.591836734693878 1.52791
0.595918367346939 15.2716
0.6 35.3424
0.604081632653061 53.267
0.608163265306122 51.3634
0.612244897959184 50.18
0.616326530612245 46.8086
0.620408163265306 40.3133
0.624489795918367 28.8164
0.628571428571429 18.2972
0.63265306122449 11.3143
0.636734693877551 2.42722
0.640816326530612 3.02705
0.644897959183673 1.1138
0.648979591836735 0.70405
0.653061224489796 0.0
0.657142857142857 0.0
0.661224489795918 0.0
0.66530612244898 0.0
0.669387755102041 0.0
0.673469387755102 4.91083
0.677551020408163 19.344
0.681632653061224 3.88455
0.685714285714286 18.4745
0.689795918367347 15.5815
0.693877551020408 6.54131
0.697959183673469 3.32195
0.702040816326531 7.43258
0.706122448979592 3.58278
0.710204081632653 0.0
0.714285714285714 1.1189
0.718367346938775 0.0
0.722448979591837 0.0
0.726530612244898 0.0
0.730612244897959 0.0
0.73469387755102 0.0
0.738775510204082 0.0
0.742857142857143 0.0
0.746938775510204 0.41604
0.751020408163265 4.46784
0.755102040816326 12.5723
0.759183673469388 20.209
0.763265306122449 46.9658
0.76734693877551 56.8626
0.771428571428571 60.9559
0.775510204081633 65.0248
0.779591836734694 61.5903
0.783673469387755 48.7942
0.787755102040816 51.8045
0.791836734693877 41.9775
0.795918367346939 24.7627
0.8 10.2828
0.804081632653061 1.63954
0.808163265306122 0.0
0.812244897959184 0.0
0.816326530612245 0.0
0.820408163265306 0.0
0.824489795918367 0.0
0.828571428571429 2.70671
0.83265306122449 0.526801
0.836734693877551 0.0
0.840816326530612 0.0
0.844897959183673 0.0
0.848979591836735 0.0
0.853061224489796 0.0
0.857142857142857 0.0
0.861224489795918 5.72465
0.86530612244898 18.2749
0.869387755102041 21.4768
0.873469387755102 17.3146
0.877551020408163 11.2442
0.881632653061225 9.42257
0.885714285714286 7.0496
0.889795918367347 2.21407
0.893877551020408 0.0
0.897959183673469 0.0
0.902040816326531 0.0
0.906122448979592 0.0
0.910204081632653 0.0
0.914285714285714 0.0
0.918367346938776 0.0
0.922448979591837 0.0
0.926530612244898 0.0
0.930612244897959 0.0
0.93469387755102 0.0
0.938775510204082 0.0
0.942857142857143 0.0
0.946938775510204 0.0
0.951020408163265 0.0
0.955102040816327 0.0
0.959183673469388 0.0
0.963265306122449 0.0
0.96734693877551 0.0
0.971428571428571 0.0
0.975510204081633 0.0
0.979591836734694 0.0
0.983673469387755 0.0
0.987755102040816 0.0
0.991836734693878 0.0
0.995918367346939 0.0
1.0 0.0
1.00408163265306 0.0
1.00816326530612 0.0
1.01224489795918 0.0
1.01632653061224 0.0
1.02040816326531 10.0851
1.02448979591837 32.0676
1.02857142857143 49.3983
1.03265306122449 58.0907
1.03673469387755 58.5559
1.04081632653061 55.374
1.04489795918367 44.1933
1.04897959183673 29.7479
1.0530612244898 24.8357
1.05714285714286 15.5135
1.06122448979592 12.2801
1.06530612244898 4.62905
1.06938775510204 0.0
1.0734693877551 0.0
1.07755102040816 0.0
1.08163265306122 0.0
1.08571428571429 0.0
1.08979591836735 0.0
1.09387755102041 0.0
1.09795918367347 0.0
1.10204081632653 0.0
1.10612244897959 0.0
1.11020408163265 0.0
1.11428571428571 0.0
1.11836734693878 0.0
1.12244897959184 0.0
1.1265306122449 0.0
1.13061224489796 0.0
1.13469387755102 0.0
1.13877551020408 0.130892
1.14285714285714 0.687793
1.1469387755102 0.0
1.15102040816327 0.0
1.15510204081633 1.81818
1.15918367346939 0.396848
1.16326530612245 14.6786
1.16734693877551 27.1559
1.17142857142857 57.1653
1.17551020408163 74.9984
1.17959183673469 83.2021
1.18367346938776 70.4874
1.18775510204082 56.1521
1.19183673469388 48.4222
1.19591836734694 38.0751
1.2 32.3322
1.20408163265306 22.961
1.20816326530612 21.7775
1.21224489795918 19.4948
1.21632653061224 15.3547
1.22040816326531 5.04261
1.22448979591837 2.14827
1.22857142857143 0.0
1.23265306122449 0.0
1.23673469387755 0.0
1.24081632653061 0.0
1.24489795918367 0.0
1.24897959183673 0.0
1.2530612244898 0.0
1.25714285714286 0.0
1.26122448979592 0.0
1.26530612244898 0.0
1.26938775510204 0.0
1.2734693877551 0.0
1.27755102040816 0.0
1.28163265306122 0.0
1.28571428571429 0.0
1.28979591836735 0.0
1.29387755102041 0.0
1.29795918367347 0.0
1.30204081632653 0.0
1.30612244897959 0.0
1.31020408163265 0.0
1.31428571428571 0.0
1.31836734693878 0.0
1.32244897959184 0.0
1.3265306122449 0.0
1.33061224489796 0.0
1.33469387755102 0.0
1.33877551020408 0.0
1.34285714285714 0.0
1.3469387755102 0.0
1.35102040816327 0.0
1.35510204081633 0.0
1.35918367346939 0.0
1.36326530612245 0.0
1.36734693877551 0.0
1.37142857142857 0.0
1.37551020408163 0.0
1.37959183673469 0.0
1.38367346938776 0.0
1.38775510204082 0.0
1.39183673469388 0.0
1.39591836734694 0.0
1.4 0.0
1.40408163265306 7.07614
1.40816326530612 49.0253
1.41224489795918 34.4114
1.41632653061225 54.627
1.42040816326531 61.0758
1.42448979591837 77.968
1.42857142857143 67.2998
1.43265306122449 78.2841
1.43673469387755 91.1256
1.44081632653061 94.0795
1.44489795918367 91.6311
1.44897959183673 88.695
1.4530612244898 85.0465
1.45714285714286 87.693
1.46122448979592 69.3168
1.46530612244898 60.9077
1.46938775510204 52.1694
1.4734693877551 30.8951
1.47755102040816 27.7986
1.48163265306122 15.8428
1.48571428571429 8.06051
1.48979591836735 4.48984
1.49387755102041 0.0
1.49795918367347 0.0
1.50204081632653 0.0
1.50612244897959 0.0
1.51020408163265 0.528961
1.51428571428571 0.0
1.51836734693878 0.0
1.52244897959184 0.0
1.5265306122449 0.0
1.53061224489796 0.0
1.53469387755102 0.0
1.53877551020408 0.0
1.54285714285714 0.0
1.5469387755102 0.0
1.55102040816327 0.0
1.55510204081633 0.0
1.55918367346939 0.0
1.56326530612245 0.0514388
1.56734693877551 0.0
1.57142857142857 14.9804
1.57551020408163 20.858
1.57959183673469 30.0502
1.58367346938775 45.6185
1.58775510204082 59.8102
1.59183673469388 56.31
1.59591836734694 49.9471
1.6 41.5049
1.60408163265306 21.8985
1.60816326530612 8.70872
1.61224489795918 0.101924
1.61632653061224 0.0
1.62040816326531 0.0
1.62448979591837 0.0
1.62857142857143 0.0
1.63265306122449 0.0
1.63673469387755 0.0
1.64081632653061 0.0
1.64489795918367 0.0
1.64897959183673 0.0
1.6530612244898 0.0
1.65714285714286 0.0
1.66122448979592 0.0
1.66530612244898 1.88047
1.66938775510204 3.61688
1.6734693877551 8.88002
1.67755102040816 13.325
1.68163265306122 3.67826
1.68571428571429 0.0
1.68979591836735 0.0
1.69387755102041 3.45707
1.69795918367347 2.78521
1.70204081632653 0.0
1.70612244897959 0.867844
1.71020408163265 0.0
1.71428571428571 0.0
1.71836734693878 0.0
1.72244897959184 0.0
1.7265306122449 0.0
1.73061224489796 0.0
1.73469387755102 0.0
1.73877551020408 0.0
1.74285714285714 0.0
1.7469387755102 0.0
1.75102040816327 0.0
1.75510204081633 0.0
1.75918367346939 0.0
1.76326530612245 0.0
1.76734693877551 0.0
1.77142857142857 0.0
1.77551020408163 0.0
1.77959183673469 0.0
1.78367346938776 0.0
1.78775510204082 0.0
1.79183673469388 0.0
1.79591836734694 0.0
1.8 0.0
1.80408163265306 6.06817
1.80816326530612 21.9613
1.81224489795918 24.5747
1.81632653061224 35.171
1.82040816326531 47.61
1.82448979591837 55.1146
1.82857142857143 63.3115
1.83265306122449 64.3601
1.83673469387755 56.2532
1.84081632653061 41.9875
1.84489795918367 37.3574
1.84897959183673 33.5033
1.8530612244898 26.0263
1.85714285714286 14.4196
1.86122448979592 8.65232
1.86530612244898 3.53891
1.86938775510204 1.43337
1.8734693877551 3.41296
1.87755102040816 0.0
1.88163265306122 0.0
1.88571428571429 0.0
1.88979591836735 0.0
1.89387755102041 0.0
1.89795918367347 0.0
1.90204081632653 0.0
1.90612244897959 0.0
1.91020408163265 0.0
1.91428571428571 0.0
1.91836734693878 0.0
1.92244897959184 0.0
1.9265306122449 0.0
1.93061224489796 0.0
1.93469387755102 0.0
1.93877551020408 0.0
1.94285714285714 0.0
1.9469387755102 0.0
1.95102040816327 0.0
1.95510204081633 6.79757
1.95918367346939 23.517
1.96326530612245 43.7003
1.96734693877551 71.2897
1.97142857142857 82.4615
1.97551020408163 82.2661
1.97959183673469 81.7036
1.98367346938776 74.2574
1.98775510204082 75.3185
1.99183673469388 68.4733
1.99591836734694 38.5308
2.0 25.0801
2.00408163265306 13.2244
2.00816326530612 0.0
2.01224489795918 0.0
2.01632653061225 0.0
2.02040816326531 0.0
2.02448979591837 0.0
2.02857142857143 0.0
2.03265306122449 0.0
2.03673469387755 0.0
2.04081632653061 0.0
2.04489795918367 0.0
2.04897959183673 0.0
2.0530612244898 0.0
2.05714285714286 0.0
2.06122448979592 0.0
2.06530612244898 0.0
2.06938775510204 0.0
2.0734693877551 0.0
2.07755102040816 0.0
2.08163265306122 0.0
2.08571428571429 6.23864
2.08979591836735 9.09743
2.09387755102041 7.41124
2.09795918367347 1.87147
2.10204081632653 0.0
2.10612244897959 0.0
2.11020408163265 0.0
2.11428571428571 0.0
2.11836734693878 0.0
2.12244897959184 0.0
2.1265306122449 0.0
2.13061224489796 0.0
2.13469387755102 0.0
2.13877551020408 0.0
2.14285714285714 0.0
2.1469387755102 0.0
2.15102040816327 0.0
2.15510204081633 0.0
2.15918367346939 0.0
2.16326530612245 0.0
2.16734693877551 0.0
2.17142857142857 0.0
2.17551020408163 0.0
2.17959183673469 0.0
2.18367346938776 0.0
2.18775510204082 0.0
2.19183673469388 0.0
2.19591836734694 0.0
2.2 0.0
2.20408163265306 0.0
2.20816326530612 11.8057
2.21224489795918 50.3164
2.21632653061224 83.5893
2.22040816326531 90.5294
2.22448979591837 84.9861
2.22857142857143 81.1935
2.23265306122449 67.8192
2.23673469387755 71.1198
2.24081632653061 53.9666
2.24489795918367 41.2154
2.24897959183673 37.5141
2.2530612244898 26.2848
2.25714285714286 14.7306
2.26122448979592 13.8959
2.26530612244898 8.84205
2.26938775510204 0.0
2.2734693877551 0.0
2.27755102040816 0.0
2.28163265306122 0.0
2.28571428571429 0.0
2.28979591836735 0.0
2.29387755102041 0.0
2.29795918367347 0.0
2.30204081632653 0.0
2.30612244897959 0.0
2.31020408163265 0.0
2.31428571428571 0.0
2.31836734693878 0.0
2.32244897959184 0.0
2.3265306122449 0.0
2.33061224489796 0.0
2.33469387755102 0.0
2.33877551020408 0.0
2.34285714285714 0.0
2.3469387755102 0.0
2.35102040816327 2.54588
2.35510204081633 27.7282
2.35918367346939 45.4586
2.36326530612245 88.3756
2.36734693877551 124.38
2.37142857142857 136.814
2.37551020408163 137.316
2.37959183673469 116.653
2.38367346938776 95.2762
2.38775510204082 72.8602
2.39183673469388 55.4575
2.39591836734694 40.6557
2.4 30.5455
2.40408163265306 27.5503
2.40816326530612 11.9914
2.41224489795918 0.269473
2.41632653061225 0.0
2.42040816326531 0.0
2.42448979591837 0.0
2.42857142857143 0.0
2.43265306122449 0.0
2.43673469387755 0.0
2.44081632653061 0.0
2.44489795918367 0.0
2.44897959183673 1.9213
2.4530612244898 1.32465
2.45714285714286 0.671268
2.46122448979592 0.0
2.46530612244898 0.0
2.46938775510204 0.0
2.4734693877551 1.54006
2.47755102040816 0.0
2.48163265306122 0.0
2.48571428571429 0.0
2.48979591836735 0.0
2.49387755102041 0.0
2.49795918367347 0.0
2.50204081632653 0.0
2.50612244897959 0.0
2.51020408163265 0.0
2.51428571428571 0.0
2.51836734693878 0.0
2.52244897959184 0.0
2.5265306122449 0.0
2.53061224489796 0.0
2.53469387755102 0.0
2.53877551020408 0.0
2.54285714285714 0.0
2.5469387755102 0.0
2.55102040816327 0.0
2.55510204081633 0.0
2.55918367346939 0.0
2.56326530612245 0.0
2.56734693877551 0.0
2.57142857142857 0.0
2.57551020408163 0.0
2.57959183673469 0.0
2.58367346938775 0.0
2.58775510204082 0.0
2.59183673469388 0.0
2.59591836734694 0.0
2.6 0.0
2.60408163265306 0.0
2.60816326530612 0.0
2.61224489795918 0.862122
2.61632653061224 7.3601
2.62040816326531 19.9957
2.62448979591837 38.2888
2.62857142857143 54.901
2.63265306122449 59.0082
2.63673469387755 54.6629
2.64081632653061 47.2106
2.64489795918367 37.0667
2.64897959183673 34.0321
2.6530612244898 9.448
2.65714285714286 3.19236
2.66122448979592 0.0
2.66530612244898 0.0
2.66938775510204 0.0
2.6734693877551 0.0
2.67755102040816 0.0
2.68163265306122 0.0
2.68571428571429 0.0
2.68979591836735 0.0
2.69387755102041 0.0
2.69795918367347 0.0
2.70204081632653 0.0
2.70612244897959 1.19305
2.71020408163265 0.0
2.71428571428571 1.09292
2.71836734693878 1.33556
2.72244897959184 0.0
2.7265306122449 0.0
2.73061224489796 0.0
2.73469387755102 0.0
2.73877551020408 0.0
2.74285714285714 0.0
2.7469387755102 7.0562
2.75102040816327 33.6291
2.75510204081633 53.2978
2.75918367346939 73.9403
2.76326530612245 90.9659
2.76734693877551 80.3602
2.77142857142857 67.3489
2.77551020408163 53.6614
2.77959183673469 40.5406
2.78367346938776 25.3243
2.78775510204082 16.5697
2.79183673469388 5.07247
2.79591836734694 8.80188
2.8 0.566006
2.80408163265306 2.98369
2.80816326530612 0.0
2.81224489795918 0.0
2.81632653061224 0.0
2.82040816326531 0.0
2.82448979591837 0.0
2.82857142857143 0.0
2.83265306122449 0.0
2.83673469387755 0.0
2.84081632653061 0.0
2.84489795918367 1.33443
2.84897959183673 0.0
2.8530612244898 0.0
2.85714285714286 0.0
2.86122448979592 0.0
2.86530612244898 0.0
2.86938775510204 0.0
2.8734693877551 0.0
2.87755102040816 0.0
2.88163265306122 0.0
2.88571428571429 0.0
2.88979591836735 0.0
2.89387755102041 0.0
2.89795918367347 0.0
2.90204081632653 0.0
2.90612244897959 0.0
2.91020408163265 0.418782
2.91428571428571 0.174046
2.91836734693878 0.0
2.92244897959184 0.0
2.9265306122449 0.0
2.93061224489796 0.0
2.93469387755102 0.0
2.93877551020408 0.0
2.94285714285714 0.0
2.9469387755102 0.0
2.95102040816327 0.0
2.95510204081633 0.0
2.95918367346939 0.0
2.96326530612245 0.0
2.96734693877551 0.0
2.97142857142857 0.0
2.97551020408163 0.0
2.97959183673469 0.0
2.98367346938775 0.0
2.98775510204082 0.0
2.99183673469388 18.7331
2.99591836734694 39.9344
3.0 68.2415
3.00408163265306 87.8115
3.00816326530612 93.6384
3.01224489795918 89.9353
3.01632653061225 81.0065
3.02040816326531 68.9329
3.02448979591837 54.9308
3.02857142857143 49.978
3.03265306122449 48.4868
3.03673469387755 38.4178
3.04081632653061 25.6591
3.04489795918367 25.5216
3.04897959183673 24.3438
3.0530612244898 25.3119
3.05714285714286 24.4415
3.06122448979592 33.3663
3.06530612244898 33.0836
3.06938775510204 30.1166
3.0734693877551 27.1845
3.07755102040816 19.4009
3.08163265306122 16.7377
3.08571428571429 10.7755
3.08979591836735 1.30624
3.09387755102041 1.07777
3.09795918367347 6.26451
3.10204081632653 2.2434
3.10612244897959 2.72256
3.11020408163265 0.0271797
3.11428571428571 0.0
3.11836734693878 0.0
3.12244897959184 0.0
3.1265306122449 0.0
3.13061224489796 0.0
3.13469387755102 0.0
3.13877551020408 0.0
3.14285714285714 0.0
3.1469387755102 0.0
3.15102040816327 0.0
3.15510204081633 0.0
3.15918367346939 0.0
3.16326530612245 0.0
3.16734693877551 0.0
3.17142857142857 0.0
3.17551020408163 0.0
3.17959183673469 0.0
3.18367346938776 0.0
3.18775510204082 0.0
3.19183673469388 0.0
3.19591836734694 0.0
3.2 0.0
3.20408163265306 0.0
3.20816326530612 0.0
3.21224489795918 0.0
3.21632653061224 0.0
3.22040816326531 0.0
3.22448979591837 0.0
3.22857142857143 0.0
3.23265306122449 0.0
3.23673469387755 0.0
3.24081632653061 0.0
3.24489795918367 0.0
3.24897959183673 0.0
3.2530612244898 0.0
3.25714285714286 1.88524
3.26122448979592 0.0
3.26530612244898 0.0
3.26938775510204 0.0
3.2734693877551 0.0
3.27755102040816 0.0
3.28163265306122 0.0
3.28571428571429 0.0
3.28979591836735 0.0
3.29387755102041 0.0
3.29795918367347 0.0
3.30204081632653 0.0
3.30612244897959 0.0
3.31020408163265 0.0
3.31428571428571 0.0
3.31836734693878 0.0
3.32244897959184 0.0
3.3265306122449 0.0
3.33061224489796 0.0
3.33469387755102 0.0
3.33877551020408 0.0
3.34285714285714 0.0
3.3469387755102 1.01612
3.35102040816327 0.174046
3.35510204081633 0.0
3.35918367346939 12.5292
3.36326530612245 16.989
3.36734693877551 20.4661
3.37142857142857 43.3808
3.37551020408163 66.9274
3.37959183673469 63.5898
3.38367346938776 57.4344
3.38775510204082 42.9548
3.39183673469388 63.5186
3.39591836734694 31.3336
3.4 15.0021
3.40408163265306 16.307
3.40816326530612 5.74821
3.41224489795918 10.5516
3.41632653061225 0.433087
3.42040816326531 0.0
3.42448979591837 0.0
3.42857142857143 0.0
3.43265306122449 0.0
3.43673469387755 0.0
3.44081632653061 0.819921
3.44489795918367 0.0
3.44897959183673 0.0
3.4530612244898 0.0
3.45714285714286 0.0
3.46122448979592 0.0
3.46530612244898 0.0
3.46938775510204 11.3335
3.4734693877551 25.2258
3.47755102040816 39.9818
3.48163265306122 46.5432
3.48571428571429 44.5604
3.48979591836735 38.2527
3.49387755102041 29.8179
3.49795918367347 23.5235
3.50204081632653 10.1497
3.50612244897959 0.0
3.51020408163265 0.0
3.51428571428571 0.0
3.51836734693878 0.0
3.52244897959184 0.0
3.5265306122449 0.0
3.53061224489796 0.0
3.53469387755102 0.0
3.53877551020408 0.0
3.54285714285714 0.0
3.5469387755102 0.0
3.55102040816327 0.0
3.55510204081633 0.0
3.55918367346939 0.0
3.56326530612245 0.0
3.56734693877551 0.0
3.57142857142857 0.0
3.57551020408163 9.42542
3.57959183673469 14.0781
3.58367346938775 4.95056
3.58775510204082 3.68062
3.59183673469388 0.0
3.59591836734694 0.0
3.6 0.632912
3.60408163265306 0.0
3.60816326530612 0.0
3.61224489795918 0.0
3.61632653061224 0.0
3.62040816326531 0.0
3.62448979591837 0.0
3.62857142857143 0.0
3.63265306122449 0.0
3.63673469387755 0.0
3.64081632653061 0.0
3.64489795918367 0.0
3.64897959183673 0.0
3.6530612244898 0.0
3.65714285714286 0.0
3.66122448979592 0.0
3.66530612244898 0.0
3.66938775510204 0.0
3.6734693877551 0.0
3.67755102040816 0.0
3.68163265306122 0.0
3.68571428571429 0.0
3.68979591836735 0.0
3.69387755102041 0.0
3.69795918367347 0.0
3.70204081632653 0.0
3.70612244897959 0.0
3.71020408163265 0.0
3.71428571428571 0.0
3.71836734693878 0.0
3.72244897959184 0.472605
3.7265306122449 2.65557
3.73061224489796 0.0
3.73469387755102 0.0
3.73877551020408 0.0
3.74285714285714 0.0
3.7469387755102 17.2977
3.75102040816327 18.4204
3.75510204081633 19.9008
3.75918367346939 29.104
3.76326530612245 68.2309
3.76734693877551 75.6023
3.77142857142857 86.8016
3.77551020408163 88.6042
3.77959183673469 88.4913
3.78367346938776 79.4646
3.78775510204082 69.3534
3.79183673469388 56.0714
3.79591836734694 34.4499
3.8 13.0763
3.80408163265306 0.859678
3.80816326530612 0.0
3.81224489795918 0.0
3.81632653061224 0.0
3.82040816326531 0.0
3.82448979591837 0.0
3.82857142857143 0.0
3.83265306122449 0.0
3.83673469387755 0.0
3.84081632653061 1.62286
3.84489795918367 1.68109
3.84897959183673 0.0
3.8530612244898 1.63782
3.85714285714286 4.84109
3.86122448979592 3.2683
3.86530612244898 1.26922
3.86938775510204 0.0
3.8734693877551 0.0
3.87755102040816 0.0
3.88163265306122 0.0
3.88571428571429 0.0
3.88979591836735 0.0
3.89387755102041 0.0
3.89795918367347 0.0
3.90204081632653 0.0
3.90612244897959 0.0
3.91020408163265 11.9658
3.91428571428571 34.435
3.91836734693878 37.7243
3.92244897959184 57.739
3.9265306122449 64.6495
3.93061224489796 57.0402
3.93469387755102 38.37
3.93877551020408 22.6302
3.94285714285714 8.50964
3.9469387755102 0.0
3.95102040816327 1.82128
3.95510204081633 0.0
3.95918367346939 0.0
3.96326530612245 0.0
3.96734693877551 0.0
3.97142857142857 0.0
3.97551020408163 0.0
3.97959183673469 7.49135
3.98367346938775 1.20747
3.98775510204082 0.0
3.99183673469388 0.0
3.99591836734694 11.8642
4.0 11.2975
4.00408163265306 0.0
4.00816326530612 7.54726
4.01224489795918 21.3951
4.01632653061225 30.1515
4.02040816326531 25.6757
4.02448979591837 24.5083
4.02857142857143 20.245
4.03265306122449 12.1496
4.03673469387755 2.87738
4.04081632653061 3.4138
4.04489795918367 1.50657
4.04897959183673 0.0
4.0530612244898 0.0
4.05714285714286 0.0
4.06122448979592 0.0
4.06530612244898 0.0
4.06938775510204 0.0
4.0734693877551 0.0
4.07755102040816 0.0
4.08163265306122 0.0
4.08571428571429 0.0
4.08979591836735 0.0
4.09387755102041 0.0
4.09795918367347 0.0
4.10204081632653 0.0
4.10612244897959 0.0
4.11020408163265 0.0
4.11428571428571 2.15435
4.11836734693878 0.80952
4.12244897959184 0.0
4.1265306122449 0.0
4.13061224489796 0.0
4.13469387755102 0.0
4.13877551020408 0.0
4.14285714285714 0.0
4.1469387755102 0.0
4.15102040816326 0.0
4.15510204081633 0.0
4.15918367346939 0.0
4.16326530612245 0.0
4.16734693877551 0.0
4.17142857142857 0.0
4.17551020408163 0.0
4.17959183673469 0.0
4.18367346938776 0.0
4.18775510204082 0.0
4.19183673469388 0.0
4.19591836734694 0.0
4.2 0.0
4.20408163265306 0.0
4.20816326530612 0.0
4.21224489795918 0.0
4.21632653061225 0.0
4.22040816326531 0.0
4.22448979591837 0.0
4.22857142857143 0.0
4.23265306122449 0.0
4.23673469387755 0.0
4.24081632653061 0.0
4.24489795918367 0.0
4.24897959183673 0.0
4.2530612244898 0.0
4.25714285714286 0.0
4.26122448979592 0.0
4.26530612244898 0.0
4.26938775510204 0.305414
4.2734693877551 0.0
4.27755102040816 0.0
4.28163265306122 0.0
4.28571428571429 0.805855
4.28979591836735 0.0
4.29387755102041 2.47055
4.29795918367347 18.4071
4.30204081632653 34.2261
4.30612244897959 76.3078
4.31020408163265 126.02
4.31428571428571 176.969
4.31836734693878 183.801
4.32244897959184 177.272
4.3265306122449 161.321
4.33061224489796 138.819
4.33469387755102 119.258
4.33877551020408 90.6135
4.34285714285714 63.5538
4.3469387755102 35.3216
4.35102040816327 14.6233
4.35510204081633 9.28062
4.35918367346939 2.07296
4.36326530612245 0.0
4.36734693877551 0.0
4.37142857142857 0.0
4.37551020408163 0.0
4.37959183673469 0.0
4.38367346938776 0.0
4.38775510204082 0.0
4.39183673469388 2.64105
4.39591836734694 1.58474
4.4 6.63996
4.40408163265306 7.9115
4.40816326530612 5.09825
4.41224489795918 2.68403
4.41632653061224 0.0
4.42040816326531 0.0
4.42448979591837 0.0
4.42857142857143 0.0
4.43265306122449 0.0
4.43673469387755 0.0
4.44081632653061 0.0
4.44489795918367 0.0
4.44897959183673 0.0
4.4530612244898 0.0
4.45714285714286 0.0
4.46122448979592 0.0
4.46530612244898 0.0
4.46938775510204 0.0
4.4734693877551 0.0
4.47755102040816 0.0
4.48163265306122 0.0
4.48571428571429 0.0
4.48979591836735 0.0
4.49387755102041 0.0
4.49795918367347 0.0
4.50204081632653 0.0
4.50612244897959 0.0
4.51020408163265 0.0
4.51428571428571 0.0
4.51836734693878 0.0
4.52244897959184 0.0
4.5265306122449 0.0
4.53061224489796 0.0
4.53469387755102 0.0
4.53877551020408 0.0
4.54285714285714 0.0
4.5469387755102 0.0
4.55102040816327 0.0
4.55510204081633 0.0
4.55918367346939 3.64423
4.56326530612245 6.60825
4.56734693877551 2.99633
4.57142857142857 0.0
4.57551020408163 0.0
4.57959183673469 0.0
4.58367346938776 0.0
4.58775510204082 0.0
4.59183673469388 0.0
4.59591836734694 0.0
4.6 7.03253
4.60408163265306 11.0435
4.60816326530612 14.4407
4.61224489795918 14.9728
4.61632653061224 29.742
4.62040816326531 31.1435
4.62448979591837 35.5427
4.62857142857143 33.9317
4.63265306122449 50.0661
4.63673469387755 61.7434
4.64081632653061 46.5065
4.64489795918367 35.8009
4.64897959183673 34.3174
4.6530612244898 25.196
4.65714285714286 22.4288
4.66122448979592 17.3956
4.66530612244898 17.6462
4.66938775510204 16.9155
4.6734693877551 12.6542
4.67755102040816 9.19014
4.68163265306122 6.59091
4.68571428571429 6.01219
4.68979591836735 0.856021
4.69387755102041 0.0
4.69795918367347 0.0
4.70204081632653 0.0
4.70612244897959 0.0
4.71020408163265 0.0
4.71428571428571 0.0
4.71836734693878 0.463068
4.72244897959184 8.22943
4.7265306122449 8.362
4.73061224489796 45.6406
4.73469387755102 65.78
4.73877551020408 87.2767
4.74285714285714 86.4305
4.7469387755102 84.6242
4.75102040816327 73.9999
4.75510204081633 55.9064
4.75918367346939 46.0387
4.76326530612245 29.4653
4.76734693877551 11.9496
4.77142857142857 4.13257
4.77551020408163 0.0
4.77959183673469 0.0
4.78367346938775 0.0
4.78775510204082 0.0
4.79183673469388 0.0
4.79591836734694 0.0
4.8 0.0
4.80408163265306 0.0
4.80816326530612 0.0
4.81224489795918 0.0
4.81632653061224 0.25025
4.82040816326531 4.66418
4.82448979591837 5.15401
4.82857142857143 4.92609
4.83265306122449 0.0
4.83673469387755 0.0
4.84081632653061 0.0
4.84489795918367 0.0
4.84897959183674 0.0
4.8530612244898 0.0
4.85714285714286 0.0
4.86122448979592 0.0
4.86530612244898 0.0
4.86938775510204 0.0
4.8734693877551 0.0
4.87755102040816 0.0
4.88163265306122 0.0
4.88571428571429 0.0
4.88979591836735 0.0
4.89387755102041 0.0
4.89795918367347 0.0
4.90204081632653 0.0
4.90612244897959 0.0
4.91020408163265 0.0
4.91428571428571 0.0
4.91836734693878 0.0
4.92244897959184 0.0
4.9265306122449 0.0
4.93061224489796 0.0
4.93469387755102 0.0
4.93877551020408 0.0
4.94285714285714 0.0
4.9469387755102 0.0
4.95102040816327 0.0
4.95510204081633 0.0
4.95918367346939 0.0
4.96326530612245 0.0
4.96734693877551 0.0
4.97142857142857 0.0
4.97551020408163 0.0
4.97959183673469 0.0
4.98367346938775 0.0
4.98775510204082 0.0
4.99183673469388 0.0
4.99591836734694 0.0
5.0 0.0
5.00408163265306 0.0
5.00816326530612 0.0
5.01224489795918 0.0
5.01632653061225 0.0
5.02040816326531 0.0
5.02448979591837 0.0
5.02857142857143 0.0
5.03265306122449 2.55047
5.03673469387755 12.0456
5.04081632653061 10.7703
5.04489795918367 13.3349
5.04897959183673 11.0863
5.0530612244898 11.0915
5.05714285714286 2.20138
5.06122448979592 0.643641
5.06530612244898 0.0
5.06938775510204 0.0
5.0734693877551 0.0
5.07755102040816 0.0
5.08163265306122 0.0
5.08571428571429 0.0
5.08979591836735 0.0
5.09387755102041 0.0
5.09795918367347 0.0
5.10204081632653 0.0
5.10612244897959 0.0
5.11020408163265 0.0
5.11428571428571 0.0
5.11836734693878 0.0
5.12244897959184 5.86715
5.1265306122449 6.4869
5.13061224489796 42.7042
5.13469387755102 68.7683
5.13877551020408 97.28
5.14285714285714 135.959
5.1469387755102 141.443
5.15102040816326 134.94
5.15510204081633 118.759
5.15918367346939 93.6578
5.16326530612245 77.9152
5.16734693877551 63.7143
5.17142857142857 58.4474
5.17551020408163 40.9694
5.17959183673469 17.0472
5.18367346938776 5.33107
5.18775510204082 1.53416
5.19183673469388 0.0
5.19591836734694 0.0
5.2 0.0
5.20408163265306 0.0
5.20816326530612 0.0
5.21224489795918 0.0
5.21632653061225 0.0
5.22040816326531 0.0
5.22448979591837 0.0
5.22857142857143 0.0
5.23265306122449 0.0
5.23673469387755 0.0
5.24081632653061 0.0
5.24489795918367 0.0
5.24897959183673 0.0
5.2530612244898 0.0
5.25714285714286 0.0
5.26122448979592 0.0
5.26530612244898 0.0
5.26938775510204 0.0
5.2734693877551 0.0
5.27755102040816 0.0
5.28163265306122 0.0
5.28571428571429 0.0
5.28979591836735 0.0
5.29387755102041 0.0
5.29795918367347 0.0
5.30204081632653 0.0
5.30612244897959 0.0
5.31020408163265 0.0
5.31428571428571 0.0
5.31836734693878 0.0
5.32244897959184 0.0
5.3265306122449 0.0
5.33061224489796 0.0
5.33469387755102 0.0
5.33877551020408 0.0
5.34285714285714 0.0
5.3469387755102 0.0
5.35102040816327 0.0
5.35510204081633 0.0
5.35918367346939 0.0
5.36326530612245 0.0
5.36734693877551 0.0
5.37142857142857 0.0
5.37551020408163 0.0
5.37959183673469 0.0
5.38367346938776 0.0
5.38775510204082 0.0
5.39183673469388 0.0
5.39591836734694 0.0
5.4 0.0
5.40408163265306 1.93793
5.40816326530612 9.45038
5.41224489795918 11.8355
5.41632653061224 13.2233
5.42040816326531 12.2853
5.42448979591837 1.94389
5.42857142857143 6.22457
5.43265306122449 7.71827
5.43673469387755 6.86634
5.44081632653061 0.0
5.44489795918367 0.0
5.44897959183673 0.0
5.4530612244898 0.0
5.45714285714286 0.0
5.46122448979592 0.0
5.46530612244898 0.0
5.46938775510204 1.304
5.4734693877551 6.2392
5.47755102040816 15.7996
5.48163265306122 15.3053
5.48571428571429 13.0304
5.48979591836735 5.91972
5.49387755102041 0.0
5.49795918367347 1.94675
5.50204081632653 0.0
5.50612244897959 0.0
5.51020408163265 0.0
5.51428571428571 0.0
5.51836734693878 0.0
5.52244897959184 1.66145
5.5265306122449 16.7393
5.53061224489796 32.1077
5.53469387755102 88.5747
5.53877551020408 134.592
5.54285714285714 152.806
5.5469387755102 172.156
5.55102040816327 190.034
5.55510204081633 171.28
5.55918367346939 141.544
5.56326530612245 113.689
5.56734693877551 95.7343
5.57142857142857 83.2045
5.57551020408163 83.4908
5.57959183673469 64.8318
5.58367346938776 58.0789
5.58775510204082 44.0942
5.59183673469388 29.8445
5.59591836734694 14.3557
5.6 2.42698
5.60408163265306 0.0
5.60816326530612 0.0
5.61224489795918 0.0
5.61632653061224 0.0
5.62040816326531 0.0
5.62448979591837 0.0
5.62857142857143 0.598788
5.63265306122449 0.0
5.63673469387755 0.0
5.64081632653061 0.0
5.64489795918367 0.0
5.64897959183673 0.0
5.6530612244898 0.0
5.65714285714286 0.0
5.66122448979592 0.0
5.66530612244898 0.0
5.66938775510204 0.0
5.6734693877551 0.0
5.67755102040816 0.0
5.68163265306122 0.0
5.68571428571429 0.0
5.68979591836735 0.0
5.69387755102041 3.29554
5.69795918367347 3.39615
5.70204081632653 0.118017
5.70612244897959 0.0
5.71020408163265 1.34063
5.71428571428571 0.0
5.71836734693878 0.0
5.72244897959184 0.0
5.7265306122449 0.0
5.73061224489796 0.0
5.73469387755102 0.0
5.73877551020408 0.0
5.74285714285714 0.0
5.7469387755102 0.0
5.75102040816327 0.0
5.75510204081633 0.0
5.75918367346939 0.0
5.76326530612245 0.0
5.76734693877551 0.0
5.77142857142857 0.0
5.77551020408163 0.0
5.77959183673469 0.0
5.78367346938775 0.0
5.78775510204082 0.0
5.79183673469388 0.0
5.79591836734694 0.0
5.8 0.0
5.80408163265306 0.0
5.80816326530612 0.0
5.81224489795918 0.0
5.81632653061224 0.0
5.82040816326531 4.81093
5.82448979591837 13.7561
5.82857142857143 20.1757
5.83265306122449 35.8762
5.83673469387755 56.0623
5.84081632653061 69.9464
5.84489795918367 73.3036
5.84897959183674 59.2794
5.8530612244898 40.2992
5.85714285714286 25.1208
5.86122448979592 17.496
5.86530612244898 17.3386
5.86938775510204 15.7098
5.8734693877551 4.85477
5.87755102040816 0.0
5.88163265306122 0.0
5.88571428571429 0.0
5.88979591836735 0.0
5.89387755102041 0.0
5.89795918367347 0.0
5.90204081632653 0.0
5.90612244897959 0.0
5.91020408163265 0.0
5.91428571428571 0.0
5.91836734693878 0.0
5.92244897959184 0.0
5.9265306122449 0.0
5.93061224489796 0.0
5.93469387755102 0.0
5.93877551020408 0.0
5.94285714285714 0.0
5.9469387755102 0.0
5.95102040816327 0.0
5.95510204081633 0.00482798
5.95918367346939 11.2323
5.96326530612245 27.6218
5.96734693877551 56.1427
5.97142857142857 54.7229
5.97551020408163 73.8062
5.97959183673469 84.1088
5.98367346938775 84.2633
5.98775510204082 85.7633
5.99183673469388 73.2143
5.99591836734694 61.756
6.0 48.8675
6.00408163265306 40.7784
6.00816326530612 32.4435
6.01224489795918 17.9462
6.01632653061225 12.3179
6.02040816326531 4.54545
6.02448979591837 4.39817
6.02857142857143 0.0
6.03265306122449 0.0
6.03673469387755 0.0
6.04081632653061 0.0
6.04489795918367 0.0
6.04897959183673 0.0
6.0530612244898 0.0
6.05714285714286 0.0
6.06122448979592 0.0
6.06530612244898 0.0
6.06938775510204 0.0
6.0734693877551 0.0
6.07755102040816 0.0
6.08163265306122 0.0
6.08571428571429 0.0
6.08979591836735 0.0
6.09387755102041 0.0
6.09795918367347 0.0
6.10204081632653 0.0
6.10612244897959 0.0
6.11020408163265 0.0
6.11428571428571 0.0
6.11836734693878 0.0
6.12244897959184 0.0
6.1265306122449 0.0
6.13061224489796 0.0
6.13469387755102 0.0
6.13877551020408 0.0
6.14285714285714 1.61469
6.1469387755102 0.0
6.15102040816326 0.0
6.15510204081633 0.0
6.15918367346939 0.0
6.16326530612245 0.0
6.16734693877551 2.54869
6.17142857142857 13.9587
6.17551020408163 20.9118
6.17959183673469 18.1225
6.18367346938776 16.2536
6.18775510204082 16.0493
6.19183673469388 15.2813
6.19591836734694 23.7498
6.2 31.1313
6.20408163265306 31.8363
6.20816326530612 37.7405
6.21224489795918 45.2966
6.21632653061225 56.5665
6.22040816326531 60.5247
6.22448979591837 61.8466
6.22857142857143 60.5325
6.23265306122449 56.579
6.23673469387755 48.2933
6.24081632653061 38.5648
6.24489795918367 29.1626
6.24897959183673 21.6835
6.2530612244898 12.5738
6.25714285714286 5.12636
6.26122448979592 10.9018
6.26530612244898 6.47497
6.26938775510204 0.0
6.2734693877551 0.0
6.27755102040816 0.0
6.28163265306122 0.0
6.28571428571429 0.0
6.28979591836735 0.0
6.29387755102041 0.0
6.29795918367347 0.0
6.30204081632653 0.0
6.30612244897959 0.0
6.31020408163265 0.0
6.31428571428571 0.0
6.31836734693878 0.0
6.32244897959184 0.0
6.3265306122449 0.0
6.33061224489796 0.0
6.33469387755102 0.0
6.33877551020408 0.0
6.34285714285714 0.0
6.3469387755102 0.0
6.35102040816327 0.0
6.35510204081633 0.0
6.35918367346939 0.0
6.36326530612245 0.0
6.36734693877551 0.0
6.37142857142857 0.0
6.37551020408163 0.0
6.37959183673469 0.0
6.38367346938776 0.0
6.38775510204082 0.0
6.39183673469388 0.0
6.39591836734694 0.0
6.4 0.0
6.40408163265306 0.0
6.40816326530612 0.0
6.41224489795918 0.0
6.41632653061224 0.0
6.42040816326531 0.0
6.42448979591837 0.0
6.42857142857143 0.0
6.43265306122449 0.0
6.43673469387755 0.0
6.44081632653061 0.0
6.44489795918367 0.0
6.44897959183673 0.0
6.4530612244898 0.0
6.45714285714286 0.0
6.46122448979592 0.0
6.46530612244898 0.0
6.46938775510204 0.0
6.4734693877551 0.0
6.47755102040816 0.0
6.48163265306122 0.0
6.48571428571429 0.0
6.48979591836735 0.0
6.49387755102041 0.0
6.49795918367347 0.0
6.50204081632653 0.0
6.50612244897959 0.0
6.51020408163265 0.0
6.51428571428571 0.0
6.51836734693878 0.0
6.52244897959184 0.0
6.5265306122449 0.0
6.53061224489796 0.0
6.53469387755102 0.0
6.53877551020408 0.0
6.54285714285714 0.0
6.5469387755102 0.0
6.55102040816327 0.745088
6.55510204081633 0.0
6.55918367346939 0.0
6.56326530612245 0.0
6.56734693877551 0.0
6.57142857142857 0.0
6.57551020408163 0.0
6.57959183673469 0.0
6.58367346938776 0.0
6.58775510204082 9.42393
6.59183673469388 32.1287
6.59591836734694 46.2211
6.6 56.0946
6.60408163265306 58.5937
6.60816326530612 59.6534
6.61224489795918 61.2479
6.61632653061224 64.2121
6.62040816326531 46.5077
6.62448979591837 39.5189
6.62857142857143 33.4638
6.63265306122449 17.8914
6.63673469387755 4.69685
6.64081632653061 0.0
6.64489795918367 0.0
6.64897959183673 0.0
6.6530612244898 0.0
6.65714285714286 0.0
6.66122448979592 0.0
6.66530612244898 0.0
6.66938775510204 0.0
6.6734693877551 0.0
6.67755102040816 0.0
6.68163265306122 0.0
6.68571428571429 0.0
6.68979591836735 1.75151
6.69387755102041 5.65857
6.69795918367347 0.0
6.70204081632653 0.0
6.70612244897959 6.0184
6.71020408163265 7.20314
6.71428571428571 12.4208
6.71836734693878 20.4527
6.72244897959184 39.4919
6.7265306122449 48.4471
6.73061224489796 67.0753
6.73469387755102 66.0007
6.73877551020408 64.3355
6.74285714285714 57.5869
6.7469387755102 43.5795
6.75102040816327 29.5108
6.75510204081633 20.3461
6.75918367346939 6.06225
6.76326530612245 3.30251
6.76734693877551 5.15097
6.77142857142857 1.44744
6.77551020408163 0.0
6.77959183673469 0.0
6.78367346938775 0.0
6.78775510204082 0.0
6.79183673469388 0.0
6.79591836734694 0.0
6.8 0.0
6.80408163265306 0.0
6.80816326530612 0.0
6.81224489795918 0.0
6.81632653061224 0.0
6.82040816326531 0.0
6.82448979591837 0.0
6.82857142857143 0.0
6.83265306122449 0.0
6.83673469387755 0.0
6.84081632653061 0.0
6.84489795918367 0.0
6.84897959183674 0.0
6.8530612244898 0.0
6.85714285714286 0.0
6.86122448979592 0.0
6.86530612244898 0.0
6.86938775510204 0.0
6.8734693877551 0.0
6.87755102040816 0.0
6.88163265306122 0.0
6.88571428571429 0.0
6.88979591836735 0.0
6.89387755102041 0.0
6.89795918367347 0.0
6.90204081632653 0.0
6.90612244897959 0.0
6.91020408163265 0.0
6.91428571428571 0.0
6.91836734693878 0.0
6.92244897959184 0.0
6.9265306122449 0.0
6.93061224489796 0.0
6.93469387755102 0.0
6.93877551020408 0.0
6.94285714285714 0.0
6.9469387755102 0.0
6.95102040816327 0.0
6.95510204081633 0.0
6.95918367346939 0.0
6.96326530612245 0.0
6.96734693877551 0.0
6.97142857142857 0.0
6.97551020408163 0.0
6.97959183673469 0.0
6.98367346938775 0.0
6.98775510204082 0.0
6.99183673469388 13.221
6.99591836734694 0.835687
7.0 22.9703
7.00408163265306 34.9103
7.00816326530612 68.5514
7.01224489795918 82.8496
7.01632653061225 86.8007
7.02040816326531 95.1277
7.02448979591837 72.7663
7.02857142857143 60.3292
7.03265306122449 44.9033
7.03673469387755 28.9688
7.04081632653061 13.504
7.04489795918367 9.00924
7.04897959183673 3.16316
7.0530612244898 0.0
7.05714285714286 0.0
7.06122448979592 0.0
7.06530612244898 0.0
7.06938775510204 0.0
7.0734693877551 0.0
7.07755102040816 0.0
7.08163265306122 0.0
7.08571428571429 0.0
7.08979591836735 0.0
7.09387755102041 0.0
7.09795918367347 0.0
7.10204081632653 6.77407
7.10612244897959 8.57478
7.11020408163265 22.0529
7.11428571428571 26.5764
7.11836734693878 19.9877
7.12244897959184 16.8001
7.1265306122449 32.5519
7.13061224489796 49.0069
7.13469387755102 48.4781
7.13877551020408 62.0653
7.14285714285714 70.6147
7.1469387755102 76.2429
7.15102040816326 73.7101
7.15510204081633 82.3664
7.15918367346939 79.9396
7.16326530612245 70.4205
7.16734693877551 60.2176
7.17142857142857 49.2936
7.17551020408163 36.7277
7.17959183673469 28.7063
7.18367346938776 22.482
7.18775510204082 15.3034
7.19183673469388 12.9199
7.19591836734694 5.6479
7.2 2.15411
7.20408163265306 0.0
7.20816326530612 0.0
7.21224489795918 0.0
7.21632653061225 0.0
7.22040816326531 0.0
7.22448979591837 0.0
7.22857142857143 0.0
7.23265306122449 0.0
7.23673469387755 0.0
7.24081632653061 0.0
7.24489795918367 0.0
7.24897959183673 0.0
7.2530612244898 0.0
7.25714285714286 0.0
7.26122448979592 0.0
7.26530612244898 0.0
7.26938775510204 0.0
7.2734693877551 0.0
7.27755102040816 0.0
7.28163265306122 0.0
7.28571428571429 0.0
7.28979591836735 0.0
7.29387755102041 0.0
7.29795918367347 0.0
7.30204081632653 0.356108
7.30612244897959 5.44286
7.31020408163265 5.77903
7.31428571428571 5.24908
7.31836734693878 14.9733
7.32244897959184 11.6868
7.3265306122449 7.08085
7.33061224489796 4.96173
7.33469387755102 0.184536
7.33877551020408 4.08542
7.34285714285714 3.46607
7.3469387755102 0.245333
7.35102040816327 0.0
7.35510204081633 0.0
7.35918367346939 0.0
7.36326530612245 0.0
7.36734693877551 0.0
7.37142857142857 0.0
7.37551020408163 0.0
7.37959183673469 0.0
7.38367346938776 0.0
7.38775510204082 0.0
7.39183673469388 0.0
7.39591836734694 0.0
7.4 0.0
7.40408163265306 0.0
7.40816326530612 9.82169
7.41224489795918 24.6214
7.41632653061224 31.3622
7.42040816326531 59.5797
7.42448979591837 67.8136
7.42857142857143 66.8396
7.43265306122449 70.5317
7.43673469387755 58.9266
7.44081632653061 50.7579
7.44489795918367 38.5695
7.44897959183673 25.867
7.4530612244898 14.8733
7.45714285714286 2.82566
7.46122448979592 0.0
7.46530612244898 0.0
7.46938775510204 0.0
7.4734693877551 0.0
7.47755102040816 0.0
7.48163265306122 0.0
7.48571428571429 0.0
7.48979591836735 0.0
7.49387755102041 0.0
7.49795918367347 0.0
7.50204081632653 0.0
7.50612244897959 0.0
7.51020408163265 0.0
7.51428571428571 0.0
7.51836734693878 0.0
7.52244897959184 0.0
7.5265306122449 0.0
7.53061224489796 0.0
7.53469387755102 0.271857
7.53877551020408 3.24163
7.54285714285714 6.00187
7.5469387755102 10.166
7.55102040816327 11.5903
7.55510204081633 17.7198
7.55918367346939 32.2011
7.56326530612245 19.7951
7.56734693877551 3.5606
7.57142857142857 4.88132
7.57551020408163 18.9899
7.57959183673469 35.1983
7.58367346938776 48.4817
7.58775510204082 47.5212
7.59183673469388 35.7429
7.59591836734694 22.1077
7.6 7.48396
7.60408163265306 0.265658
7.60816326530612 0.0
7.61224489795918 0.0
7.61632653061224 0.0
7.62040816326531 0.0
7.62448979591837 0.0
7.62857142857143 0.0
7.63265306122449 0.0
7.63673469387755 0.0
7.64081632653061 0.0
7.64489795918367 0.0
7.64897959183673 0.0
7.6530612244898 0.0
7.65714285714286 0.0
7.66122448979592 0.0
7.66530612244898 0.0
7.66938775510204 0.0
7.6734693877551 0.0
7.67755102040816 0.0
7.68163265306122 0.0
7.68571428571429 0.0
7.68979591836735 0.0
7.69387755102041 0.0
7.69795918367347 0.0
7.70204081632653 0.0
7.70612244897959 0.0
7.71020408163265 0.0
7.71428571428571 0.0
7.71836734693878 0.0
7.72244897959184 0.0
7.7265306122449 1.46863
7.73061224489796 4.15379
7.73469387755102 1.77467
7.73877551020408 0.0
7.74285714285714 0.0
7.7469387755102 0.0
7.75102040816327 0.0
7.75510204081633 0.0
7.75918367346939 0.0
7.76326530612245 0.0
7.76734693877551 0.0
7.77142857142857 0.0
7.77551020408163 0.0
7.77959183673469 17.8059
7.78367346938775 58.5465
7.78775510204082 113.541
7.79183673469388 156.628
7.79591836734694 157.66
7.8 143.19
7.80408163265306 116.458
7.80816326530612 120.186
7.81224489795918 111.117
7.81632653061224 102.923
7.82040816326531 91.9422
7.82448979591837 78.0201
7.82857142857143 64.8122
7.83265306122449 54.088
7.83673469387755 40.4088
7.84081632653061 31.9366
7.84489795918367 19.4279
7.84897959183674 8.21984
7.8530612244898 1.05193
7.85714285714286 0.0
7.86122448979592 0.0
7.86530612244898 0.0
7.86938775510204 0.0
7.8734693877551 0.0
7.87755102040816 0.0
7.88163265306122 0.0
7.88571428571429 0.0
7.88979591836735 0.0
7.89387755102041 0.0
7.89795918367347 0.0
7.90204081632653 0.0
7.90612244897959 0.0
7.91020408163265 0.0
7.91428571428571 0.0
7.91836734693878 0.0
7.92244897959184 0.0
7.9265306122449 0.0
7.93061224489796 0.0
7.93469387755102 0.0
7.93877551020408 0.0
7.94285714285714 4.09061
7.9469387755102 21.4307
7.95102040816327 34.6266
7.95510204081633 54.9884
7.95918367346939 65.6382
7.96326530612245 66.7595
7.96734693877551 60.0882
7.97142857142857 48.5818
7.97551020408163 34.4627
7.97959183673469 32.8327
7.98367346938775 31.3126
7.98775510204082 16.8303
7.99183673469388 3.58772
7.99591836734694 0.0
8.0 0.0
8.00408163265306 0.0
8.00816326530612 0.0
8.01224489795918 0.0
8.01632653061225 0.0
8.02040816326531 0.0
8.02448979591837 1.13034
8.02857142857143 0.0
8.03265306122449 0.0
8.03673469387755 4.91306
8.04081632653061 0.0
8.04489795918367 0.0
8.04897959183674 0.0
8.0530612244898 0.0
8.05714285714286 0.0
8.06122448979592 0.0
8.06530612244898 0.356674
8.06938775510204 0.0
8.0734693877551 0.0
8.07755102040816 0.0
8.08163265306122 0.0
8.08571428571429 0.0
8.08979591836735 0.0
8.09387755102041 0.0
8.09795918367347 0.0
8.10204081632653 0.0
8.10612244897959 0.0
8.11020408163265 0.0
8.11428571428571 0.0
8.11836734693878 0.0
8.12244897959184 0.0
8.1265306122449 0.0
8.13061224489796 0.0
8.13469387755102 0.0
8.13877551020408 0.0
8.14285714285714 0.0
8.1469387755102 0.0
8.15102040816327 0.0
8.15510204081633 0.0
8.15918367346939 0.0
8.16326530612245 0.0
8.16734693877551 0.0
8.17142857142857 0.0
8.17551020408163 0.0
8.17959183673469 0.0
8.18367346938776 0.0
8.18775510204082 0.0
8.19183673469388 0.0
8.19591836734694 19.182
8.2 28.994
8.20408163265306 16.7038
8.20816326530612 33.286
8.21224489795918 56.9158
8.21632653061224 66.3393
8.22040816326531 68.1755
8.22448979591837 47.4932
8.22857142857143 36.9894
8.23265306122449 24.8731
8.23673469387755 9.24678
8.24081632653061 1.76178
8.24489795918367 11.5433
8.24897959183673 7.52461
8.2530612244898 0.0
8.25714285714286 0.0
8.26122448979592 0.0
8.26530612244898 0.0
8.26938775510204 0.0
8.2734693877551 0.0
8.27755102040816 0.0
8.28163265306122 0.0
8.28571428571429 0.0
8.28979591836735 0.0
8.29387755102041 0.0
8.29795918367347 0.0
8.30204081632653 0.578046
8.30612244897959 3.8043
8.31020408163265 7.62999
8.31428571428571 5.06282
8.31836734693877 0.0
8.32244897959184 0.0
8.3265306122449 0.0
8.33061224489796 0.0
8.33469387755102 1.61099
8.33877551020408 20.8716
8.34285714285714 34.5805
8.3469387755102 48.431
8.35102040816327 35.0246
8.35510204081633 68.526
8.35918367346939 71.8927
8.36326530612245 72.5317
8.36734693877551 55.358
8.37142857142857 43.6361
8.37551020408163 33.8309
8.37959183673469 15.3008
8.38367346938776 2.30289
8.38775510204082 0.0
8.39183673469388 0.0
8.39591836734694 0.0
8.4 0.0
8.40408163265306 0.0
8.40816326530612 0.0
8.41224489795918 0.0
8.41632653061225 0.0
8.42040816326531 0.0
8.42448979591837 0.0
8.42857142857143 0.0
8.43265306122449 0.0
8.43673469387755 0.0
8.44081632653061 0.0
8.44489795918367 0.0
8.44897959183673 0.0
8.4530612244898 0.0
8.45714285714286 0.0
8.46122448979592 0.0
8.46530612244898 0.0
8.46938775510204 0.0
8.4734693877551 9.04354
8.47755102040816 5.77122
8.48163265306122 0.0
8.48571428571429 0.0
8.48979591836735 0.0
8.49387755102041 0.0
8.49795918367347 0.0
8.50204081632653 0.0
8.50612244897959 0.0
8.51020408163265 0.0
8.51428571428571 0.0
8.51836734693878 0.0
8.52244897959184 0.0
8.5265306122449 0.0
8.53061224489796 0.0
8.53469387755102 0.0
8.53877551020408 0.0
8.54285714285714 0.0
8.5469387755102 0.0
8.55102040816327 0.0
8.55510204081633 0.0
8.55918367346939 0.0
8.56326530612245 0.0
8.56734693877551 0.0
8.57142857142857 0.0
8.57551020408163 38.4496
8.57959183673469 28.983
8.58367346938775 45.6246
8.58775510204082 67.9268
8.59183673469388 67.5001
8.59591836734694 85.7282
8.6 108.45
8.60408163265306 104.586
8.60816326530612 84.0089
8.61224489795918 63.511
8.61632653061224 49.628
8.62040816326531 35.8334
8.62448979591837 24.0663
8.62857142857143 23.0448
8.63265306122449 16.8311
8.63673469387755 12.6722
8.64081632653061 8.44818
8.64489795918367 0.57596
8.64897959183673 1.2735
8.6530612244898 2.32524
8.65714285714286 0.0
8.66122448979592 0.0
8.66530612244898 0.0
8.66938775510204 0.0
8.6734693877551 0.0
8.67755102040816 0.0
8.68163265306123 0.789046
8.68571428571429 1.26535
8.68979591836735 0.0
8.69387755102041 0.0
8.69795918367347 0.0
8.70204081632653 0.0
8.70612244897959 0.0
8.71020408163265 0.0
8.71428571428571 0.0
8.71836734693878 0.0
8.72244897959184 0.0
8.7265306122449 20.4791
8.73061224489796 45.9637
8.73469387755102 105.267
8.73877551020408 127.554
8.74285714285714 134.73
8.7469387755102 139.481
8.75102040816327 109.977
8.75510204081633 87.7276
8.75918367346939 69.2388
8.76326530612245 57.741
8.76734693877551 51.1947
8.77142857142857 48.0523
8.77551020408163 38.3871
8.77959183673469 21.4317
8.78367346938776 3.96419
8.78775510204082 0.0
8.79183673469388 0.0
8.79591836734694 0.0
8.8 0.0
8.80408163265306 0.0
8.80816326530612 0.0
8.81224489795918 0.0
8.81632653061224 0.0
8.82040816326531 0.0
8.82448979591837 0.0
8.82857142857143 0.0
8.83265306122449 0.0
8.83673469387755 0.0
8.84081632653061 0.0
8.84489795918367 0.0
8.84897959183673 0.0
8.8530612244898 0.0
8.85714285714286 0.0
8.86122448979592 0.0
8.86530612244898 0.0
8.86938775510204 0.0
8.8734693877551 0.0
8.87755102040816 0.0
8.88163265306122 0.0
8.88571428571429 0.0
8.88979591836735 0.0
8.89387755102041 0.0
8.89795918367347 0.0
8.90204081632653 0.0
8.90612244897959 2.04182
8.91020408163265 0.298142
8.91428571428571 0.0
8.91836734693878 0.0
8.92244897959184 0.0
8.9265306122449 0.0
8.93061224489796 0.0
8.93469387755102 0.0
8.93877551020408 0.0
8.94285714285714 0.0
8.9469387755102 0.0
8.95102040816326 0.0
8.95510204081633 0.0
8.95918367346939 0.0
8.96326530612245 0.0
8.96734693877551 0.0
8.97142857142857 0.0
8.97551020408163 0.0
8.97959183673469 0.0
8.98367346938775 14.6132
8.98775510204082 35.2675
8.99183673469388 33.5545
8.99591836734694 54.5366
9.0 74.1108
9.00408163265306 71.5944
9.00816326530612 65.2577
9.01224489795918 56.6811
9.01632653061225 36.6331
9.02040816326531 29.4417
9.02448979591837 19.1324
9.02857142857143 10.2893
9.03265306122449 3.27462
9.03673469387755 10.5819
9.04081632653061 6.14017
9.04489795918367 0.0
9.04897959183674 0.0
9.0530612244898 0.0
9.05714285714286 0.106156
9.06122448979592 1.5713
9.06530612244898 1.59824
9.06938775510204 0.0
9.0734693877551 0.0
9.07755102040816 0.0
9.08163265306122 0.0
9.08571428571429 0.0
9.08979591836735 0.0
9.09387755102041 0.0
9.09795918367347 0.0
9.10204081632653 1.11675
9.10612244897959 6.74105
9.11020408163265 1.88356
9.11428571428571 0.0
9.11836734693878 0.0
9.12244897959184 0.25785
9.1265306122449 0.0
9.13061224489796 0.0
9.13469387755102 0.0
9.13877551020408 7.87216
9.14285714285714 13.5177
9.1469387755102 18.8369
9.15102040816327 39.7759
9.15510204081633 53.5595
9.15918367346939 50.4906
9.16326530612245 44.1812
9.16734693877551 32.8756
9.17142857142857 21.1732
9.17551020408163 10.5079
9.17959183673469 1.47121
9.18367346938776 0.0
9.18775510204082 0.0
9.19183673469388 0.0
9.19591836734694 0.0
9.2 0.0
9.20408163265306 0.0
9.20816326530612 0.0
9.21224489795918 0.0
9.21632653061224 0.0
9.22040816326531 0.0
9.22448979591837 0.0
9.22857142857143 0.0
9.23265306122449 0.0
9.23673469387755 0.0
9.24081632653061 0.0
9.24489795918367 0.0
9.24897959183673 0.0
9.2530612244898 0.0
9.25714285714286 0.0
9.26122448979592 0.0
9.26530612244898 0.0
9.26938775510204 0.0
9.2734693877551 0.0
9.27755102040816 0.0
9.28163265306122 0.0
9.28571428571429 0.0
9.28979591836735 0.0
9.29387755102041 0.0
9.29795918367347 0.0
9.30204081632653 0.0
9.30612244897959 0.0
9.31020408163265 0.0
9.31428571428571 0.0
9.31836734693877 0.0
9.32244897959184 0.0
9.3265306122449 0.0
9.33061224489796 0.0
9.33469387755102 0.0
9.33877551020408 0.0
9.34285714285714 3.20816
9.3469387755102 0.0
9.35102040816327 1.78024
9.35510204081633 3.71808
9.35918367346939 0.0
9.36326530612245 2.50477
9.36734693877551 0.837654
9.37142857142857 17.2334
9.37551020408163 74.1629
9.37959183673469 115.294
9.38367346938776 132.85
9.38775510204082 114.214
9.39183673469388 109.942
9.39591836734694 104.436
9.4 98.8491
9.40408163265306 76.6249
9.40816326530612 65.8407
9.41224489795918 50.6831
9.41632653061225 40.6461
9.42040816326531 28.6053
9.42448979591837 22.5331
9.42857142857143 13.453
9.43265306122449 5.84579
9.43673469387755 0.261128
9.44081632653061 0.0
9.44489795918367 0.0
9.44897959183673 0.0
9.4530612244898 0.0
9.45714285714286 0.0
9.46122448979592 0.0
9.46530612244898 0.0
9.46938775510204 0.0
9.4734693877551 0.0
9.47755102040816 0.0
9.48163265306122 0.0
9.48571428571429 0.0
9.48979591836735 0.0
9.49387755102041 0.0
9.49795918367347 0.0
9.50204081632653 0.0
9.50612244897959 0.0
9.51020408163265 0.0
9.51428571428571 0.0
9.51836734693878 0.339985
9.52244897959184 0.295401
9.5265306122449 0.0
9.53061224489796 1.03545
9.53469387755102 0.0
9.53877551020408 0.0
9.54285714285714 0.0
9.5469387755102 0.0
9.55102040816327 0.0
9.55510204081633 0.0
9.55918367346939 0.0
9.56326530612245 0.0
9.56734693877551 0.0
9.57142857142857 0.0
9.57551020408163 0.0
9.57959183673469 0.0
9.58367346938775 0.0
9.58775510204082 0.0
9.59183673469388 0.473142
9.59591836734694 0.0
9.6 2.45251
9.60408163265306 2.00559
9.60816326530612 0.643268
9.61224489795918 0.0
9.61632653061224 0.0
9.62040816326531 0.0
9.62448979591837 0.0
9.62857142857143 0.966072
9.63265306122449 0.0
9.63673469387755 0.0
9.64081632653061 0.0
9.64489795918367 0.0
9.64897959183673 0.0
9.6530612244898 2.64239
9.65714285714286 0.0
9.66122448979592 0.496984
9.66530612244898 0.0
9.66938775510204 0.455499
9.6734693877551 0.0
9.67755102040816 0.0
9.68163265306123 0.0
9.68571428571429 0.0
9.68979591836735 0.0
9.69387755102041 0.0
9.69795918367347 0.0
9.70204081632653 0.0
9.70612244897959 0.0
9.71020408163265 0.0
9.71428571428571 0.0
9.71836734693878 0.0
9.72244897959184 0.0
9.7265306122449 0.0
9.73061224489796 0.0
9.73469387755102 0.0
9.73877551020408 0.0
9.74285714285714 0.0
9.7469387755102 0.0
9.75102040816327 0.0
9.75510204081633 0.0
9.75918367346939 16.9234
9.76326530612245 21.3397
9.76734693877551 11.0481
9.77142857142857 48.8798
9.77551020408163 82.2213
9.77959183673469 74.526
9.78367346938776 72.9881
9.78775510204082 60.5465
9.79183673469388 40.1685
9.79591836734694 28.7436
9.8 19.0988
9.80408163265306 8.19336
9.80816326530612 5.6206
9.81224489795918 3.61598
9.81632653061224 3.98725
9.82040816326531 0.656784
9.82448979591837 0.881314
9.82857142857143 0.0
9.83265306122449 0.0
9.83673469387755 0.0
9.84081632653061 0.0
9.84489795918367 0.0
9.84897959183673 0.441611
9.8530612244898 5.76359
9.85714285714286 9.06804
9.86122448979592 16.4894
9.86530612244898 16.3516
9.86938775510204 8.06806
9.8734693877551 13.38
9.87755102040816 6.47962
9.88163265306122 15.7163
9.88571428571429 29.8163
9.88979591836735 39.9833
9.89387755102041 47.0533
9.89795918367347 69.1122
9.90204081632653 73.0038
9.90612244897959 70.0639
9.91020408163265 60.8018
9.91428571428571 54.5095
9.91836734693878 45.6408
9.92244897959184 45.646
9.9265306122449 28.3951
9.93061224489796 24.4398
9.93469387755102 19.7645
9.93877551020408 13.7845
9.94285714285714 7.16996
9.9469387755102 1.10751
9.95102040816326 0.0
9.95510204081633 0.0
9.95918367346939 0.0
9.96326530612245 0.0
9.96734693877551 4.55159
9.97142857142857 8.98457
9.97551020408163 6.00123
9.97959183673469 10.4637
9.98367346938775 5.96392
9.98775510204082 6.84047
9.99183673469388 5.26094
9.99591836734694 5.02616
10.0 1.17981
10.0040816326531 0.0
10.0081632653061 0.0
10.0122448979592 0.0
10.0163265306122 0.0
10.0204081632653 0.0
10.0244897959184 0.0
10.0285714285714 0.0
10.0326530612245 0.0
10.0367346938776 0.0
10.0408163265306 0.0
10.0448979591837 0.0
10.0489795918367 0.0
10.0530612244898 0.624955
10.0571428571429 0.0
10.0612244897959 0.0
10.065306122449 0.0
10.069387755102 0.0
10.0734693877551 0.0
10.0775510204082 0.0
10.0816326530612 0.0
10.0857142857143 0.0
10.0897959183673 0.0
10.0938775510204 0.0
10.0979591836735 0.0
10.1020408163265 0.0
10.1061224489796 0.0
10.1102040816327 0.0
10.1142857142857 0.0
10.1183673469388 0.0
10.1224489795918 0.0
10.1265306122449 0.0
10.130612244898 0.0
10.134693877551 0.0
10.1387755102041 0.0
10.1428571428571 0.0
10.1469387755102 0.0
10.1510204081633 0.0
10.1551020408163 0.0
10.1591836734694 0.0
10.1632653061224 0.0
10.1673469387755 0.0
10.1714285714286 0.0
10.1755102040816 0.0
10.1795918367347 0.0
10.1836734693878 0.0
10.1877551020408 0.0
10.1918367346939 0.0
10.1959183673469 0.0
10.2 0.0
10.2040816326531 0.0
10.2081632653061 0.0
10.2122448979592 0.0
10.2163265306122 0.0
10.2204081632653 0.0
10.2244897959184 2.66041
10.2285714285714 3.20858
10.2326530612245 4.26114
10.2367346938776 2.43008
10.2408163265306 6.25709
10.2448979591837 6.09887
10.2489795918367 0.0
10.2530612244898 1.25837
10.2571428571429 0.694752
10.2612244897959 0.0
10.265306122449 0.0
10.269387755102 0.0
10.2734693877551 0.0
10.2775510204082 0.0
10.2816326530612 0.0
10.2857142857143 0.0
10.2897959183673 10.9785
10.2938775510204 41.3566
10.2979591836735 73.3455
10.3020408163265 95.3872
10.3061224489796 99.7062
10.3102040816327 93.3296
10.3142857142857 99.9293
10.3183673469388 84.418
10.3224489795918 68.6548
10.3265306122449 50.4346
10.330612244898 39.557
10.334693877551 24.6304
10.3387755102041 18.8721
10.3428571428571 11.145
10.3469387755102 2.01488
10.3510204081633 0.0
10.3551020408163 0.0
10.3591836734694 0.0
10.3632653061224 0.0
10.3673469387755 0.0
10.3714285714286 0.0
10.3755102040816 0.0
10.3795918367347 0.0
10.3836734693878 0.0
10.3877551020408 0.0
10.3918367346939 0.0
10.3959183673469 1.22327
10.4 2.63044
10.4040816326531 2.48551
10.4081632653061 1.15806
10.4122448979592 0.375986
10.4163265306122 0.800967
10.4204081632653 0.0
10.4244897959184 0.0
10.4285714285714 0.0
10.4326530612245 0.0
10.4367346938776 0.0
10.4408163265306 0.0
10.4448979591837 0.0
10.4489795918367 0.0
10.4530612244898 0.0
10.4571428571429 0.0
10.4612244897959 0.0
10.465306122449 0.0
10.469387755102 0.0
10.4734693877551 0.0
10.4775510204082 0.0
10.4816326530612 0.0
10.4857142857143 0.0
10.4897959183673 0.0
10.4938775510204 0.0
10.4979591836735 0.0
10.5020408163265 0.0
10.5061224489796 0.0
10.5102040816327 0.0
10.5142857142857 0.0
10.5183673469388 0.0
10.5224489795918 0.0
10.5265306122449 0.0
10.530612244898 0.0
10.534693877551 0.0
10.5387755102041 0.0
10.5428571428571 0.275858
10.5469387755102 0.0
10.5510204081633 0.0
10.5551020408163 0.0
10.5591836734694 0.0
10.5632653061224 0.0
10.5673469387755 0.0
10.5714285714286 0.0
10.5755102040816 0.0
10.5795918367347 0.0
10.5836734693878 0.0
10.5877551020408 0.0
10.5918367346939 0.0
10.5959183673469 0.0
10.6 0.0
10.6040816326531 0.0
10.6081632653061 0.0
10.6122448979592 0.0
10.6163265306122 0.0
10.6204081632653 0.0
10.6244897959184 0.0
10.6285714285714 0.0
10.6326530612245 0.0
10.6367346938776 0.0
10.6408163265306 0.0
10.6448979591837 0.0
10.6489795918367 0.0
10.6530612244898 0.0
10.6571428571429 0.0
10.6612244897959 0.0
10.665306122449 0.0
10.669387755102 0.0
10.6734693877551 0.0
10.6775510204082 0.0
10.6816326530612 0.0
10.6857142857143 0.0
10.6897959183673 3.86703
10.6938775510204 18.0305
10.6979591836735 51.3745
10.7020408163265 91.9478
10.7061224489796 122.795
10.7102040816327 141.327
10.7142857142857 164.611
10.7183673469388 163.147
10.7224489795918 162.023
10.7265306122449 148.228
10.730612244898 126.554
10.734693877551 103.599
10.7387755102041 79.8503
10.7428571428571 56.0908
10.7469387755102 39.0325
10.7510204081633 17.2434
10.7551020408163 1.78075
10.7591836734694 0.0
10.7632653061224 0.0
10.7673469387755 0.0
10.7714285714286 0.0
10.7755102040816 0.0
10.7795918367347 0.0
10.7836734693878 0.0
10.7877551020408 0.0
10.7918367346939 0.0
10.7959183673469 0.0
10.8 0.0
10.8040816326531 0.0
10.8081632653061 0.0
10.8122448979592 0.0
10.8163265306122 0.0
10.8204081632653 0.0
10.8244897959184 0.0
10.8285714285714 0.0
10.8326530612245 0.0
10.8367346938776 0.0
10.8408163265306 0.0
10.8448979591837 0.0
10.8489795918367 0.0
10.8530612244898 0.0
10.8571428571429 0.0
10.8612244897959 0.0
10.865306122449 0.0
10.869387755102 0.0
10.8734693877551 0.0
10.8775510204082 0.0
10.8816326530612 0.0
10.8857142857143 0.0
10.8897959183673 0.0
10.8938775510204 0.0
10.8979591836735 6.14366
10.9020408163265 7.56262
10.9061224489796 9.38342
10.9102040816327 13.1873
10.9142857142857 9.43984
10.9183673469388 8.11458
10.9224489795918 4.30438
10.9265306122449 0.0
10.930612244898 0.0
10.934693877551 0.0
10.9387755102041 0.0
10.9428571428571 0.0
10.9469387755102 0.0
10.9510204081633 0.0
10.9551020408163 0.0
10.9591836734694 0.0
10.9632653061224 0.0
10.9673469387755 0.0
10.9714285714286 21.8011
10.9755102040816 16.1199
10.9795918367347 46.8077
10.9836734693878 56.2301
10.9877551020408 59.0677
10.9918367346939 59.7426
10.9959183673469 73.4866
11.0 82.5208
11.0040816326531 97.2053
11.0081632653061 97.657
11.0122448979592 71.0373
11.0163265306122 42.4362
11.0204081632653 26.7352
11.0244897959184 14.8272
11.0285714285714 2.44004
11.0326530612245 2.04493
11.0367346938776 0.0
11.0408163265306 0.0
11.0448979591837 0.0
11.0489795918367 0.0
11.0530612244898 0.0
11.0571428571429 0.0
11.0612244897959 0.0
11.065306122449 0.0
11.069387755102 0.0
11.0734693877551 0.0
11.0775510204082 0.0
11.0816326530612 0.0
11.0857142857143 0.0
11.0897959183673 0.0
11.0938775510204 0.0
11.0979591836735 4.97529
11.1020408163265 9.74807
11.1061224489796 9.85169
11.1102040816327 5.2103
11.1142857142857 1.36721
11.1183673469388 0.0
11.1224489795918 0.0
11.1265306122449 0.0
11.130612244898 0.0
11.134693877551 0.0
11.1387755102041 0.0
11.1428571428571 0.0
11.1469387755102 8.45331
11.1510204081633 22.2088
11.1551020408163 29.8165
11.1591836734694 37.6213
11.1632653061224 26.8818
11.1673469387755 20.9233
11.1714285714286 17.5102
11.1755102040816 9.76616
11.1795918367347 0.650078
11.1836734693878 0.0
11.1877551020408 0.0
11.1918367346939 0.0
11.1959183673469 0.0
11.2 0.0
11.2040816326531 0.0
11.2081632653061 0.0
11.2122448979592 0.0
11.2163265306122 0.0
11.2204081632653 0.0
11.2244897959184 0.0
11.2285714285714 0.278831
11.2326530612245 2.83837
11.2367346938776 0.0
11.2408163265306 0.0
11.2448979591837 0.0
11.2489795918367 0.0
11.2530612244898 0.0
11.2571428571429 0.0
11.2612244897959 0.419587
11.265306122449 0.385225
11.269387755102 0.0
11.2734693877551 0.0
11.2775510204082 0.0
11.2816326530612 0.0
11.2857142857143 0.0
11.2897959183673 0.0
11.2938775510204 0.0
11.2979591836735 0.0
11.3020408163265 0.0
11.3061224489796 0.0
11.3102040816327 0.0
11.3142857142857 0.0
11.3183673469388 0.0
11.3224489795918 0.0
11.3265306122449 0.0
11.330612244898 0.0
11.334693877551 0.591218
11.3387755102041 0.0
11.3428571428571 0.0
11.3469387755102 0.0
11.3510204081633 0.859916
11.3551020408163 0.0
11.3591836734694 0.0
11.3632653061224 0.802159
11.3673469387755 0.0
11.3714285714286 7.3728
11.3755102040816 8.56689
11.3795918367347 5.89696
11.3836734693878 1.92529
11.3877551020408 3.91817
11.3918367346939 1.57338
11.3959183673469 2.21753
11.4 7.56192
11.4040816326531 4.92173
11.4081632653061 6.68001
11.4122448979592 6.94007
11.4163265306122 4.13644
11.4204081632653 7.44444
11.4244897959184 13.5241
11.4285714285714 9.35122
11.4326530612245 3.68828
11.4367346938776 1.8748
11.4408163265306 0.866234
11.4448979591837 0.0
11.4489795918367 2.63572
11.4530612244898 0.0
11.4571428571429 0.0
11.4612244897959 2.68328
11.465306122449 0.0
11.469387755102 0.0
11.4734693877551 0.0
11.4775510204082 0.0
11.4816326530612 0.0
11.4857142857143 0.0
11.4897959183673 0.0
11.4938775510204 0.0
11.4979591836735 0.0
11.5020408163265 0.0
11.5061224489796 0.0
11.5102040816327 0.19975
11.5142857142857 0.0
11.5183673469388 1.06435
11.5224489795918 7.87554
11.5265306122449 26.6572
11.530612244898 104.524
11.534693877551 151.678
11.5387755102041 153.816
11.5428571428571 151.417
11.5469387755102 148.553
11.5510204081633 133.696
11.5551020408163 114.037
11.5591836734694 94.1403
11.5632653061224 73.856
11.5673469387755 54.1855
11.5714285714286 35.1941
11.5755102040816 16.8777
11.5795918367347 3.30305
11.5836734693878 0.0
11.5877551020408 0.0
11.5918367346939 0.0
11.5959183673469 0.0
11.6 0.0
11.6040816326531 0.0
11.6081632653061 0.0
11.6122448979592 0.0
11.6163265306122 0.0
11.6204081632653 0.0
11.6244897959184 0.0
11.6285714285714 0.0
11.6326530612245 0.0
11.6367346938776 0.0
11.6408163265306 0.0
11.6448979591837 0.0
11.6489795918367 0.0
11.6530612244898 0.0
11.6571428571429 0.0
11.6612244897959 0.0
11.665306122449 0.0
11.669387755102 0.0
11.6734693877551 0.0
11.6775510204082 0.0
11.6816326530612 0.0
11.6857142857143 0.0
11.6897959183673 0.0
11.6938775510204 0.0
11.6979591836735 0.0
11.7020408163265 0.0
11.7061224489796 0.0
11.7102040816327 0.0
11.7142857142857 0.0
11.7183673469388 0.0
11.7224489795918 0.0
11.7265306122449 0.0
11.730612244898 0.0
11.734693877551 0.0
11.7387755102041 0.0
11.7428571428571 0.0
11.7469387755102 0.0
11.7510204081633 0.0
11.7551020408163 0.0
11.7591836734694 0.0
11.7632653061224 0.0
11.7673469387755 0.0
11.7714285714286 0.0
11.7755102040816 2.83802
11.7795918367347 0.0
11.7836734693878 13.0543
11.7877551020408 11.3271
11.7918367346939 8.14426
11.7959183673469 9.65482
11.8 6.36284
11.8040816326531 1.54769
11.8081632653061 0.0
11.8122448979592 0.0
11.8163265306122 0.930727
11.8204081632653 0.404656
11.8244897959184 0.0
11.8285714285714 3.98642
11.8326530612245 0.0
11.8367346938776 0.0
11.8408163265306 0.0
11.8448979591837 0.0
11.8489795918367 0.0
11.8530612244898 0.0
11.8571428571429 0.0
11.8612244897959 0.0
11.865306122449 0.0
11.869387755102 0.0
11.8734693877551 0.0
11.8775510204082 0.0
11.8816326530612 0.0
11.8857142857143 0.0
11.8897959183673 0.0
11.8938775510204 0.0
11.8979591836735 0.0
11.9020408163265 0.0
11.9061224489796 0.0
11.9102040816327 0.0
11.9142857142857 1.53494
11.9183673469388 63.4697
11.9224489795918 105.637
11.9265306122449 181.486
11.930612244898 180.895
11.934693877551 176.06
11.9387755102041 187.333
11.9428571428571 175.858
11.9469387755102 149.236
11.9510204081633 134.489
11.9551020408163 112.246
11.9591836734694 91.0028
11.9632653061224 73.2614
11.9673469387755 59.8393
11.9714285714286 52.7571
11.9755102040816 48.0971
11.9795918367347 42.1858
11.9836734693878 36.4147
11.9877551020408 21.8469
11.9918367346939 8.98349
11.9959183673469 0.0
12.0 0.0
12.0040816326531 0.0
12.0081632653061 0.0
12.0122448979592 0.0
12.0163265306122 0.0
12.0204081632653 0.0
12.0244897959184 0.0
12.0285714285714 0.0
12.0326530612245 0.0
12.0367346938776 0.0
12.0408163265306 0.0
12.0448979591837 0.0
12.0489795918367 0.0
12.0530612244898 0.0
12.0571428571429 0.0
12.0612244897959 0.0
12.065306122449 0.0
12.069387755102 0.0
12.0734693877551 0.0
12.0775510204082 0.0
12.0816326530612 0.0
12.0857142857143 0.0
12.0897959183673 0.0
12.0938775510204 0.0
12.0979591836735 0.0
12.1020408163265 0.0
12.1061224489796 0.0
12.1102040816327 0.0
12.1142857142857 0.0
12.1183673469388 0.0
12.1224489795918 0.0
12.1265306122449 0.0
12.130612244898 0.0
12.134693877551 0.0
12.1387755102041 0.0
12.1428571428571 0.0
12.1469387755102 0.0
12.1510204081633 0.0
12.1551020408163 0.0
12.1591836734694 0.0
12.1632653061224 0.0
12.1673469387755 0.0
12.1714285714286 0.0
12.1755102040816 0.0
12.1795918367347 0.0
12.1836734693878 0.0
12.1877551020408 0.0
12.1918367346939 0.0
12.1959183673469 0.0
12.2 0.705242
12.2040816326531 0.0
12.2081632653061 0.132442
12.2122448979592 0.130534
12.2163265306122 1.63198
12.2204081632653 14.6167
12.2244897959184 42.3585
12.2285714285714 62.3152
12.2326530612245 58.7928
12.2367346938776 49.0101
12.2408163265306 53.6122
12.2448979591837 51.308
12.2489795918367 44.8399
12.2530612244898 30.031
12.2571428571429 16.5358
12.2612244897959 5.79163
12.265306122449 9.49001
12.269387755102 4.27332
12.2734693877551 3.33041
12.2775510204082 0.640631
12.2816326530612 0.480652
12.2857142857143 0.0
12.2897959183673 0.0
12.2938775510204 0.0
12.2979591836735 0.0
12.3020408163265 0.0
12.3061224489796 0.0
12.3102040816327 0.0
12.3142857142857 0.0
12.3183673469388 0.0
12.3224489795918 0.0
12.3265306122449 0.0
12.330612244898 0.0
12.334693877551 0.0
12.3387755102041 0.0
12.3428571428571 0.0
12.3469387755102 0.0
12.3510204081633 0.0
12.3551020408163 0.0
12.3591836734694 0.0
12.3632653061224 0.0
12.3673469387755 4.31415
12.3714285714286 18.0727
12.3755102040816 25.6681
12.3795918367347 44.7263
12.3836734693878 55.372
12.3877551020408 57.2403
12.3918367346939 46.6083
12.3959183673469 28.4105
12.4 12.7399
12.4040816326531 4.73285
12.4081632653061 0.304997
12.4122448979592 0.0
12.4163265306122 0.0
12.4204081632653 0.0
12.4244897959184 0.0
12.4285714285714 0.0
12.4326530612245 0.0
12.4367346938776 0.0
12.4408163265306 0.0
12.4448979591837 0.0
12.4489795918367 0.0
12.4530612244898 0.0
12.4571428571429 0.0
12.4612244897959 0.0
12.465306122449 0.0
12.469387755102 0.0
12.4734693877551 0.0
12.4775510204082 0.0
12.4816326530612 0.0
12.4857142857143 0.0
12.4897959183673 0.0
12.4938775510204 0.0
12.4979591836735 0.0
12.5020408163265 0.0
12.5061224489796 0.0
12.5102040816327 0.0
12.5142857142857 0.0
12.5183673469388 0.0
12.5224489795918 0.0
12.5265306122449 0.0
12.530612244898 0.0
12.534693877551 0.0
12.5387755102041 0.0
12.5428571428571 0.148058
12.5469387755102 0.0
12.5510204081633 5.6015
12.5551020408163 7.77742
12.5591836734694 5.8496
12.5632653061224 3.48368
12.5673469387755 15.7537
12.5714285714286 11.8098
12.5755102040816 8.10896
12.5795918367347 13.6881
12.5836734693878 18.2413
12.5877551020408 27.5211
12.5918367346939 44.8953
12.5959183673469 62.1061
12.6 84.0332
12.6040816326531 91.4314
12.6081632653061 94.3175
12.6122448979592 109.115
12.6163265306122 124.089
12.6204081632653 120.427
12.6244897959184 124.545
12.6285714285714 111.589
12.6326530612245 106.497
12.6367346938776 92.8259
12.6408163265306 77.09
12.6448979591837 66.9268
12.6489795918367 53.4318
12.6530612244898 43.4578
12.6571428571429 30.874
12.6612244897959 25.1226
12.665306122449 20.9628
12.669387755102 9.08792
12.6734693877551 4.45652
12.6775510204082 0.959396
12.6816326530612 0.0
12.6857142857143 0.0
12.6897959183673 0.0
12.6938775510204 0.0
12.6979591836735 0.0
12.7020408163265 0.0
12.7061224489796 0.0
12.7102040816327 0.0
12.7142857142857 0.0
12.7183673469388 0.947952
12.7224489795918 0.0
12.7265306122449 0.0
12.730612244898 0.0
12.734693877551 0.0
12.7387755102041 0.0
12.7428571428571 0.0
12.7469387755102 0.0
12.7510204081633 0.0
12.7551020408163 0.0
12.7591836734694 0.0
12.7632653061224 0.0
12.7673469387755 0.0
12.7714285714286 0.0
12.7755102040816 0.0
12.7795918367347 0.0
12.7836734693878 0.0
12.7877551020408 0.0
12.7918367346939 0.0
12.7959183673469 0.0
12.8 0.0
12.8040816326531 0.0
12.8081632653061 0.0
12.8122448979592 0.0
12.8163265306122 0.0
12.8204081632653 0.0
12.8244897959184 0.0
12.8285714285714 0.0
12.8326530612245 0.0
12.8367346938776 0.0
12.8408163265306 0.0
12.8448979591837 0.0
12.8489795918367 0.0
12.8530612244898 0.0
12.8571428571429 0.0
12.8612244897959 0.0
12.865306122449 0.0
12.869387755102 0.0
12.8734693877551 0.0
12.8775510204082 0.0
12.8816326530612 0.0
12.8857142857143 0.0
12.8897959183673 0.0
12.8938775510204 0.0
12.8979591836735 0.0
12.9020408163265 0.0
12.9061224489796 0.0
12.9102040816327 0.0
12.9142857142857 0.0
12.9183673469388 0.0
12.9224489795918 0.0
12.9265306122449 0.0
12.930612244898 0.0
12.934693877551 0.0
12.9387755102041 0.0
12.9428571428571 0.0
12.9469387755102 0.0
12.9510204081633 0.0
12.9551020408163 0.0
12.9591836734694 0.0
12.9632653061224 0.0
12.9673469387755 0.0
12.9714285714286 0.0
12.9755102040816 0.0
12.9795918367347 3.45397
12.9836734693878 3.83496
12.9877551020408 9.63378
12.9918367346939 10.7278
12.9959183673469 17.2511
13.0 14.7405
13.0040816326531 15.7236
13.0081632653061 12.3031
13.0122448979592 24.3946
13.0163265306122 26.5558
13.0204081632653 34.2336
13.0244897959184 35.1727
13.0285714285714 26.1389
13.0326530612245 18.8057
13.0367346938776 29.1106
13.0408163265306 33.8572
13.0448979591837 33.085
13.0489795918367 29.864
13.0530612244898 20.2963
13.0571428571429 14.9336
13.0612244897959 10.6592
13.065306122449 7.46173
13.069387755102 2.87044
13.0734693877551 0.0
13.0775510204082 0.0
13.0816326530612 0.0
13.0857142857143 0.0
13.0897959183673 0.0
13.0938775510204 0.0
13.0979591836735 0.0
13.1020408163265 0.0
13.1061224489796 0.0
13.1102040816327 0.0
13.1142857142857 0.0
13.1183673469388 0.0
13.1224489795918 6.00464
13.1265306122449 1.37949
13.130612244898 0.0
13.134693877551 8.95762
13.1387755102041 6.42449
13.1428571428571 5.05018
13.1469387755102 8.31002
13.1510204081633 17.1477
13.1551020408163 13.9517
13.1591836734694 30.7155
13.1632653061224 42.7559
13.1673469387755 41.9988
13.1714285714286 38.4501
13.1755102040816 35.2236
13.1795918367347 27.6885
13.1836734693878 18.0334
13.1877551020408 7.00259
13.1918367346939 8.48964
13.1959183673469 6.1543
13.2 0.0
13.2040816326531 0.0
13.2081632653061 0.0
13.2122448979592 0.0
13.2163265306122 0.0
13.2204081632653 0.0
13.2244897959184 0.0
13.2285714285714 0.0
13.2326530612245 0.0
13.2367346938776 0.0
13.2408163265306 0.0
13.2448979591837 0.0
13.2489795918367 0.0
13.2530612244898 0.0
13.2571428571429 0.0
13.2612244897959 0.0
13.265306122449 0.0
13.269387755102 0.0
13.2734693877551 0.0
13.2775510204082 0.0
13.2816326530612 0.0
13.2857142857143 0.0
13.2897959183673 0.0
13.2938775510204 0.0
13.2979591836735 0.0
13.3020408163265 0.0
13.3061224489796 0.0
13.3102040816327 0.0
13.3142857142857 0.0
13.3183673469388 0.0
13.3224489795918 0.0
13.3265306122449 0.0
13.330612244898 0.0
13.334693877551 0.0
13.3387755102041 0.0
13.3428571428571 0.0
13.3469387755102 0.0
13.3510204081633 0.0
13.3551020408163 0.0
13.3591836734694 0.0
13.3632653061224 0.0
13.3673469387755 0.0
13.3714285714286 0.0
13.3755102040816 0.0
13.3795918367347 0.0
13.3836734693878 0.0
13.3877551020408 1.90109
13.3918367346939 0.0
13.3959183673469 0.0
13.4 0.0
13.4040816326531 1.25834
13.4081632653061 5.81965
13.4122448979592 51.5434
13.4163265306122 57.7302
13.4204081632653 79.4637
13.4244897959184 107.77
13.4285714285714 93.0358
13.4326530612245 76.0448
13.4367346938776 59.1388
13.4408163265306 32.6221
13.4448979591837 13.8035
13.4489795918367 0.0
13.4530612244898 0.0
13.4571428571429 0.0
13.4612244897959 0.0
13.465306122449 0.0
13.469387755102 0.0
13.4734693877551 0.0
13.4775510204082 0.0
13.4816326530612 0.0
13.4857142857143 0.0
13.4897959183673 0.0
13.4938775510204 0.0
13.4979591836735 0.0
13.5020408163265 0.0
13.5061224489796 0.0
13.5102040816327 0.0
13.5142857142857 0.0
13.5183673469388 0.0
13.5224489795918 0.0
13.5265306122449 0.0
13.530612244898 4.34881
13.534693877551 25.5836
13.5387755102041 48.6565
13.5428571428571 66.5707
13.5469387755102 84.388
13.5510204081633 97.847
13.5551020408163 120.37
13.5591836734694 123.724
13.5632653061224 125.646
13.5673469387755 117.526
13.5714285714286 99.8283
13.5755102040816 80.2104
13.5795918367347 69.7308
13.5836734693878 54.6396
13.5877551020408 37.833
13.5918367346939 19.5783
13.5959183673469 12.8974
13.6 7.85205
13.6040816326531 5.96258
13.6081632653061 5.21308
13.6122448979592 1.12915
13.6163265306122 0.0
13.6204081632653 0.0
13.6244897959184 0.0
13.6285714285714 0.0
13.6326530612245 0.0
13.6367346938776 0.0
13.6408163265306 0.0
13.6448979591837 0.0
13.6489795918367 0.0
13.6530612244898 0.0
13.6571428571429 0.0
13.6612244897959 0.0
13.665306122449 0.0
13.669387755102 0.0
13.6734693877551 0.0
13.6775510204082 0.0
13.6816326530612 0.0
13.6857142857143 0.0
13.6897959183673 0.0
13.6938775510204 0.0
13.6979591836735 0.0
13.7020408163265 0.0
13.7061224489796 0.0
13.7102040816327 0.0
13.7142857142857 0.0
13.7183673469388 0.0
13.7224489795918 0.0
13.7265306122449 2.01368
13.730612244898 0.0
13.734693877551 0.608444
13.7387755102041 0.0
13.7428571428571 0.0
13.7469387755102 0.0
13.7510204081633 0.0
13.7551020408163 0.0
13.7591836734694 0.0
13.7632653061224 0.0
13.7673469387755 0.0
13.7714285714286 0.0
13.7755102040816 0.0
13.7795918367347 0.0
13.7836734693878 0.0
13.7877551020408 0.0
13.7918367346939 0.0
13.7959183673469 0.0
13.8 0.0
13.8040816326531 4.71336
13.8081632653061 11.428
13.8122448979592 29.9216
13.8163265306122 51.9112
13.8204081632653 64.8252
13.8244897959184 83.1796
13.8285714285714 88.9313
13.8326530612245 75.399
13.8367346938776 54.3198
13.8408163265306 37.7657
13.8448979591837 28.1416
13.8489795918367 23.4157
13.8530612244898 21.8962
13.8571428571429 9.74602
13.8612244897959 5.68908
13.865306122449 2.02537
13.869387755102 0.0
13.8734693877551 0.0
13.8775510204082 0.0
13.8816326530612 0.0
13.8857142857143 0.0
13.8897959183673 0.0
13.8938775510204 0.0
13.8979591836735 0.0
13.9020408163265 0.0
13.9061224489796 0.0
13.9102040816327 0.0
13.9142857142857 0.0
13.9183673469388 0.0
13.9224489795918 0.0
13.9265306122449 0.0
13.930612244898 0.0
13.934693877551 0.0
13.9387755102041 0.0
13.9428571428571 0.0
13.9469387755102 0.0
13.9510204081633 0.0
13.9551020408163 7.58624
13.9591836734694 20.9003
13.9632653061224 40.1546
13.9673469387755 35.6902
13.9714285714286 33.787
13.9755102040816 39.7131
13.9795918367347 47.3483
13.9836734693878 40.1399
13.9877551020408 32.1285
13.9918367346939 23.6245
13.9959183673469 10.459
14.0 2.72369
14.0040816326531 0.0
14.0081632653061 0.0
14.0122448979592 0.0
14.0163265306122 0.0
14.0204081632653 0.0
14.0244897959184 0.0
14.0285714285714 0.0
14.0326530612245 0.0
14.0367346938776 0.0
14.0408163265306 0.0
14.0448979591837 0.0
14.0489795918367 0.0
14.0530612244898 0.0
14.0571428571429 0.0
14.0612244897959 0.0
14.065306122449 0.0
14.069387755102 0.0
14.0734693877551 0.0
14.0775510204082 0.0
14.0816326530612 0.0
14.0857142857143 0.0
14.0897959183673 0.0
14.0938775510204 0.0
14.0979591836735 0.0
14.1020408163265 0.0
14.1061224489796 0.0
14.1102040816327 0.0
14.1142857142857 0.0
14.1183673469388 0.0
14.1224489795918 0.0
14.1265306122449 0.0
14.130612244898 0.449538
14.134693877551 0.172615
14.1387755102041 0.0
14.1428571428571 0.0
14.1469387755102 0.0
14.1510204081633 2.57206
14.1551020408163 1.17075
14.1591836734694 0.0
14.1632653061224 5.427
14.1673469387755 0.0
14.1714285714286 0.0
14.1755102040816 0.0
14.1795918367347 0.0
14.1836734693878 2.76768
14.1877551020408 10.6961
14.1918367346939 16.9972
14.1959183673469 56.6715
14.2 89.2549
14.2040816326531 107.633
14.2081632653061 121.14
14.2122448979592 125.889
14.2163265306122 110.73
14.2204081632653 92.9466
14.2244897959184 74.437
14.2285714285714 65.2782
14.2326530612245 47.5926
14.2367346938776 31.7512
14.2408163265306 35.6523
14.2448979591837 32.0936
14.2489795918367 27.6094
14.2530612244898 20.1263
14.2571428571429 9.57328
14.2612244897959 0.688136
14.265306122449 0.00977516
14.269387755102 0.0
14.2734693877551 0.0
14.2775510204082 0.0
14.2816326530612 0.357151
14.2857142857143 0.0
14.2897959183673 0.0
14.2938775510204 0.0
14.2979591836735 0.0
14.3020408163265 0.0
14.3061224489796 0.0
14.3102040816327 0.0
14.3142857142857 0.0
14.3183673469388 0.0
14.3224489795918 0.0
14.3265306122449 0.0
14.330612244898 0.0
14.334693877551 0.0
14.3387755102041 0.0
14.3428571428571 0.0
14.3469387755102 0.0
14.3510204081633 0.0
14.3551020408163 0.0
14.3591836734694 0.0
14.3632653061224 0.0
14.3673469387755 0.0
14.3714285714286 0.0
14.3755102040816 0.0
14.3795918367347 0.0
14.3836734693878 0.0
14.3877551020408 0.0
14.3918367346939 0.0
14.3959183673469 0.0
14.4 0.0
14.4040816326531 0.0
14.4081632653061 0.0
14.4122448979592 0.0
14.4163265306122 0.0
14.4204081632653 0.0
14.4244897959184 0.0
14.4285714285714 0.0
14.4326530612245 0.0
14.4367346938776 0.0
14.4408163265306 2.00772
14.4448979591837 8.03673
14.4489795918367 4.98368
14.4530612244898 0.0
14.4571428571429 0.0
14.4612244897959 0.0
14.465306122449 0.0
14.469387755102 0.0
14.4734693877551 0.0
14.4775510204082 0.0
14.4816326530612 0.0
14.4857142857143 0.0
14.4897959183673 0.0
14.4938775510204 0.0
14.4979591836735 0.0
14.5020408163265 0.0
14.5061224489796 0.0
14.5102040816327 0.0
14.5142857142857 0.0
14.5183673469388 0.0
14.5224489795918 0.0
14.5265306122449 0.0
14.530612244898 0.0
14.534693877551 0.0
14.5387755102041 0.0
14.5428571428571 0.0
14.5469387755102 0.0
14.5510204081633 0.0
14.5551020408163 0.0
14.5591836734694 0.0
14.5632653061224 0.0
14.5673469387755 0.0
14.5714285714286 0.0
14.5755102040816 0.0
14.5795918367347 0.0
14.5836734693878 0.0
14.5877551020408 3.77274
14.5918367346939 29.9005
14.5959183673469 56.6791
14.6 82.3303
14.6040816326531 87.3617
14.6081632653061 86.5663
14.6122448979592 71.4509
14.6163265306122 53.7519
14.6204081632653 45.9124
14.6244897959184 31.0794
14.6285714285714 13.2138
14.6326530612245 7.92503
14.6367346938776 7.0565
14.6408163265306 2.35057
14.6448979591837 0.0
14.6489795918367 0.0
14.6530612244898 4.75758
14.6571428571429 6.07288
14.6612244897959 0.0
14.665306122449 0.0
14.669387755102 0.0
14.6734693877551 0.0
14.6775510204082 0.0
14.6816326530612 0.0
14.6857142857143 0.0
14.6897959183673 0.0
14.6938775510204 0.0
14.6979591836735 0.0
14.7020408163265 0.0
14.7061224489796 0.0
14.7102040816327 0.0
14.7142857142857 0.0
14.7183673469388 4.46897
14.7224489795918 7.97807
14.7265306122449 4.87157
14.730612244898 8.46098
14.734693877551 25.7443
14.7387755102041 14.4243
14.7428571428571 38.4347
14.7469387755102 51.3381
14.7510204081633 55.2162
14.7551020408163 61.7314
14.7591836734694 41.2243
14.7632653061224 39.2523
14.7673469387755 19.0667
14.7714285714286 13.2098
14.7755102040816 13.8367
14.7795918367347 0.0
14.7836734693878 2.77233
14.7877551020408 0.0
14.7918367346939 0.0
14.7959183673469 0.0
14.8 0.0
14.8040816326531 0.0
14.8081632653061 0.0
14.8122448979592 0.0
14.8163265306122 0.0
14.8204081632653 0.0
14.8244897959184 0.0
14.8285714285714 0.0
14.8326530612245 0.0
14.8367346938776 0.0
14.8408163265306 0.0
14.8448979591837 0.0
14.8489795918367 0.0
14.8530612244898 4.52948
14.8571428571429 6.13186
14.8612244897959 17.2187
14.865306122449 7.11215
14.869387755102 7.70837
14.8734693877551 3.26031
14.8775510204082 0.0
14.8816326530612 0.0
14.8857142857143 0.0
14.8897959183673 0.0
14.8938775510204 0.0
14.8979591836735 0.0
14.9020408163265 0.0
14.9061224489796 0.0
14.9102040816327 0.0
14.9142857142857 0.0
14.9183673469388 0.0
14.9224489795918 0.0
14.9265306122449 0.0
14.930612244898 0.0
14.934693877551 0.0
14.9387755102041 3.23692
14.9428571428571 4.39417
14.9469387755102 0.358969
14.9510204081633 0.0
14.9551020408163 0.0
14.9591836734694 0.0
14.9632653061224 0.0
14.9673469387755 0.0
14.9714285714286 0.0
14.9755102040816 0.0
