1.17959183673469 1
1.44081632653061 1
1.58775510204082 1
1.83265306122449 1
1.97142857142857 1
2.22040816326531 1
2.37551020408163 1
2.76326530612245 1
3.00816326530612 1
3.77551020408163 1
3.9265306122449 1
4.31836734693878 1
5.1469387755102 1
5.55102040816327 1
7.02040816326531 1
7.15510204081633 1
7.43265306122449 1
7.79591836734694 1
8.6 1
8.7469387755102 1
9.38367346938776 1
10.3142857142857 1
10.7142857142857 1
11.5387755102041 1
11.9387755102041 1
12.6244897959184 1
13.4244897959184 1
13.5632653061224 1
13.8285714285714 1
14.2122448979592 1
14.6040816326531 1
