0.00408163265306122 0.0
0.00816326530612245 4.0853
0.0122448979591837 3.06928
0.0163265306122449 2.62856
0.0204081632653061 1.76632
0.0244897959183673 0.0
0.0285714285714286 0.0
0.0326530612244898 0.0
0.036734693877551 0.0
0.0408163265306122 0.0
0.0448979591836735 0.0
0.0489795918367347 0.0
0.0530612244897959 0.0
0.0571428571428571 0.0
0.0612244897959184 0.0
0.0653061224489796 0.0
0.0693877551020408 0.0
0.073469387755102 0.185728
0.0775510204081633 1.96004
0.0816326530612245 0.0
0.0857142857142857 0.0
0.0897959183673469 0.0
0.0938775510204082 2.13677
0.0979591836734694 11.8168
0.102040816326531 22.9608
0.106122448979592 39.7564
0.110204081632653 44.782
0.114285714285714 50.9126
0.118367346938776 59.2745
0.122448979591837 60.5373
0.126530612244898 55.4301
0.130612244897959 38.2254
0.13469387755102 19.7413
0.138775510204082 3.03698
0.142857142857143 0.0
0.146938775510204 0.0
0.151020408163265 0.0
0.155102040816327 0.0
0.159183673469388 0.0
0.163265306122449 0.0
0.16734693877551 0.0
0.171428571428571 0.0
0.175510204081633 0.0
0.179591836734694 0.0
0.183673469387755 0.0
0.187755102040816 0.0
0.191836734693878 1.96576
0.195918367346939 0.332594
0.2 0.0
0.204081632653061 0.0
0.208163265306122 0.0
0.212244897959184 0.0
0.216326530612245 0.0
0.220408163265306 0.0
0.224489795918367 0.0
0.228571428571429 0.0
0.23265306122449 0.0
0.236734693877551 0.0
0.240816326530612 0.0
0.244897959183673 0.0
0.248979591836735 0.0
0.253061224489796 0.0
0.257142857142857 0.0
0.261224489795918 0.0
0.26530612244898 0.0
0.269387755102041 0.0
0.273469387755102 0.0
0.277551020408163 0.0
0.281632653061224 0.0
0.285714285714286 0.0
0.289795918367347 0.0
0.293877551020408 0.0
0.297959183673469 0.0
0.302040816326531 0.0
0.306122448979592 0.0
0.310204081632653 0.0
0.314285714285714 0.0
0.318367346938775 2.51108
0.322448979591837 3.15833
0.326530612244898 12.5513
0.330612244897959 10.5631
0.33469387755102 15.352
0.338775510204082 5.12481
0.342857142857143 8.82769
0.346938775510204 13.4878
0.351020408163265 12.8381
0.355102040816327 5.02658
0.359183673469388 1.70159
0.363265306122449 2.25624
0.36734693877551 0.0
0.371428571428571 0.0
0.375510204081633 0.0
0.379591836734694 0.0
0.383673469387755 0.0
0.387755102040816 0.0
0.391836734693878 0.0
0.395918367346939 0.0
0.4 0.0
0.404081632653061 0.0
0.408163265306122 0.0
0.412244897959184 0.0
0.416326530612245 0.0
0.420408163265306 0.0
0.424489795918367 1.71971
0.428571428571429 2.87044
0.43265306122449 2.80488
0.436734693877551 3.79467
0.440816326530612 0.0
0.444897959183673 0.0
0.448979591836735 1.45745
0.453061224489796 0.0
0.457142857142857 0.304461
0.461224489795918 0.937223
0.46530612244898 0.678688
0.469387755102041 3.10233
0.473469387755102 4.84818
0.477551020408163 0.0
0.481632653061224 4.08703
0.485714285714286 4.80324
0.489795918367347 0.561595
0.493877551020408 0.655651
0.497959183673469 0.0
0.502040816326531 0.0
0.506122448979592 0.0
0.510204081632653 0.0
0.514285714285714 0.892967
0.518367346938776 0.0
0.522448979591837 5.67222
0.526530612244898 3.16548
0.530612244897959 6.10507
0.53469387755102 18.0334
0.538775510204082 21.3655
0.542857142857143 33.2508
0.546938775510204 31.725
0.551020408163265 26.955
0.555102040816327 18.5979
0.559183673469388 9.87083
0.563265306122449 3.25245
0.56734693877551 0.0
0.571428571428571 0.0
0.575510204081633 0.0
0.579591836734694 0.0
0.583673469387755 0.0
0.587755102040816 0.0
0.591836734693878 0.0
0.595918367346939 0.0
0.6 0.0
0.604081632653061 0.0
0.608163265306122 0.0
0.612244897959184 0.0
0.616326530612245 0.0
0.620408163265306 0.586808
0.624489795918367 1.71649
0.628571428571429 6.04782
0.63265306122449 8.19007
0.636734693877551 7.67976
0.640816326530612 9.70683
0.644897959183673 10.8558
0.648979591836735 10.3152
0.653061224489796 5.89895
0.657142857142857 4.48433
0.661224489795918 3.29009
0.66530612244898 2.61807
0.669387755102041 0.8201
0.673469387755102 0.0
0.677551020408163 0.0
0.681632653061224 0.0
0.685714285714286 0.0
0.689795918367347 0.415921
0.693877551020408 0.996113
0.697959183673469 3.91668
0.702040816326531 5.22172
0.706122448979592 4.3481
0.710204081632653 1.08504
0.714285714285714 0.0
0.718367346938775 0.0
0.722448979591837 0.0
0.726530612244898 0.0
0.730612244897959 0.0
0.73469387755102 0.0
0.738775510204082 0.0
0.742857142857143 0.0
0.746938775510204 0.0
0.751020408163265 0.0
0.755102040816326 1.79905
0.759183673469388 5.58239
0.763265306122449 7.98088
0.76734693877551 14.6858
0.771428571428571 20.1012
0.775510204081633 25.7433
0.779591836734694 27.7884
0.783673469387755 28.981
0.787755102040816 22.463
0.791836734693877 11.4927
0.795918367346939 7.32446
0.8 0.0
0.804081632653061 0.0
0.808163265306122 0.0
0.812244897959184 0.0
0.816326530612245 0.0
0.820408163265306 0.0
0.824489795918367 0.0
0.828571428571429 0.0
0.83265306122449 0.0
0.836734693877551 0.0
0.840816326530612 0.0
0.844897959183673 0.0
0.848979591836735 0.0
0.853061224489796 0.0
0.857142857142857 0.0
0.861224489795918 0.0
0.86530612244898 0.0
0.869387755102041 0.0
0.873469387755102 0.0
0.877551020408163 0.0
0.881632653061225 0.249416
0.885714285714286 2.09641
0.889795918367347 6.44481
0.893877551020408 8.77082
0.897959183673469 5.81586
0.902040816326531 2.08259
0.906122448979592 0.951409
0.910204081632653 0.0
0.914285714285714 0.0
0.918367346938776 0.0
0.922448979591837 0.0
0.926530612244898 0.0
0.930612244897959 0.0
0.93469387755102 1.19042
0.938775510204082 0.694394
0.942857142857143 1.30868
0.946938775510204 2.4277
0.951020408163265 1.77884
0.955102040816327 1.82211
0.959183673469388 0.445962
0.963265306122449 0.0
0.96734693877551 9.37033
0.971428571428571 10.4364
0.975510204081633 13.2572
0.979591836734694 20.9298
0.983673469387755 47.168
0.987755102040816 62.2368
0.991836734693878 83.4502
0.995918367346939 94.5135
1.0 92.618
1.00408163265306 81.7608
1.00816326530612 64.9345
1.01224489795918 43.1839
1.01632653061224 27.1983
1.02040816326531 8.25095
1.02448979591837 0.0
1.02857142857143 0.0
1.03265306122449 0.0
1.03673469387755 0.0
1.04081632653061 0.0
1.04489795918367 0.0
1.04897959183673 0.0
1.0530612244898 0.0
1.05714285714286 0.0
1.06122448979592 0.0
1.06530612244898 0.0
1.06938775510204 0.0
1.0734693877551 0.0
1.07755102040816 0.0
1.08163265306122 0.0
1.08571428571429 0.0
1.08979591836735 0.0
1.09387755102041 0.0
1.09795918367347 0.0
1.10204081632653 0.0
1.10612244897959 0.0
1.11020408163265 0.0
1.11428571428571 0.0
1.11836734693878 0.0
1.12244897959184 0.0
1.1265306122449 0.0
1.13061224489796 0.0
1.13469387755102 0.0
1.13877551020408 0.0
1.14285714285714 0.0
1.1469387755102 0.0
1.15102040816327 0.0
1.15510204081633 0.0
1.15918367346939 0.0
1.16326530612245 0.0
1.16734693877551 0.0
1.17142857142857 0.0
1.17551020408163 0.0
1.17959183673469 0.0
1.18367346938776 0.0
1.18775510204082 0.0
1.19183673469388 0.0
1.19591836734694 0.0
1.2 0.0
1.20408163265306 0.26679
1.20816326530612 3.6298
1.21224489795918 7.25192
1.21632653061224 9.62812
1.22040816326531 9.11391
1.22448979591837 8.65763
1.22857142857143 5.03504
1.23265306122449 8.30674
1.23673469387755 10.6165
1.24081632653061 3.2413
1.24489795918367 0.213981
1.24897959183673 1.26627
1.2530612244898 3.88566
1.25714285714286 2.5194
1.26122448979592 0.0
1.26530612244898 1.09452
1.26938775510204 0.0
1.2734693877551 0.0
1.27755102040816 0.0
1.28163265306122 0.0
1.28571428571429 0.0
1.28979591836735 0.0
1.29387755102041 0.0
1.29795918367347 4.99246
1.30204081632653 5.20194
1.30612244897959 0.0
1.31020408163265 0.0
1.31428571428571 0.0
1.31836734693878 0.0
1.32244897959184 0.0
1.3265306122449 0.0
1.33061224489796 0.0
1.33469387755102 0.0
1.33877551020408 0.0
1.34285714285714 0.0
1.3469387755102 0.0
1.35102040816327 0.0
1.35510204081633 0.0
1.35918367346939 0.0
1.36326530612245 0.0
1.36734693877551 0.0
1.37142857142857 0.0
1.37551020408163 0.0
1.37959183673469 0.0
1.38367346938776 0.0
1.38775510204082 0.0
1.39183673469388 0.0
1.39591836734694 2.14767
1.4 6.59025
1.40408163265306 11.7887
1.40816326530612 7.0006
1.41224489795918 11.4052
1.41632653061225 21.93
1.42040816326531 24.2484
1.42448979591837 30.4565
1.42857142857143 32.3389
1.43265306122449 29.5088
1.43673469387755 20.915
1.44081632653061 13.4934
1.44489795918367 9.04942
1.44897959183673 0.0
1.4530612244898 0.0
1.45714285714286 0.0
1.46122448979592 0.0
1.46530612244898 0.0
1.46938775510204 0.0
1.4734693877551 0.0
1.47755102040816 0.0
1.48163265306122 0.0
1.48571428571429 5.03838
1.48979591836735 2.60824
1.49387755102041 9.84627
1.49795918367347 10.2379
1.50204081632653 8.83526
1.50612244897959 8.33923
1.51020408163265 13.5708
1.51428571428571 12.8615
1.51836734693878 5.19037
1.52244897959184 1.89292
1.5265306122449 0.501156
1.53061224489796 0.0
1.53469387755102 0.0
1.53877551020408 0.0
1.54285714285714 0.0
1.5469387755102 0.0
1.55102040816327 0.0
1.55510204081633 0.0
1.55918367346939 0.0
1.56326530612245 0.0
1.56734693877551 2.7616
1.57142857142857 5.88351
1.57551020408163 1.05435
1.57959183673469 1.60861
1.58367346938775 3.7688
1.58775510204082 3.57127
1.59183673469388 3.23749
1.59591836734694 4.20451
1.6 3.6875
1.60408163265306 3.11553
1.60816326530612 0.487804
1.61224489795918 1.40822
1.61632653061224 0.0
1.62040816326531 0.0
1.62448979591837 0.0
1.62857142857143 0.0
1.63265306122449 0.0
1.63673469387755 0.0
1.64081632653061 6.60956
1.64489795918367 6.53076
1.64897959183673 13.3179
1.6530612244898 12.6585
1.65714285714286 10.6859
1.66122448979592 4.42266
1.66530612244898 0.143528
1.66938775510204 0.0
1.6734693877551 0.0
1.67755102040816 0.0
1.68163265306122 0.0
1.68571428571429 0.0
1.68979591836735 1.522
1.69387755102041 1.6886
1.69795918367347 1.51289
1.70204081632653 0.0
1.70612244897959 0.0
1.71020408163265 0.0
1.71428571428571 0.41461
1.71836734693878 0.0
1.72244897959184 1.19925
1.7265306122449 5.63371
1.73061224489796 10.7976
1.73469387755102 6.87778
1.73877551020408 10.8392
1.74285714285714 10.0147
1.7469387755102 7.20954
1.75102040816327 4.71526
1.75510204081633 4.42874
1.75918367346939 0.0
1.76326530612245 0.0
1.76734693877551 0.0
1.77142857142857 0.0
1.77551020408163 0.0
1.77959183673469 0.0
1.78367346938776 0.381351
1.78775510204082 1.53288
1.79183673469388 1.77777
1.79591836734694 0.0
1.8 1.05196
1.80408163265306 1.3442
1.80816326530612 1.37073
1.81224489795918 0.0
1.81632653061224 0.84585
1.82040816326531 0.402749
1.82448979591837 0.729918
1.82857142857143 1.30987
1.83265306122449 4.32795
1.83673469387755 1.63436
1.84081632653061 0.0
1.84489795918367 1.10173
1.84897959183673 3.05915
1.8530612244898 11.6185
1.85714285714286 27.1696
1.86122448979592 55.4901
1.86530612244898 82.5201
1.86938775510204 95.6521
1.8734693877551 100.369
1.87755102040816 82.4324
1.88163265306122 71.7719
1.88571428571429 57.1899
1.88979591836735 39.0199
1.89387755102041 15.252
1.89795918367347 4.89187
1.90204081632653 0.0
1.90612244897959 0.0
1.91020408163265 0.0
1.91428571428571 0.0
1.91836734693878 0.0
1.92244897959184 0.0
1.9265306122449 0.0
1.93061224489796 0.0
1.93469387755102 0.0
1.93877551020408 0.0
1.94285714285714 0.0
1.9469387755102 0.0
1.95102040816327 0.0
1.95510204081633 0.0
1.95918367346939 0.0
1.96326530612245 0.0
1.96734693877551 0.0
1.97142857142857 0.0
1.97551020408163 0.0
1.97959183673469 1.8177
1.98367346938776 3.58796
1.98775510204082 3.3527
1.99183673469388 0.1899
1.99591836734694 0.0
2.0 0.0
2.00408163265306 0.0
2.00816326530612 0.0
2.01224489795918 0.0
2.01632653061225 0.0
2.02040816326531 0.0
2.02448979591837 0.0
2.02857142857143 0.0
2.03265306122449 0.0
2.03673469387755 1.87683
2.04081632653061 2.24447
2.04489795918367 2.17509
2.04897959183673 7.19607
2.0530612244898 5.7689
2.05714285714286 3.00252
2.06122448979592 0.0
2.06530612244898 0.0
2.06938775510204 0.0
2.0734693877551 0.468016
2.07755102040816 8.01504
2.08163265306122 8.92735
2.08571428571429 16.8151
2.08979591836735 21.9067
2.09387755102041 18.8413
2.09795918367347 16.1712
2.10204081632653 8.08799
2.10612244897959 1.683
2.11020408163265 0.0
2.11428571428571 0.0
2.11836734693878 0.0
2.12244897959184 0.0
2.1265306122449 0.0
2.13061224489796 0.0
2.13469387755102 0.0
2.13877551020408 3.10904
2.14285714285714 12.9985
2.1469387755102 13.4667
2.15102040816327 16.0484
2.15510204081633 16.7692
2.15918367346939 16.2699
2.16326530612245 14.0992
2.16734693877551 11.2589
2.17142857142857 7.80582
2.17551020408163 5.59539
2.17959183673469 7.43794
2.18367346938776 10.4649
2.18775510204082 11.1006
2.19183673469388 11.6552
2.19591836734694 11.5323
2.2 5.36418
2.20408163265306 3.71701
2.20816326530612 1.41394
2.21224489795918 0.0
2.21632653061224 0.0
2.22040816326531 0.0
2.22448979591837 0.0
2.22857142857143 0.0
2.23265306122449 0.0208616
2.23673469387755 0.0
2.24081632653061 1.57976
2.24489795918367 2.03216
2.24897959183673 2.82407
2.2530612244898 2.65574
2.25714285714286 3.71689
2.26122448979592 2.29692
2.26530612244898 2.89702
2.26938775510204 1.79058
2.2734693877551 0.985622
2.27755102040816 0.621438
2.28163265306122 1.59979
2.28571428571429 0.0
2.28979591836735 0.905991
2.29387755102041 4.31991
2.29795918367347 6.37031
2.30204081632653 12.6862
2.30612244897959 21.1788
2.31020408163265 17.9
2.31428571428571 28.102
2.31836734693878 27.5489
2.32244897959184 22.0275
2.3265306122449 10.537
2.33061224489796 0.0
2.33469387755102 0.0
2.33877551020408 0.0
2.34285714285714 0.0
2.3469387755102 0.0
2.35102040816327 0.0
2.35510204081633 0.0
2.35918367346939 0.0
2.36326530612245 0.0
2.36734693877551 1.19901
2.37142857142857 4.24117
2.37551020408163 11.8428
2.37959183673469 12.2264
2.38367346938776 17.808
2.38775510204082 18.6906
2.39183673469388 15.7386
2.39591836734694 18.5652
2.4 18.9655
2.40408163265306 14.428
2.40816326530612 13.5815
2.41224489795918 12.5208
2.41632653061225 11.8358
2.42040816326531 13.0354
2.42448979591837 9.6637
2.42857142857143 8.68154
2.43265306122449 8.0626
2.43673469387755 4.30226
2.44081632653061 2.67756
2.44489795918367 2.36869
2.44897959183673 6.49297
2.4530612244898 1.72693
2.45714285714286 5.51265
2.46122448979592 6.24108
2.46530612244898 10.8806
2.46938775510204 8.56251
2.4734693877551 14.6958
2.47755102040816 13.0916
2.48163265306122 14.1376
2.48571428571429 7.29418
2.48979591836735 5.67704
2.49387755102041 0.778079
2.49795918367347 0.0
2.50204081632653 0.0
2.50612244897959 0.0
2.51020408163265 0.0
2.51428571428571 0.0
2.51836734693878 0.0
2.52244897959184 0.0
2.5265306122449 3.06398
2.53061224489796 14.5686
2.53469387755102 33.8483
2.53877551020408 35.0059
2.54285714285714 35.3812
2.5469387755102 34.2127
2.55102040816327 33.2659
2.55510204081633 30.4933
2.55918367346939 25.3351
2.56326530612245 16.9858
2.56734693877551 10.0502
2.57142857142857 3.97611
2.57551020408163 1.42145
2.57959183673469 0.105739
2.58367346938775 0.0
2.58775510204082 4.0251
2.59183673469388 5.512
2.59591836734694 4.0853
2.6 1.91307
2.60408163265306 0.0
2.60816326530612 0.0
2.61224489795918 0.0
2.61632653061224 0.0
2.62040816326531 2.20656
2.62448979591837 1.59359
2.62857142857143 0.0
2.63265306122449 11.4232
2.63673469387755 13.0453
2.64081632653061 6.33752
2.64489795918367 3.65698
2.64897959183673 2.09486
2.6530612244898 1.95837
2.65714285714286 2.42066
2.66122448979592 0.0
2.66530612244898 0.0
2.66938775510204 0.0
2.6734693877551 0.0
2.67755102040816 0.0
2.68163265306122 0.0
2.68571428571429 0.0
2.68979591836735 0.0
2.69387755102041 0.0
2.69795918367347 0.0
2.70204081632653 0.0
2.70612244897959 1.02329
2.71020408163265 0.0
2.71428571428571 0.0
2.71836734693878 0.115395
2.72244897959184 0.106215
2.7265306122449 2.34544
2.73061224489796 5.12242
2.73469387755102 9.97722
2.73877551020408 9.47696
2.74285714285714 14.0117
2.7469387755102 22.2252
2.75102040816327 30.6295
2.75510204081633 32.0369
2.75918367346939 28.5993
2.76326530612245 22.5239
2.76734693877551 18.4491
2.77142857142857 19.7766
2.77551020408163 16.2245
2.77959183673469 8.3766
2.78367346938776 0.70703
2.78775510204082 0.0
2.79183673469388 0.0
2.79591836734694 0.0
2.8 0.0
2.80408163265306 0.0
2.80816326530612 0.0
2.81224489795918 0.0
2.81632653061224 0.0
2.82040816326531 0.0
2.82448979591837 0.0
2.82857142857143 0.0
2.83265306122449 0.0
2.83673469387755 0.0
2.84081632653061 0.0
2.84489795918367 0.0
2.84897959183673 0.0
2.8530612244898 0.0
2.85714285714286 0.0
2.86122448979592 1.04046
2.86530612244898 0.832081
2.86938775510204 0.0
2.8734693877551 0.0
2.87755102040816 0.0
2.88163265306122 0.0
2.88571428571429 0.835657
2.88979591836735 0.0
2.89387755102041 0.0
2.89795918367347 0.0
2.90204081632653 0.0
2.90612244897959 0.128508
2.91020408163265 0.0
2.91428571428571 0.0
2.91836734693878 0.222564
2.92244897959184 3.3251
2.9265306122449 3.4377
2.93061224489796 7.32112
2.93469387755102 10.3214
2.93877551020408 5.00405
2.94285714285714 4.76408
2.9469387755102 3.37076
2.95102040816327 0.0
2.95510204081633 2.94411
2.95918367346939 3.64935
2.96326530612245 6.13862
2.96734693877551 8.33189
2.97142857142857 11.7817
2.97551020408163 15.2361
2.97959183673469 17.4105
2.98367346938775 18.741
2.98775510204082 26.9219
2.99183673469388 20.5245
2.99591836734694 11.1725
3.0 0.0
3.00408163265306 0.0
3.00816326530612 0.0
3.01224489795918 0.0
3.01632653061225 0.0
3.02040816326531 0.0
3.02448979591837 0.0
3.02857142857143 0.0
3.03265306122449 0.0
3.03673469387755 0.0
3.04081632653061 0.0
3.04489795918367 0.511765
3.04897959183673 0.0
3.0530612244898 1.54114
3.05714285714286 0.0
3.06122448979592 0.0
3.06530612244898 0.0
3.06938775510204 0.0
3.0734693877551 0.0
3.07755102040816 0.0
3.08163265306122 4.48161
3.08571428571429 14.3952
3.08979591836735 21.4994
3.09387755102041 23.8741
3.09795918367347 22.7155
3.10204081632653 7.61855
3.10612244897959 6.60837
3.11020408163265 5.06324
3.11428571428571 3.40736
3.11836734693878 3.56495
3.12244897959184 1.26219
3.1265306122449 0.0
3.13061224489796 0.0
3.13469387755102 0.0
3.13877551020408 0.0
3.14285714285714 0.0
3.1469387755102 0.0
3.15102040816327 0.0
3.15510204081633 0.0
3.15918367346939 0.0
3.16326530612245 0.0
3.16734693877551 0.0
3.17142857142857 0.0
3.17551020408163 0.0
3.17959183673469 3.01468
3.18367346938776 17.7778
3.18775510204082 42.5138
3.19183673469388 47.3263
3.19591836734694 54.0493
3.2 54.3159
3.20408163265306 49.4585
3.20816326530612 40.8242
3.21224489795918 25.4356
3.21632653061224 17.2824
3.22040816326531 11.5267
3.22448979591837 1.72424
3.22857142857143 3.11685
3.23265306122449 6.24096
3.23673469387755 6.36315
3.24081632653061 7.09486
3.24489795918367 10.7523
3.24897959183673 15.8225
3.2530612244898 22.6188
3.25714285714286 26.2488
3.26122448979592 27.986
3.26530612244898 21.119
3.26938775510204 13.7243
3.2734693877551 4.87238
3.27755102040816 1.69218
3.28163265306122 0.0
3.28571428571429 0.0
3.28979591836735 0.0
3.29387755102041 0.0
3.29795918367347 0.0
3.30204081632653 0.0
3.30612244897959 0.0
3.31020408163265 0.0
3.31428571428571 0.0
3.31836734693878 0.0
3.32244897959184 0.0
3.3265306122449 0.0
3.33061224489796 0.0
3.33469387755102 0.0
3.33877551020408 0.0
3.34285714285714 0.0
3.3469387755102 0.0
3.35102040816327 0.0
3.35510204081633 0.0
3.35918367346939 2.33287
3.36326530612245 11.1284
3.36734693877551 13.0095
3.37142857142857 14.306
3.37551020408163 14.3726
3.37959183673469 12.5178
3.38367346938776 11.7743
3.38775510204082 11.3029
3.39183673469388 9.22287
3.39591836734694 9.17423
3.4 4.94015
3.40408163265306 7.22623
3.40816326530612 11.6974
3.41224489795918 6.52361
3.41632653061225 6.47056
3.42040816326531 5.36966
3.42448979591837 11.6892
3.42857142857143 3.51691
3.43265306122449 4.4831
3.43673469387755 0.0
3.44081632653061 0.573754
3.44489795918367 0.0
3.44897959183673 3.69501
3.4530612244898 3.73507
3.45714285714286 0.745535
3.46122448979592 1.83666
3.46530612244898 0.0
3.46938775510204 2.72906
3.4734693877551 0.886083
3.47755102040816 0.0
3.48163265306122 1.08218
3.48571428571429 1.25384
3.48979591836735 0.970602
3.49387755102041 2.13265
3.49795918367347 2.0051
3.50204081632653 3.0669
3.50612244897959 0.0
3.51020408163265 0.0
3.51428571428571 0.0
3.51836734693878 3.31175
3.52244897959184 1.03891
3.5265306122449 0.965238
3.53061224489796 0.0
3.53469387755102 0.0565052
3.53877551020408 0.0
3.54285714285714 0.0
3.5469387755102 0.0
3.55102040816327 0.0
3.55510204081633 0.0
3.55918367346939 0.0
3.56326530612245 0.341058
3.56734693877551 1.68854
3.57142857142857 3.13056
3.57551020408163 6.44207
3.57959183673469 3.69525
3.58367346938775 1.82009
3.58775510204082 0.976682
3.59183673469388 2.81572
3.59591836734694 3.01111
3.6 3.10254
3.60408163265306 3.74377
3.60816326530612 4.84776
3.61224489795918 4.19939
3.61632653061224 1.81282
3.62040816326531 4.75812
3.62448979591837 9.74673
3.62857142857143 19.2434
3.63265306122449 26.5688
3.63673469387755 49.1329
3.64081632653061 52.0385
3.64489795918367 49.8178
3.64897959183673 37.026
3.6530612244898 25.1566
3.65714285714286 11.6291
3.66122448979592 1.34611
3.66530612244898 0.0
3.66938775510204 0.0
3.6734693877551 0.0
3.67755102040816 0.0
3.68163265306122 0.0
3.68571428571429 0.0
3.68979591836735 0.0
3.69387755102041 0.0
3.69795918367347 0.0
3.70204081632653 0.0
3.70612244897959 0.0
3.71020408163265 0.0
3.71428571428571 0.0
3.71836734693878 0.0
3.72244897959184 0.0
3.7265306122449 0.0
3.73061224489796 0.0
3.73469387755102 0.434637
3.73877551020408 0.0
3.74285714285714 1.83642
3.7469387755102 7.11399
3.75102040816327 0.0
3.75510204081633 0.627279
3.75918367346939 6.88827
3.76326530612245 12.6539
3.76734693877551 14.0591
3.77142857142857 13.9592
3.77551020408163 13.3575
3.77959183673469 12.1415
3.78367346938776 7.8944
3.78775510204082 4.91226
3.79183673469388 2.79152
3.79591836734694 0.0
3.8 0.0
3.80408163265306 0.0
3.80816326530612 0.0
3.81224489795918 0.0
3.81632653061224 0.0
3.82040816326531 0.0
3.82448979591837 0.0
3.82857142857143 0.0
3.83265306122449 0.0
3.83673469387755 0.0
3.84081632653061 0.0
3.84489795918367 3.22711
3.84897959183673 18.4124
3.8530612244898 22.6355
3.85714285714286 24.1128
3.86122448979592 18.563
3.86530612244898 12.9684
3.86938775510204 7.55548
3.8734693877551 2.77174
3.87755102040816 3.59964
3.88163265306122 0.0
3.88571428571429 1.30284
3.88979591836735 0.0
3.89387755102041 0.0
3.89795918367347 0.0
3.90204081632653 0.0
3.90612244897959 0.0
3.91020408163265 0.0
3.91428571428571 0.0
3.91836734693878 0.0
3.92244897959184 0.0
3.9265306122449 0.0
3.93061224489796 0.0
3.93469387755102 0.0
3.93877551020408 2.01476
3.94285714285714 2.14231
3.9469387755102 0.895739
3.95102040816327 0.0
3.95510204081633 0.855803
3.95918367346939 1.83105
3.96326530612245 0.0
3.96734693877551 2.3669
3.97142857142857 0.0761747
3.97551020408163 0.0
3.97959183673469 0.0
3.98367346938775 0.0
3.98775510204082 0.0
3.99183673469388 0.166893
3.99591836734694 3.91829
4.0 1.19066
4.00408163265306 2.19119
4.00816326530612 2.18332
4.01224489795918 9.32837
4.01632653061225 7.47967
4.02040816326531 5.61231
4.02448979591837 2.54893
4.02857142857143 0.556111
4.03265306122449 0.0
4.03673469387755 0.0
4.04081632653061 0.0
4.04489795918367 0.0
4.04897959183673 0.0
4.0530612244898 0.0
4.05714285714286 1.18828
4.06122448979592 1.27149
4.06530612244898 0.0
4.06938775510204 0.0
4.0734693877551 1.7283
4.07755102040816 3.55756
4.08163265306122 10.2555
4.08571428571429 17.5011
4.08979591836735 32.967
4.09387755102041 27.6393
4.09795918367347 17.6038
4.10204081632653 8.88002
4.10612244897959 3.15225
4.11020408163265 6.4311
4.11428571428571 5.59402
4.11836734693878 2.92027
4.12244897959184 1.72532
4.1265306122449 0.621557
4.13061224489796 0.0
4.13469387755102 0.0
4.13877551020408 1.02663
4.14285714285714 0.0
4.1469387755102 0.0
4.15102040816326 0.0
4.15510204081633 1.47808
4.15918367346939 0.503898
4.16326530612245 0.868678
4.16734693877551 0.0
4.17142857142857 2.87032
4.17551020408163 0.622749
4.17959183673469 0.0185966
4.18367346938776 0.0
4.18775510204082 0.0
4.19183673469388 1.21403
4.19591836734694 1.52588
4.2 0.498056
4.20408163265306 0.0
4.20816326530612 0.0
4.21224489795918 0.0
4.21632653061225 0.0
4.22040816326531 0.0
4.22448979591837 0.0
4.22857142857143 0.0
4.23265306122449 0.0
4.23673469387755 0.0
4.24081632653061 2.60472
4.24489795918367 3.97134
4.24897959183673 5.14627
4.2530612244898 4.03655
4.25714285714286 0.0623465
4.26122448979592 0.0
4.26530612244898 0.0
4.26938775510204 0.0
4.2734693877551 0.0
4.27755102040816 0.0
4.28163265306122 0.0
4.28571428571429 0.0
4.28979591836735 0.0
4.29387755102041 3.25191
4.29795918367347 7.95758
4.30204081632653 13.3744
4.30612244897959 14.6466
4.31020408163265 4.93312
4.31428571428571 1.28591
4.31836734693878 2.95061
4.32244897959184 0.0710487
4.3265306122449 0.0
4.33061224489796 0.0
4.33469387755102 0.0
4.33877551020408 0.0
4.34285714285714 0.0
4.3469387755102 0.0
4.35102040816327 0.0
4.35510204081633 0.0
4.35918367346939 0.0
4.36326530612245 2.12806
4.36734693877551 4.3968
4.37142857142857 4.82219
4.37551020408163 1.84047
4.37959183673469 0.0
4.38367346938776 0.0
4.38775510204082 0.952482
4.39183673469388 0.13721
4.39591836734694 0.145674
4.4 0.0
4.40408163265306 2.99799
4.40816326530612 4.34494
4.41224489795918 0.0
4.41632653061224 2.93112
4.42040816326531 5.80496
4.42448979591837 8.10438
4.42857142857143 5.0993
4.43265306122449 5.45454
4.43673469387755 3.04675
4.44081632653061 1.30391
4.44489795918367 0.818133
4.44897959183673 0.0
4.4530612244898 0.0
4.45714285714286 0.0
4.46122448979592 4.02379
4.46530612244898 7.88808
4.46938775510204 4.68671
4.4734693877551 5.95951
4.47755102040816 2.9062
4.48163265306122 4.21095
4.48571428571429 6.06227
4.48979591836735 1.62339
4.49387755102041 0.0816584
4.49795918367347 0.0
4.50204081632653 0.0
4.50612244897959 1.09863
4.51020408163265 2.17736
4.51428571428571 11.4625
4.51836734693878 14.6509
4.52244897959184 33.4324
4.5265306122449 36.7317
4.53061224489796 35.6591
4.53469387755102 28.4278
4.53877551020408 31.7211
4.54285714285714 33.0215
4.5469387755102 18.4485
4.55102040816327 9.79185
4.55510204081633 0.0
4.55918367346939 0.0
4.56326530612245 0.0
4.56734693877551 0.0
4.57142857142857 0.0
4.57551020408163 0.0
4.57959183673469 0.0
4.58367346938776 0.0
4.58775510204082 0.0
4.59183673469388 0.0
4.59591836734694 0.0
4.6 0.0
4.60408163265306 0.734925
4.60816326530612 0.0
4.61224489795918 0.0
4.61632653061224 0.424981
4.62040816326531 1.01972
4.62448979591837 0.82612
4.62857142857143 0.777066
4.63265306122449 1.37305
4.63673469387755 1.9716
4.64081632653061 0.0
4.64489795918367 0.0
4.64897959183673 0.0
4.6530612244898 0.0
4.65714285714286 0.0
4.66122448979592 0.0
4.66530612244898 0.0
4.66938775510204 0.0
4.6734693877551 0.0
4.67755102040816 0.0
4.68163265306122 0.0
4.68571428571429 0.0
4.68979591836735 0.0
4.69387755102041 0.0
4.69795918367347 0.0
4.70204081632653 0.0
4.70612244897959 0.0
4.71020408163265 0.0
4.71428571428571 0.0
4.71836734693878 0.0
4.72244897959184 0.251293
4.7265306122449 13.6242
4.73061224489796 17.8459
4.73469387755102 18.3024
4.73877551020408 17.7099
4.74285714285714 27.6425
4.7469387755102 34.2832
4.75102040816327 23.257
4.75510204081633 14.5324
4.75918367346939 5.61643
4.76326530612245 3.71349
4.76734693877551 5.2948
4.77142857142857 6.72102
4.77551020408163 4.13418
4.77959183673469 0.0
4.78367346938775 0.265956
4.78775510204082 0.0
4.79183673469388 0.0
4.79591836734694 0.0
4.8 0.0
4.80408163265306 0.0
4.80816326530612 0.0
4.81224489795918 0.0
4.81632653061224 0.0
4.82040816326531 0.0
4.82448979591837 0.0
4.82857142857143 0.0
4.83265306122449 2.70933
4.83673469387755 3.31438
4.84081632653061 4.54754
4.84489795918367 4.9178
4.84897959183674 4.95219
4.8530612244898 1.98478
4.85714285714286 0.00882149
4.86122448979592 0.0
4.86530612244898 0.0
4.86938775510204 0.0
4.8734693877551 0.00882149
4.87755102040816 0.0
4.88163265306122 0.370264
4.88571428571429 3.9804
4.88979591836735 8.4573
4.89387755102041 7.46679
4.89795918367347 2.01774
4.90204081632653 0.0
4.90612244897959 1.88708
4.91020408163265 0.0
4.91428571428571 0.0
4.91836734693878 0.0
4.92244897959184 2.60639
4.9265306122449 0.43726
4.93061224489796 0.55635
4.93469387755102 0.391841
4.93877551020408 2.66504
4.94285714285714 4.07887
4.9469387755102 9.3224
4.95102040816327 9.76682
4.95510204081633 6.78313
4.95918367346939 1.80876
4.96326530612245 4.11385
4.96734693877551 0.0
4.97142857142857 0.0
4.97551020408163 0.0
4.97959183673469 0.0
4.98367346938775 0.0
4.98775510204082 0.0
4.99183673469388 0.0
4.99591836734694 0.0
5.0 0.0
5.00408163265306 0.0
5.00816326530612 1.99521
5.01224489795918 3.77345
5.01632653061225 13.0998
5.02040816326531 18.063
5.02448979591837 14.8284
5.02857142857143 9.32038
5.03265306122449 11.781
5.03673469387755 9.99427
5.04081632653061 13.587
5.04489795918367 15.0054
5.04897959183673 19.8253
5.0530612244898 13.522
5.05714285714286 12.7776
5.06122448979592 12.5722
5.06530612244898 12.3194
5.06938775510204 8.77666
5.0734693877551 2.28882
5.07755102040816 3.82566
5.08163265306122 2.63286
5.08571428571429 0.0
5.08979591836735 0.336647
5.09387755102041 3.08537
5.09795918367347 5.27382
5.10204081632653 5.41675
5.10612244897959 3.88777
5.11020408163265 3.41666
5.11428571428571 0.0
5.11836734693878 0.0
5.12244897959184 0.0
5.1265306122449 0.0
5.13061224489796 0.0
5.13469387755102 0.0
5.13877551020408 0.0
5.14285714285714 0.0
5.1469387755102 0.0
5.15102040816326 0.0
5.15510204081633 0.0
5.15918367346939 0.0
5.16326530612245 0.0
5.16734693877551 0.0
5.17142857142857 0.0
5.17551020408163 0.0
5.17959183673469 0.0
5.18367346938776 4.93127
5.18775510204082 5.96923
5.19183673469388 3.87579
5.19591836734694 12.8281
5.2 20.9138
5.20408163265306 27.3655
5.20816326530612 31.7472
5.21224489795918 34.0952
5.21632653061225 37.3737
5.22040816326531 32.0834
5.22448979591837 22.1072
5.22857142857143 14.0384
5.23265306122449 13.7501
5.23673469387755 8.24809
5.24081632653061 0.0989437
5.24489795918367 0.0
5.24897959183673 0.0
5.2530612244898 0.0
5.25714285714286 0.0
5.26122448979592 0.0
5.26530612244898 0.0
5.26938775510204 0.0
5.2734693877551 0.0
5.27755102040816 0.0
5.28163265306122 0.0
5.28571428571429 0.945717
5.28979591836735 0.0
5.29387755102041 2.23637
5.29795918367347 1.79005
5.30204081632653 2.82609
5.30612244897959 6.19
5.31020408163265 4.61066
5.31428571428571 2.23148
5.31836734693878 0.901222
5.32244897959184 0.0
5.3265306122449 1.00493
5.33061224489796 1.92928
5.33469387755102 2.03234
5.33877551020408 1.66434
5.34285714285714 2.18236
5.3469387755102 1.2151
5.35102040816327 0.0
5.35510204081633 0.0
5.35918367346939 0.0
5.36326530612245 0.0
5.36734693877551 0.0
5.37142857142857 0.0
5.37551020408163 0.0
5.37959183673469 0.0
5.38367346938776 0.0
5.38775510204082 0.0
5.39183673469388 1.31029
5.39591836734694 15.2373
5.4 28.8886
5.40408163265306 36.0367
5.40816326530612 46.0914
5.41224489795918 50.3856
5.41632653061224 47.8057
5.42040816326531 39.9944
5.42448979591837 23.9378
5.42857142857143 18.9061
5.43265306122449 7.45338
5.43673469387755 0.0
5.44081632653061 0.0
5.44489795918367 0.0
5.44897959183673 0.0
5.4530612244898 0.0
5.45714285714286 0.0
5.46122448979592 0.0
5.46530612244898 0.0
5.46938775510204 0.653982
5.4734693877551 0.0
5.47755102040816 0.0
5.48163265306122 0.0
5.48571428571429 0.0
5.48979591836735 0.0
5.49387755102041 0.0
5.49795918367347 0.0
5.50204081632653 0.0
5.50612244897959 0.0
5.51020408163265 0.0
5.51428571428571 0.0
5.51836734693878 0.0
5.52244897959184 0.0
5.5265306122449 0.0
5.53061224489796 0.0
5.53469387755102 0.84579
5.53877551020408 1.09553
5.54285714285714 0.492334
5.5469387755102 0.0
5.55102040816327 0.0
5.55510204081633 0.0
5.55918367346939 0.0
5.56326530612245 0.0
5.56734693877551 0.0
5.57142857142857 0.0
5.57551020408163 0.0
5.57959183673469 0.0
5.58367346938776 0.0
5.58775510204082 0.0
5.59183673469388 0.0
5.59591836734694 0.0
5.6 0.0
5.60408163265306 0.0
5.60816326530612 0.0
5.61224489795918 1.61922
5.61632653061224 0.656009
5.62040816326531 0.0
5.62448979591837 3.80814
5.62857142857143 10.4287
5.63265306122449 13.6557
5.63673469387755 11.4567
5.64081632653061 8.08382
5.64489795918367 2.17772
5.64897959183673 3.47447
5.6530612244898 0.0
5.65714285714286 0.0
5.66122448979592 0.0
5.66530612244898 0.0
5.66938775510204 0.0
5.6734693877551 0.0
5.67755102040816 0.0
5.68163265306122 0.0
5.68571428571429 0.0482798
5.68979591836735 3.98409
5.69387755102041 4.19068
5.69795918367347 4.76331
5.70204081632653 7.59172
5.70612244897959 13.9306
5.71020408163265 17.6682
5.71428571428571 18.9489
5.71836734693878 17.5528
5.72244897959184 13.0129
5.7265306122449 11.1202
5.73061224489796 7.05612
5.73469387755102 4.34303
5.73877551020408 3.57544
5.74285714285714 1.71858
5.7469387755102 2.10619
5.75102040816327 0.0
5.75510204081633 0.0
5.75918367346939 0.0
5.76326530612245 0.0
5.76734693877551 0.0
5.77142857142857 0.0
5.77551020408163 0.0
5.77959183673469 0.0
5.78367346938775 0.0
5.78775510204082 0.0
5.79183673469388 0.0
5.79591836734694 0.0
5.8 0.0
5.80408163265306 0.0
5.80816326530612 0.434399
5.81224489795918 1.42717
5.81632653061224 1.38402
5.82040816326531 0.0
5.82448979591837 0.0
5.82857142857143 0.0
5.83265306122449 0.0
5.83673469387755 0.0
5.84081632653061 0.0
5.84489795918367 0.0
5.84897959183674 0.0
5.8530612244898 0.0
5.85714285714286 0.0
5.86122448979592 0.0
5.86530612244898 1.54591
5.86938775510204 1.22654
5.8734693877551 4.64451
5.87755102040816 4.04012
5.88163265306122 3.00658
5.88571428571429 2.74312
5.88979591836735 2.98405
5.89387755102041 0.0
5.89795918367347 0.0
5.90204081632653 0.0
5.90612244897959 0.0
5.91020408163265 0.0
5.91428571428571 0.722885
5.91836734693878 0.0
5.92244897959184 0.0
5.9265306122449 0.0
5.93061224489796 0.0
5.93469387755102 0.0
5.93877551020408 0.0
5.94285714285714 0.0
5.9469387755102 0.0
5.95102040816327 0.0
5.95510204081633 0.0
5.95918367346939 0.0
5.96326530612245 0.0
5.96734693877551 0.0
5.97142857142857 0.0
5.97551020408163 1.60962
5.97959183673469 2.50858
5.98367346938775 3.80874
5.98775510204082 2.05171
5.99183673469388 1.85579
5.99591836734694 0.98139
6.0 0.0
6.00408163265306 0.0
6.00816326530612 0.0
6.01224489795918 0.0
6.01632653061225 0.0
6.02040816326531 0.248909
6.02448979591837 0.0
6.02857142857143 0.0
6.03265306122449 0.0
6.03673469387755 0.0
6.04081632653061 0.0
6.04489795918367 0.0
6.04897959183673 5.60033
6.0530612244898 9.97746
6.05714285714286 11.609
6.06122448979592 7.61348
6.06530612244898 3.00115
6.06938775510204 0.49901
6.0734693877551 1.78206
6.07755102040816 7.64513
6.08163265306122 4.6519
6.08571428571429 5.17988
6.08979591836735 0.0
6.09387755102041 0.0
6.09795918367347 0.27293
6.10204081632653 1.18536
6.10612244897959 11.9164
6.11020408163265 5.3671
6.11428571428571 2.958
6.11836734693878 3.31134
6.12244897959184 1.3327
6.1265306122449 2.04027
6.13061224489796 2.31862
6.13469387755102 1.43528
6.13877551020408 0.192404
6.14285714285714 0.0
6.1469387755102 0.0
6.15102040816326 0.0
6.15510204081633 0.0
6.15918367346939 0.74333
6.16326530612245 3.49414
6.16734693877551 4.47184
6.17142857142857 3.4681
6.17551020408163 3.06636
6.17959183673469 5.64784
6.18367346938776 5.00053
6.18775510204082 5.04613
6.19183673469388 5.6619
6.19591836734694 5.87344
6.2 2.65741
6.20408163265306 0.0
6.20816326530612 0.0
6.21224489795918 0.0
6.21632653061225 3.50094
6.22040816326531 4.20427
6.22448979591837 4.9578
6.22857142857143 0.952005
6.23265306122449 1.26171
6.23673469387755 1.10078
6.24081632653061 2.24364
6.24489795918367 2.11668
6.24897959183673 5.55015
6.2530612244898 0.0
6.25714285714286 0.0712872
6.26122448979592 0.0
6.26530612244898 3.46637
6.26938775510204 1.03283
6.2734693877551 5.99313
6.27755102040816 10.5464
6.28163265306122 23.3346
6.28571428571429 34.5201
6.28979591836735 37.4236
6.29387755102041 40.0435
6.29795918367347 45.0585
6.30204081632653 35.4344
6.30612244897959 27.2255
6.31020408163265 8.91912
6.31428571428571 0.0
6.31836734693878 0.0
6.32244897959184 0.0
6.3265306122449 0.0
6.33061224489796 0.0
6.33469387755102 0.0
6.33877551020408 0.0
6.34285714285714 0.0
6.3469387755102 0.0
6.35102040816327 0.0
6.35510204081633 0.0
6.35918367346939 0.0
6.36326530612245 0.0
6.36734693877551 0.0
6.37142857142857 0.0
6.37551020408163 0.0
6.37959183673469 0.0
6.38367346938776 0.0
6.38775510204082 0.0
6.39183673469388 0.46742
6.39591836734694 0.0
6.4 0.0
6.40408163265306 0.0
6.40816326530612 0.0
6.41224489795918 0.0
6.41632653061224 0.0
6.42040816326531 0.0
6.42448979591837 0.0
6.42857142857143 0.0
6.43265306122449 0.0838041
6.43673469387755 1.54436
6.44081632653061 1.10257
6.44489795918367 1.91903
6.44897959183673 5.07462
6.4530612244898 4.23253
6.45714285714286 0.0
6.46122448979592 1.14143
6.46530612244898 0.0
6.46938775510204 0.0
6.4734693877551 0.0
6.47755102040816 1.23489
6.48163265306122 0.0
6.48571428571429 0.0
6.48979591836735 0.0
6.49387755102041 2.49726
6.49795918367347 1.72961
6.50204081632653 4.81391
6.50612244897959 7.62117
6.51020408163265 8.87424
6.51428571428571 7.63142
6.51836734693878 3.021
6.52244897959184 1.38021
6.5265306122449 2.75004
6.53061224489796 6.29067
6.53469387755102 5.42355
6.53877551020408 0.644207
6.54285714285714 0.0
6.5469387755102 1.17469
6.55102040816327 2.40988
6.55510204081633 0.531793
6.55918367346939 0.0
6.56326530612245 0.0
6.56734693877551 1.48869
6.57142857142857 0.0668168
6.57551020408163 6.70642
6.57959183673469 4.40037
6.58367346938776 6.81293
6.58775510204082 14.3008
6.59183673469388 15.4723
6.59591836734694 10.8376
6.6 10.4964
6.60408163265306 3.74746
6.60816326530612 1.51533
6.61224489795918 0.0
6.61632653061224 0.0
6.62040816326531 0.0
6.62448979591837 0.0
6.62857142857143 0.0
6.63265306122449 0.0
6.63673469387755 0.0
6.64081632653061 0.0
6.64489795918367 0.0
6.64897959183673 6.87337
6.6530612244898 4.02826
6.65714285714286 1.89614
6.66122448979592 0.4372
6.66530612244898 0.0
6.66938775510204 0.539243
6.6734693877551 0.0
6.67755102040816 0.0
6.68163265306122 0.0
6.68571428571429 0.0
6.68979591836735 0.0
6.69387755102041 0.0
6.69795918367347 0.0
6.70204081632653 0.0
6.70612244897959 0.0
6.71020408163265 0.944197
6.71428571428571 7.87354
6.71836734693878 11.97
6.72244897959184 6.34003
6.7265306122449 9.81355
6.73061224489796 22.0914
6.73469387755102 24.0964
6.73877551020408 20.823
6.74285714285714 16.5369
6.7469387755102 14.843
6.75102040816327 15.4511
6.75510204081633 9.54127
6.75918367346939 2.22158
6.76326530612245 1.78659
6.76734693877551 8.1414
6.77142857142857 8.46577
6.77551020408163 11.6787
6.77959183673469 6.26588
6.78367346938775 12.3812
6.78775510204082 14.3904
6.79183673469388 13.8388
6.79591836734694 6.74164
6.8 0.414968
6.80408163265306 1.34957
6.80816326530612 0.0
6.81224489795918 0.0
6.81632653061224 0.0
6.82040816326531 0.0
6.82448979591837 0.0
6.82857142857143 0.0
6.83265306122449 0.0
6.83673469387755 0.0
6.84081632653061 0.0
6.84489795918367 0.0
6.84897959183674 0.0
6.8530612244898 0.0
6.85714285714286 0.0
6.86122448979592 0.0
6.86530612244898 0.0
6.86938775510204 0.0
6.8734693877551 0.0
6.87755102040816 0.539899
6.88163265306122 0.0
6.88571428571429 0.0
6.88979591836735 0.0
6.89387755102041 2.30384
6.89795918367347 4.63283
6.90204081632653 7.48789
6.90612244897959 7.39598
6.91020408163265 9.15289
6.91428571428571 7.411
6.91836734693878 7.64954
6.92244897959184 6.66773
6.9265306122449 7.10857
6.93061224489796 5.92291
6.93469387755102 11.029
6.93877551020408 18.9184
6.94285714285714 22.1556
6.9469387755102 17.2082
6.95102040816327 15.3656
6.95510204081633 20.7398
6.95918367346939 13.9375
6.96326530612245 6.54924
6.96734693877551 4.27961
6.97142857142857 4.23431
6.97551020408163 0.0
6.97959183673469 0.0
6.98367346938775 0.0
6.98775510204082 0.0
6.99183673469388 0.0
6.99591836734694 0.0
7.0 0.0
7.00408163265306 0.0
7.00816326530612 0.0
7.01224489795918 0.0
7.01632653061225 0.0
7.02040816326531 0.0
7.02448979591837 0.0
7.02857142857143 0.0
7.03265306122449 0.0
7.03673469387755 1.07932
7.04081632653061 1.02711
7.04489795918367 0.183821
7.04897959183673 3.39949
7.0530612244898 1.17266
7.05714285714286 0.0
7.06122448979592 0.0
7.06530612244898 0.0
7.06938775510204 0.0
7.0734693877551 0.0
7.07755102040816 0.0
7.08163265306122 0.0
7.08571428571429 0.0
7.08979591836735 0.0
7.09387755102041 0.0
7.09795918367347 0.0
7.10204081632653 0.150919
7.10612244897959 0.30899
7.11020408163265 0.69809
7.11428571428571 0.791311
7.11836734693878 1.23882
7.12244897959184 1.79255
7.1265306122449 0.880957
7.13061224489796 2.39754
7.13469387755102 1.86181
7.13877551020408 6.05196
7.14285714285714 4.47786
7.1469387755102 13.1946
7.15102040816326 16.571
7.15510204081633 21.5368
7.15918367346939 27.4504
7.16326530612245 35.9074
7.16734693877551 49.0092
7.17142857142857 59.8685
7.17551020408163 57.9709
7.17959183673469 46.7237
7.18367346938776 44.0286
7.18775510204082 36.9667
7.19183673469388 20.8207
7.19591836734694 11.3704
7.2 0.235081
7.20408163265306 0.0
7.20816326530612 0.0
7.21224489795918 0.0
7.21632653061225 0.0
7.22040816326531 0.0
7.22448979591837 0.0
7.22857142857143 0.0
7.23265306122449 0.0
7.23673469387755 3.45528
7.24081632653061 2.89059
7.24489795918367 0.0
7.24897959183673 0.0
7.2530612244898 0.0
7.25714285714286 0.0
7.26122448979592 2.30205
7.26530612244898 2.52211
7.26938775510204 1.22285
7.2734693877551 0.756741
7.27755102040816 0.234365
7.28163265306122 0.0
7.28571428571429 0.0
7.28979591836735 0.212669
7.29387755102041 0.860691
7.29795918367347 1.47748
7.30204081632653 1.76668
7.30612244897959 1.80888
7.31020408163265 6.35326
7.31428571428571 4.33242
7.31836734693878 4.67348
7.32244897959184 5.89263
7.3265306122449 4.0648
7.33061224489796 0.930786
7.33469387755102 0.298738
7.33877551020408 0.0
7.34285714285714 0.0
7.3469387755102 0.430346
7.35102040816327 1.54459
7.35510204081633 2.41601
7.35918367346939 3.90482
7.36326530612245 3.1296
7.36734693877551 0.399113
7.37142857142857 0.0
7.37551020408163 0.0
7.37959183673469 0.0
7.38367346938776 0.0
7.38775510204082 0.0
7.39183673469388 0.0
7.39591836734694 0.0
7.4 0.0
7.40408163265306 0.0
7.40816326530612 0.0
7.41224489795918 0.0
7.41632653061224 0.0
7.42040816326531 0.0
7.42448979591837 0.0
7.42857142857143 0.0
7.43265306122449 0.0
7.43673469387755 0.0
7.44081632653061 0.347376
7.44489795918367 2.96295
7.44897959183673 4.51106
7.4530612244898 13.4143
7.45714285714286 5.02139
7.46122448979592 10.9292
7.46530612244898 10.0597
7.46938775510204 8.47739
7.4734693877551 2.04408
7.47755102040816 0.6423
7.48163265306122 0.0
7.48571428571429 0.0
7.48979591836735 0.0
7.49387755102041 0.0
7.49795918367347 0.0
7.50204081632653 0.0
7.50612244897959 0.0
7.51020408163265 0.0
7.51428571428571 0.0
7.51836734693878 0.0
7.52244897959184 0.0
7.5265306122449 0.0
7.53061224489796 1.85633
7.53469387755102 1.17934
7.53877551020408 0.0
7.54285714285714 0.654459
7.5469387755102 4.03184
7.55102040816327 1.58739
7.55510204081633 4.50504
7.55918367346939 4.40776
7.56326530612245 3.69453
7.56734693877551 4.01366
7.57142857142857 1.1372
7.57551020408163 0.80514
7.57959183673469 0.0
7.58367346938776 0.506639
7.58775510204082 2.05624
7.59183673469388 0.259042
7.59591836734694 0.0
7.6 0.0
7.60408163265306 0.0
7.60816326530612 0.0
7.61224489795918 0.0
7.61632653061224 1.58823
7.62040816326531 1.41883
7.62448979591837 6.69205
7.62857142857143 10.2779
7.63265306122449 17.4632
7.63673469387755 14.0422
7.64081632653061 18.0624
7.64489795918367 13.7605
7.64897959183673 11.0964
7.6530612244898 10.5864
7.65714285714286 7.86293
7.66122448979592 10.6787
7.66530612244898 13.0296
7.66938775510204 6.04522
7.6734693877551 0.0
7.67755102040816 0.0
7.68163265306122 0.0
7.68571428571429 0.0
7.68979591836735 0.0
7.69387755102041 0.0
7.69795918367347 0.0
7.70204081632653 0.0
7.70612244897959 0.450432
7.71020408163265 0.0
7.71428571428571 1.38259
7.71836734693878 0.0
7.72244897959184 0.216603
7.7265306122449 3.87847
7.73061224489796 5.10907
7.73469387755102 5.28955
7.73877551020408 4.62735
7.74285714285714 9.90009
7.7469387755102 1.69468
7.75102040816327 4.46701
7.75510204081633 1.40607
7.75918367346939 0.0
7.76326530612245 0.0
7.76734693877551 0.0
7.77142857142857 0.0
7.77551020408163 0.0
7.77959183673469 0.0
7.78367346938775 0.0
7.78775510204082 0.0
7.79183673469388 0.0
7.79591836734694 1.97315
7.8 6.31237
7.80408163265306 9.13548
7.80816326530612 11.5031
7.81224489795918 11.6222
7.81632653061224 7.94876
7.82040816326531 5.68748
7.82448979591837 16.9821
7.82857142857143 14.5375
7.83265306122449 9.12225
7.83673469387755 0.448585
7.84081632653061 0.0
7.84489795918367 0.0
7.84897959183674 0.0
7.8530612244898 0.0
7.85714285714286 0.0
7.86122448979592 0.0
7.86530612244898 0.0
7.86938775510204 0.0
7.8734693877551 0.0
7.87755102040816 0.0
7.88163265306122 0.0
7.88571428571429 0.0
7.88979591836735 2.23446
7.89387755102041 4.794
7.89795918367347 6.42347
7.90204081632653 10.3102
7.90612244897959 9.42266
7.91020408163265 10.6877
7.91428571428571 5.89603
7.91836734693878 9.44936
7.92244897959184 8.25125
7.9265306122449 7.87199
7.93061224489796 3.259
7.93469387755102 0.0
7.93877551020408 8.24499
7.94285714285714 0.488997
7.9469387755102 3.51346
7.95102040816327 0.0
7.95510204081633 0.4372
7.95918367346939 2.44045
7.96326530612245 3.52073
7.96734693877551 2.40541
7.97142857142857 0.981808
7.97551020408163 0.185609
7.97959183673469 0.0
7.98367346938775 0.0
7.98775510204082 0.0
7.99183673469388 0.0
7.99591836734694 0.0
8.0 0.0
8.00408163265306 0.945807
8.00816326530612 6.67453
8.01224489795918 3.86703
8.01632653061225 6.09326
8.02040816326531 0.0
8.02448979591837 0.0
8.02857142857143 0.0
8.03265306122449 0.0
8.03673469387755 0.0
8.04081632653061 0.0
8.04489795918367 2.09165
8.04897959183674 9.04393
8.0530612244898 19.6766
8.05714285714286 31.4564
8.06122448979592 40.4133
8.06530612244898 45.3187
8.06938775510204 45.6714
8.0734693877551 33.2147
8.07755102040816 22.0994
8.08163265306122 4.73845
8.08571428571429 5.34725
8.08979591836735 4.2752
8.09387755102041 0.0
8.09795918367347 0.0
8.10204081632653 0.0
8.10612244897959 0.0
8.11020408163265 0.0
8.11428571428571 0.0
8.11836734693878 0.0
8.12244897959184 0.0
8.1265306122449 0.0
8.13061224489796 0.0
8.13469387755102 0.0
8.13877551020408 0.0
8.14285714285714 0.0
8.1469387755102 0.0
8.15102040816327 0.0
8.15510204081633 0.0
8.15918367346939 0.0
8.16326530612245 0.0
8.16734693877551 0.0
8.17142857142857 0.0
8.17551020408163 0.553966
8.17959183673469 0.0
8.18367346938776 3.49092
8.18775510204082 4.74274
8.19183673469388 2.66671
8.19591836734694 1.85132
8.2 0.249982
8.20408163265306 0.0
8.20816326530612 0.0
8.21224489795918 0.0
8.21632653061224 0.0
8.22040816326531 0.0
8.22448979591837 0.0
8.22857142857143 0.0
8.23265306122449 0.0
8.23673469387755 0.0
8.24081632653061 0.0
8.24489795918367 0.0
8.24897959183673 0.244379
8.2530612244898 0.49305
8.25714285714286 0.0
8.26122448979592 3.87108
8.26530612244898 4.71008
8.26938775510204 10.6838
8.2734693877551 15.1272
8.27755102040816 19.0707
8.28163265306122 12.742
8.28571428571429 8.09139
8.28979591836735 2.14571
8.29387755102041 1.16932
8.29795918367347 0.0
8.30204081632653 0.0
8.30612244897959 0.0
8.31020408163265 0.0
8.31428571428571 0.0
8.31836734693877 0.0
8.32244897959184 0.0
8.3265306122449 0.0
8.33061224489796 0.0
8.33469387755102 4.69184
8.33877551020408 0.0
8.34285714285714 0.0
8.3469387755102 0.0
8.35102040816327 0.0
8.35510204081633 0.0
8.35918367346939 0.0
8.36326530612245 0.0
8.36734693877551 0.0
8.37142857142857 0.0
8.37551020408163 0.90915
8.37959183673469 0.925541
8.38367346938776 0.0
8.38775510204082 3.18849
8.39183673469388 1.08612
8.39591836734694 0.977755
8.4 2.00081
8.40408163265306 2.09618
8.40816326530612 4.60351
8.41224489795918 4.59957
8.41632653061225 4.79519
8.42040816326531 4.14407
8.42448979591837 2.10905
8.42857142857143 3.84665
8.43265306122449 5.3345
8.43673469387755 7.06446
8.44081632653061 7.85232
8.44489795918367 5.43559
8.44897959183673 2.5785
8.4530612244898 0.823021
8.45714285714286 4.50861
8.46122448979592 0.54574
8.46530612244898 2.31415
8.46938775510204 3.87233
8.4734693877551 1.49441
8.47755102040816 3.14862
8.48163265306122 6.2477
8.48571428571429 12.2035
8.48979591836735 14.7669
8.49387755102041 17.9756
8.49795918367347 19.2487
8.50204081632653 16.8505
8.50612244897959 9.76384
8.51020408163265 10.8141
8.51428571428571 8.23545
8.51836734693878 7.19303
8.52244897959184 0.0
8.5265306122449 0.0
8.53061224489796 0.0
8.53469387755102 0.0
8.53877551020408 0.0
8.54285714285714 0.0
8.5469387755102 1.25176
8.55102040816327 10.8219
8.55510204081633 18.3432
8.55918367346939 13.1754
8.56326530612245 11.1727
8.56734693877551 14.4899
8.57142857142857 17.2775
8.57551020408163 19.0668
8.57959183673469 9.68427
8.58367346938775 5.28055
8.58775510204082 1.80417
8.59183673469388 2.02024
8.59591836734694 0.0
8.6 0.563145
8.60408163265306 0.0
8.60816326530612 2.12461
8.61224489795918 2.24125
8.61632653061224 0.0
8.62040816326531 8.45838
8.62448979591837 5.50056
8.62857142857143 4.68206
8.63265306122449 2.55334
8.63673469387755 1.94812
8.64081632653061 5.0962
8.64489795918367 6.92403
8.64897959183673 4.06504
8.6530612244898 0.370026
8.65714285714286 0.0
8.66122448979592 0.0
8.66530612244898 2.35319
8.66938775510204 3.63386
8.6734693877551 0.0
8.67755102040816 0.0
8.68163265306123 2.23374
8.68571428571429 0.0
8.68979591836735 1.98913
8.69387755102041 6.25038
8.69795918367347 8.02159
8.70204081632653 3.72505
8.70612244897959 0.171065
8.71020408163265 1.87445
8.71428571428571 0.744581
8.71836734693878 0.409603
8.72244897959184 0.0
8.7265306122449 0.0
8.73061224489796 0.0
8.73469387755102 0.0
8.73877551020408 0.0
8.74285714285714 0.0
8.7469387755102 0.0
8.75102040816327 0.0
8.75510204081633 0.0
8.75918367346939 0.739753
8.76326530612245 0.585377
8.76734693877551 1.17558
8.77142857142857 0.0
8.77551020408163 0.0
8.77959183673469 0.0
8.78367346938776 0.0152588
8.78775510204082 0.0
8.79183673469388 0.0
8.79591836734694 0.0
8.8 0.0
8.80408163265306 0.0
8.80816326530612 0.0
8.81224489795918 0.0
8.81632653061224 0.0
8.82040816326531 0.0
8.82448979591837 0.0
8.82857142857143 0.0
8.83265306122449 0.0
8.83673469387755 0.0
8.84081632653061 0.0
8.84489795918367 0.15223
8.84897959183673 0.98002
8.8530612244898 3.17848
8.85714285714286 4.63021
8.86122448979592 1.2939
8.86530612244898 7.92634
8.86938775510204 4.24445
8.8734693877551 4.18329
8.87755102040816 0.28038
8.88163265306122 0.07236
8.88571428571429 1.21105
8.88979591836735 0.206769
8.89387755102041 0.054419
8.89795918367347 4.59754
8.90204081632653 3.7421
8.90612244897959 2.43402
8.91020408163265 0.621319
8.91428571428571 0.0
8.91836734693878 0.0
8.92244897959184 0.0
8.9265306122449 0.0
8.93061224489796 2.46656
8.93469387755102 13.0473
8.93877551020408 24.267
8.94285714285714 30.9988
8.9469387755102 38.4415
8.95102040816326 37.0874
8.95510204081633 30.5617
8.95918367346939 20.0763
8.96326530612245 9.41622
8.96734693877551 0.0
8.97142857142857 0.0
8.97551020408163 0.0
8.97959183673469 0.0
8.98367346938775 0.0
8.98775510204082 0.0
8.99183673469388 0.0
8.99591836734694 0.0
9.0 0.0
9.00408163265306 0.0
9.00816326530612 0.0
9.01224489795918 0.942469
9.01632653061225 5.56862
9.02040816326531 3.42
9.02448979591837 2.58839
9.02857142857143 2.12121
9.03265306122449 2.13325
9.03673469387755 1.42562
9.04081632653061 3.74031
9.04489795918367 3.25716
9.04897959183674 3.21746
9.0530612244898 1.7488
9.05714285714286 3.80003
9.06122448979592 0.0884533
9.06530612244898 0.0
9.06938775510204 0.0
9.0734693877551 0.0
9.07755102040816 0.0
9.08163265306122 0.654995
9.08571428571429 1.02878
9.08979591836735 1.13666
9.09387755102041 0.314713
9.09795918367347 3.41535
9.10204081632653 5.96505
9.10612244897959 0.0
9.11020408163265 0.212193
9.11428571428571 0.0
9.11836734693878 0.0
9.12244897959184 0.0
9.1265306122449 0.0
9.13061224489796 0.0
9.13469387755102 0.0
9.13877551020408 0.0
9.14285714285714 0.0
9.1469387755102 0.338554
9.15102040816327 0.596106
9.15510204081633 3.9131
9.15918367346939 6.87331
9.16326530612245 5.76621
9.16734693877551 5.42796
9.17142857142857 3.74544
9.17551020408163 3.77071
9.17959183673469 0.965536
9.18367346938776 0.0
9.18775510204082 0.0
9.19183673469388 0.0
9.19591836734694 0.0
9.2 0.0
9.20408163265306 0.0
9.20816326530612 0.0
9.21224489795918 0.0
9.21632653061224 0.0
9.22040816326531 2.01499
9.22448979591837 3.0157
9.22857142857143 2.4308
9.23265306122449 2.68364
9.23673469387755 1.84727
9.24081632653061 1.30248
9.24489795918367 1.26904
9.24897959183673 1.46675
9.2530612244898 2.37191
9.25714285714286 2.02072
9.26122448979592 3.33691
9.26530612244898 0.781894
9.26938775510204 2.51567
9.2734693877551 0.0
9.27755102040816 0.0
9.28163265306122 0.0
9.28571428571429 0.0
9.28979591836735 0.0
9.29387755102041 0.0
9.29795918367347 0.0
9.30204081632653 0.0
9.30612244897959 0.0
9.31020408163265 0.0
9.31428571428571 0.17333
9.31836734693877 5.01549
9.32244897959184 1.40035
9.3265306122449 2.36928
9.33061224489796 1.64777
9.33469387755102 0.0
9.33877551020408 0.616908
9.34285714285714 0.105143
9.3469387755102 2.65348
9.35102040816327 0.759244
9.35510204081633 2.76637
9.35918367346939 2.2316
9.36326530612245 2.70879
9.36734693877551 0.913143
9.37142857142857 0.162363
9.37551020408163 1.38819
9.37959183673469 1.83427
9.38367346938776 1.32072
9.38775510204082 0.0
9.39183673469388 0.0
9.39591836734694 0.0
9.4 0.0
9.40408163265306 0.0
9.40816326530612 0.0
9.41224489795918 0.0
9.41632653061225 0.121117
9.42040816326531 0.0
9.42448979591837 0.0
9.42857142857143 0.0
9.43265306122449 0.0
9.43673469387755 0.901222
9.44081632653061 1.46472
9.44489795918367 0.0
9.44897959183673 0.0
9.4530612244898 0.0
9.45714285714286 0.0
9.46122448979592 0.0
9.46530612244898 0.0
9.46938775510204 0.0958443
9.4734693877551 1.13368
9.47755102040816 0.0
9.48163265306122 0.974298
9.48571428571429 0.89711
9.48979591836735 0.629365
9.49387755102041 2.42072
9.49795918367347 0.0
9.50204081632653 0.0
9.50612244897959 0.0
9.51020408163265 0.0
9.51428571428571 0.0
9.51836734693878 0.0
9.52244897959184 0.0
9.5265306122449 0.0
9.53061224489796 0.0
9.53469387755102 0.594616
9.53877551020408 1.5614
9.54285714285714 0.0
9.5469387755102 0.0
9.55102040816327 0.0
9.55510204081633 0.0
9.55918367346939 0.0
9.56326530612245 0.0
9.56734693877551 0.0
9.57142857142857 0.0
9.57551020408163 1.16408
9.57959183673469 1.4137
9.58367346938775 8.59845
9.58775510204082 7.29012
9.59183673469388 9.46927
9.59591836734694 11.1124
9.6 9.79757
9.60408163265306 8.91095
9.60816326530612 4.66591
9.61224489795918 0.506639
9.61632653061224 0.0
9.62040816326531 0.0
9.62448979591837 0.0
9.62857142857143 0.0
9.63265306122449 0.0
9.63673469387755 0.0
9.64081632653061 0.0
9.64489795918367 0.0
9.64897959183673 0.0
9.6530612244898 5.86206
9.65714285714286 12.421
9.66122448979592 12.6184
9.66530612244898 10.5477
9.66938775510204 12.0229
9.6734693877551 8.36599
9.67755102040816 7.00819
9.68163265306123 5.62519
9.68571428571429 3.8231
9.68979591836735 4.0971
9.69387755102041 5.96744
9.69795918367347 3.18122
9.70204081632653 3.96848
9.70612244897959 2.72405
9.71020408163265 2.24507
9.71428571428571 0.968218
9.71836734693878 2.43217
9.72244897959184 2.97213
9.7265306122449 2.71964
9.73061224489796 0.27585
9.73469387755102 0.0
9.73877551020408 0.0
9.74285714285714 0.0
9.7469387755102 0.0
9.75102040816327 0.0
9.75510204081633 1.08111
9.75918367346939 2.19083
9.76326530612245 1.35779
9.76734693877551 2.01762
9.77142857142857 0.0
9.77551020408163 0.0
9.77959183673469 0.0
9.78367346938776 0.0562668
9.78775510204082 0.0704527
9.79183673469388 0.0
9.79591836734694 1.85585
9.8 0.830173
9.80408163265306 8.66967
9.80816326530612 12.537
9.81224489795918 27.29
9.81632653061224 45.0312
9.82040816326531 55.8093
9.82448979591837 63.6365
9.82857142857143 64.9158
9.83265306122449 52.7598
9.83673469387755 38.197
9.84081632653061 22.0536
9.84489795918367 12.1018
9.84897959183673 0.443697
9.8530612244898 4.39823
9.85714285714286 0.940561
9.86122448979592 0.0
9.86530612244898 0.0
9.86938775510204 0.0
9.8734693877551 0.536442
9.87755102040816 2.42591
9.88163265306122 6.37531
9.88571428571429 6.82199
9.88979591836735 0.0
9.89387755102041 0.0
9.89795918367347 0.0
9.90204081632653 0.0
9.90612244897959 0.0
9.91020408163265 0.0
9.91428571428571 0.0
9.91836734693878 0.0
9.92244897959184 0.0
9.9265306122449 0.0
9.93061224489796 0.0
9.93469387755102 0.0
9.93877551020408 0.0
9.94285714285714 0.0
9.9469387755102 0.0
9.95102040816326 0.279427
9.95510204081633 0.0
9.95918367346939 0.0
9.96326530612245 0.0
9.96734693877551 0.0
9.97142857142857 0.0
9.97551020408163 0.0
9.97959183673469 0.0
9.98367346938775 0.0
9.98775510204082 0.0
9.99183673469388 0.0
9.99591836734694 0.0
10.0 0.0
10.0040816326531 0.0
10.0081632653061 0.326872
10.0122448979592 0.0
10.0163265306122 4.8905
10.0204081632653 8.4632
10.0244897959184 24.3019
10.0285714285714 28.4779
10.0326530612245 29.5699
10.0367346938776 28.3988
10.0408163265306 27.3064
10.0448979591837 28.4321
10.0489795918367 30.4781
10.0530612244898 30.4753
10.0571428571429 25.6002
10.0612244897959 14.7572
10.065306122449 5.71513
10.069387755102 0.0
10.0734693877551 0.0
10.0775510204082 0.0
10.0816326530612 0.0
10.0857142857143 0.0
10.0897959183673 0.0
10.0938775510204 0.0
10.0979591836735 0.0
10.1020408163265 0.0
10.1061224489796 0.0
10.1102040816327 0.0
10.1142857142857 5.39851
10.1183673469388 11.8842
10.1224489795918 10.3151
10.1265306122449 9.05859
10.130612244898 10.9679
10.134693877551 11.694
10.1387755102041 9.95946
10.1428571428571 15.2104
10.1469387755102 19.8767
10.1510204081633 20.6058
10.1551020408163 19.1125
10.1591836734694 18.7513
10.1632653061224 13.9412
10.1673469387755 10.0108
10.1714285714286 3.49617
10.1755102040816 0.0
10.1795918367347 0.0
10.1836734693878 0.0
10.1877551020408 0.0
10.1918367346939 0.0
10.1959183673469 0.0
10.2 0.0
10.2040816326531 0.0
10.2081632653061 0.0
10.2122448979592 0.0
10.2163265306122 0.0
10.2204081632653 0.0
10.2244897959184 0.0
10.2285714285714 0.0
10.2326530612245 0.0
10.2367346938776 0.0
10.2408163265306 0.0
10.2448979591837 0.0
10.2489795918367 0.0
10.2530612244898 8.64249
10.2571428571429 4.32658
10.2612244897959 8.757
10.265306122449 18.8378
10.269387755102 18.6012
10.2734693877551 16.2422
10.2775510204082 10.7489
10.2816326530612 1.21248
10.2857142857143 0.896692
10.2897959183673 0.0
10.2938775510204 0.0
10.2979591836735 0.0
10.3020408163265 11.9416
10.3061224489796 13.1998
10.3102040816327 13.0894
10.3142857142857 13.29
10.3183673469388 20.5467
10.3224489795918 15.9298
10.3265306122449 9.18889
10.330612244898 20.8817
10.334693877551 16.4936
10.3387755102041 17.4578
10.3428571428571 11.4337
10.3469387755102 13.7753
10.3510204081633 8.497
10.3551020408163 4.15671
10.3591836734694 3.55685
10.3632653061224 0.627279
10.3673469387755 1.74725
10.3714285714286 0.0
10.3755102040816 0.0
10.3795918367347 0.0
10.3836734693878 0.0
10.3877551020408 0.0
10.3918367346939 0.0
10.3959183673469 0.0
10.4 0.0
10.4040816326531 0.0
10.4081632653061 0.0
10.4122448979592 0.0
10.4163265306122 0.0
10.4204081632653 0.0
10.4244897959184 0.0
10.4285714285714 0.16737
10.4326530612245 0.0
10.4367346938776 0.260472
10.4408163265306 1.62411
10.4448979591837 0.753045
10.4489795918367 0.0
10.4530612244898 0.00965595
10.4571428571429 0.0
10.4612244897959 0.0
10.465306122449 0.269771
10.469387755102 0.390053
10.4734693877551 1.35732
10.4775510204082 2.88379
10.4816326530612 7.46244
10.4857142857143 9.53853
10.4897959183673 8.22604
10.4938775510204 22.2744
10.4979591836735 1.25587
10.5020408163265 3.2531
10.5061224489796 1.02735
10.5102040816327 4.76408
10.5142857142857 7.89607
10.5183673469388 7.90203
10.5224489795918 6.30414
10.5265306122449 5.33903
10.530612244898 4.58968
10.534693877551 0.0
10.5387755102041 0.0
10.5428571428571 0.0
10.5469387755102 0.0
10.5510204081633 0.0
10.5551020408163 0.0
10.5591836734694 0.0
10.5632653061224 0.0
10.5673469387755 0.0
10.5714285714286 0.0
10.5755102040816 0.0
10.5795918367347 0.0
10.5836734693878 0.0
10.5877551020408 0.0
10.5918367346939 0.0
10.5959183673469 0.0
10.6 0.0
10.6040816326531 0.0
10.6081632653061 0.0
10.6122448979592 0.0
10.6163265306122 0.0
10.6204081632653 0.56982
10.6244897959184 0.0
10.6285714285714 0.0
10.6326530612245 0.0
10.6367346938776 0.0
10.6408163265306 0.0
10.6448979591837 0.0
10.6489795918367 0.0
10.6530612244898 0.0
10.6571428571429 0.0
10.6612244897959 0.0
10.665306122449 0.0
10.669387755102 0.0
10.6734693877551 0.0
10.6775510204082 0.0
10.6816326530612 0.0
10.6857142857143 7.83789
10.6897959183673 16.2383
10.6938775510204 23.9742
10.6979591836735 32.831
10.7020408163265 46.9694
10.7061224489796 57.759
10.7102040816327 59.911
10.7142857142857 57.4845
10.7183673469388 51.1268
10.7224489795918 39.7946
10.7265306122449 33.8413
10.730612244898 26.1156
10.734693877551 18.9601
10.7387755102041 9.67997
10.7428571428571 0.552177
10.7469387755102 0.0
10.7510204081633 0.0
10.7551020408163 0.0
10.7591836734694 0.0
10.7632653061224 0.0
10.7673469387755 0.0
10.7714285714286 0.0
10.7755102040816 0.0
10.7795918367347 0.0
10.7836734693878 0.0
10.7877551020408 0.0
10.7918367346939 0.0
10.7959183673469 0.0
10.8 0.0
10.8040816326531 0.95427
10.8081632653061 5.10967
10.8122448979592 8.04818
10.8163265306122 9.72414
10.8204081632653 5.49841
10.8244897959184 4.23789
10.8285714285714 0.0
10.8326530612245 0.0
10.8367346938776 0.0
10.8408163265306 0.0
10.8448979591837 0.0
10.8489795918367 0.0
10.8530612244898 0.857592
10.8571428571429 4.40609
10.8612244897959 9.92215
10.865306122449 12.5033
10.869387755102 7.1131
10.8734693877551 7.46679
10.8775510204082 2.37727
10.8816326530612 0.0
10.8857142857143 0.0
10.8897959183673 0.0
10.8938775510204 0.0
10.8979591836735 0.0
10.9020408163265 0.0
10.9061224489796 0.0
10.9102040816327 0.0
10.9142857142857 0.0
10.9183673469388 0.0
10.9224489795918 0.0976324
10.9265306122449 0.0
10.930612244898 0.243783
10.934693877551 0.392497
10.9387755102041 0.0
10.9428571428571 0.0
10.9469387755102 0.0
10.9510204081633 0.0
10.9551020408163 0.0
10.9591836734694 0.0
10.9632653061224 0.0
10.9673469387755 9.58192
10.9714285714286 8.42154
10.9755102040816 6.86085
10.9795918367347 12.1931
10.9836734693878 11.4816
10.9877551020408 6.76584
10.9918367346939 3.50511
10.9959183673469 0.793815
11.0 1.93429
11.0040816326531 0.0
11.0081632653061 0.0
11.0122448979592 0.0
11.0163265306122 0.0
11.0204081632653 2.84898
11.0244897959184 4.47881
11.0285714285714 4.8995
11.0326530612245 4.22817
11.0367346938776 3.04508
11.0408163265306 1.17975
11.0448979591837 5.46837
11.0489795918367 2.3191
11.0530612244898 5.0559
11.0571428571429 0.0
11.0612244897959 0.0
11.065306122449 0.0
11.069387755102 1.56015
11.0734693877551 0.0
11.0775510204082 0.0
11.0816326530612 0.0
11.0857142857143 0.0
11.0897959183673 0.0
11.0938775510204 0.0
11.0979591836735 0.0
11.1020408163265 0.0
11.1061224489796 0.189006
11.1102040816327 0.0
11.1142857142857 0.0
11.1183673469388 0.0
11.1224489795918 0.642538
11.1265306122449 3.75384
11.130612244898 4.52316
11.134693877551 8.47542
11.1387755102041 12.226
11.1428571428571 16.7961
11.1469387755102 21.3546
11.1510204081633 26.4134
11.1551020408163 26.3474
11.1591836734694 20.2911
11.1632653061224 21.9259
11.1673469387755 16.9103
11.1714285714286 12.2056
11.1755102040816 9.15277
11.1795918367347 6.13201
11.1836734693878 2.03657
11.1877551020408 0.0
11.1918367346939 0.0
11.1959183673469 0.0
11.2 0.0
11.2040816326531 0.0
11.2081632653061 0.0
11.2122448979592 0.0
11.2163265306122 2.96497
11.2204081632653 1.22643
11.2244897959184 1.57559
11.2285714285714 0.0
11.2326530612245 0.0
11.2367346938776 0.0
11.2408163265306 0.0
11.2448979591837 0.750303
11.2489795918367 0.0
11.2530612244898 0.0
11.2571428571429 0.465512
11.2612244897959 0.0
11.265306122449 0.376463
11.269387755102 2.95639
11.2734693877551 1.52063
11.2775510204082 0.829101
11.2816326530612 1.97923
11.2857142857143 1.99926
11.2897959183673 0.260711
11.2938775510204 0.175238
11.2979591836735 0.0
11.3020408163265 0.0
11.3061224489796 0.0
11.3102040816327 0.481486
11.3142857142857 0.0
11.3183673469388 0.0
11.3224489795918 0.0
11.3265306122449 0.0
11.330612244898 0.0
11.334693877551 0.0
11.3387755102041 0.0
11.3428571428571 0.0
11.3469387755102 0.0
11.3510204081633 0.0
11.3551020408163 0.0
11.3591836734694 0.0
11.3632653061224 0.392735
11.3673469387755 3.56817
11.3714285714286 12.7887
11.3755102040816 17.307
11.3795918367347 19.1982
11.3836734693878 34.5529
11.3877551020408 21.7972
11.3918367346939 17.7948
11.3959183673469 15.9317
11.4 18.6371
11.4040816326531 25.9469
11.4081632653061 28.9756
11.4122448979592 19.0939
11.4163265306122 12.7335
11.4204081632653 2.99716
11.4244897959184 0.0
11.4285714285714 0.0
11.4326530612245 0.0
11.4367346938776 0.0
11.4408163265306 0.0
11.4448979591837 0.0
11.4489795918367 0.0
11.4530612244898 0.715613
11.4571428571429 0.0
11.4612244897959 0.0
11.465306122449 0.0
11.469387755102 0.0
11.4734693877551 0.0
11.4775510204082 0.0
11.4816326530612 0.0
11.4857142857143 5.43559
11.4897959183673 9.22132
11.4938775510204 12.1515
11.4979591836735 11.4653
11.5020408163265 8.42214
11.5061224489796 4.98176
11.5102040816327 2.07853
11.5142857142857 1.28269
11.5183673469388 0.0956059
11.5224489795918 0.0
11.5265306122449 0.0
11.530612244898 0.0
11.534693877551 0.0
11.5387755102041 0.0
11.5428571428571 2.13826
11.5469387755102 0.0
11.5510204081633 0.0
11.5551020408163 0.367522
11.5591836734694 0.0
11.5632653061224 3.91614
11.5673469387755 2.94125
11.5714285714286 14.1357
11.5755102040816 29.3092
11.5795918367347 30.4581
11.5836734693878 31.7954
11.5877551020408 32.631
11.5918367346939 30.8748
11.5959183673469 24.7475
11.6 15.9664
11.6040816326531 7.45785
11.6081632653061 1.80042
11.6122448979592 0.0
11.6163265306122 0.0
11.6204081632653 0.0
11.6244897959184 0.0
11.6285714285714 0.0
11.6326530612245 0.0
11.6367346938776 0.0
11.6408163265306 0.0
11.6448979591837 0.0
11.6489795918367 0.0
11.6530612244898 7.70485
11.6571428571429 3.97003
11.6612244897959 8.80182
11.665306122449 3.75319
11.669387755102 0.0
11.6734693877551 0.0
11.6775510204082 0.0
11.6816326530612 0.0
11.6857142857143 0.0
11.6897959183673 0.0
11.6938775510204 0.0
11.6979591836735 0.0
11.7020408163265 0.0
11.7061224489796 0.0
11.7102040816327 0.0
11.7142857142857 0.0
11.7183673469388 0.0
11.7224489795918 0.105143
11.7265306122449 0.0
11.730612244898 0.405312
11.734693877551 2.84898
11.7387755102041 0.0
11.7428571428571 0.0
11.7469387755102 0.140309
11.7510204081633 0.0
11.7551020408163 0.0
11.7591836734694 0.121176
11.7632653061224 4.89783
11.7673469387755 1.65534
11.7714285714286 3.97903
11.7755102040816 5.32836
11.7795918367347 8.83722
11.7836734693878 12.4128
11.7877551020408 20.8895
11.7918367346939 18.0265
11.7959183673469 24.1681
11.8 24.6512
11.8040816326531 19.7066
11.8081632653061 9.67646
11.8122448979592 10.9049
11.8163265306122 3.28374
11.8204081632653 0.0
11.8244897959184 0.0
11.8285714285714 0.0
11.8326530612245 0.0
11.8367346938776 0.0
11.8408163265306 0.0
11.8448979591837 0.0
11.8489795918367 3.8718
11.8530612244898 5.06699
11.8571428571429 5.43344
11.8612244897959 2.03753
11.865306122449 0.0
11.869387755102 0.0
11.8734693877551 0.0
11.8775510204082 0.0
11.8816326530612 0.0
11.8857142857143 0.0
11.8897959183673 0.0
11.8938775510204 0.0
11.8979591836735 3.04675
11.9020408163265 7.98678
11.9061224489796 8.39281
11.9102040816327 10.932
11.9142857142857 12.2993
11.9183673469388 9.35
11.9224489795918 6.68955
11.9265306122449 2.1503
11.930612244898 0.0
11.934693877551 0.0
11.9387755102041 0.0
11.9428571428571 0.0
11.9469387755102 0.0
11.9510204081633 0.0
11.9551020408163 0.0
11.9591836734694 0.0
11.9632653061224 0.0
11.9673469387755 0.0
11.9714285714286 0.0
11.9755102040816 0.0
11.9795918367347 0.0
11.9836734693878 0.0
11.9877551020408 0.0
11.9918367346939 0.0
11.9959183673469 0.0
12.0 0.0
12.0040816326531 5.86253
12.0081632653061 6.0873
12.0122448979592 11.6559
12.0163265306122 6.0817
12.0204081632653 10.0114
12.0244897959184 10.6975
12.0285714285714 11.1061
12.0326530612245 7.57706
12.0367346938776 4.74721
12.0408163265306 1.14524
12.0448979591837 0.0
12.0489795918367 0.0
12.0530612244898 0.0
12.0571428571429 0.0
12.0612244897959 0.0
12.065306122449 0.0
12.069387755102 0.0
12.0734693877551 0.0
12.0775510204082 0.0
12.0816326530612 1.66774
12.0857142857143 3.96395
12.0897959183673 3.74222
12.0938775510204 1.72365
12.0979591836735 0.54574
12.1020408163265 0.0
12.1061224489796 0.0
12.1102040816327 0.0
12.1142857142857 1.9809
12.1183673469388 1.65284
12.1224489795918 0.0
12.1265306122449 0.0
12.130612244898 0.0
12.134693877551 0.0
12.1387755102041 0.0
12.1428571428571 0.0
12.1469387755102 0.0
12.1510204081633 0.0
12.1551020408163 0.0
12.1591836734694 0.0
12.1632653061224 0.0
12.1673469387755 0.0
12.1714285714286 0.0
12.1755102040816 0.0
12.1795918367347 0.0
12.1836734693878 0.0
12.1877551020408 0.0
12.1918367346939 0.0
12.1959183673469 0.0
12.2 0.0
12.2040816326531 0.0
12.2081632653061 0.0
12.2122448979592 0.0
12.2163265306122 0.0
12.2204081632653 0.0
12.2244897959184 0.0
12.2285714285714 0.0
12.2326530612245 0.0
12.2367346938776 4.87792
12.2408163265306 4.33016
12.2448979591837 15.9073
12.2489795918367 18.3904
12.2530612244898 23.8718
12.2571428571429 29.5059
12.2612244897959 35.6422
12.265306122449 34.6718
12.269387755102 33.3133
12.2734693877551 38.9205
12.2775510204082 39.9256
12.2816326530612 27.8354
12.2857142857143 16.7208
12.2897959183673 12.6287
12.2938775510204 10.0318
12.2979591836735 3.52371
12.3020408163265 0.0
12.3061224489796 0.0
12.3102040816327 0.13566
12.3142857142857 0.0
12.3183673469388 0.0
12.3224489795918 0.0
12.3265306122449 0.0
12.330612244898 4.75454
12.334693877551 0.0
12.3387755102041 1.68157
12.3428571428571 0.0
12.3469387755102 0.0
12.3510204081633 0.0
12.3551020408163 0.0
12.3591836734694 0.0
12.3632653061224 0.0
12.3673469387755 0.0
12.3714285714286 0.0
12.3755102040816 0.0
12.3795918367347 0.0
12.3836734693878 0.0
12.3877551020408 3.19648
12.3918367346939 3.08704
12.3959183673469 1.56975
12.4 1.08981
12.4040816326531 3.23796
12.4081632653061 3.94821
12.4122448979592 3.06392
12.4163265306122 1.63198
12.4204081632653 0.758648
12.4244897959184 3.19508
12.4285714285714 2.04223
12.4326530612245 3.20727
12.4367346938776 0.469685
12.4408163265306 0.0
12.4448979591837 2.12622
12.4489795918367 11.7348
12.4530612244898 21.2107
12.4571428571429 27.0189
12.4612244897959 30.5535
12.465306122449 28.3202
12.469387755102 33.5134
12.4734693877551 27.6371
12.4775510204082 28.5412
12.4816326530612 16.5552
12.4857142857143 2.96712
12.4897959183673 0.0
12.4938775510204 0.0
12.4979591836735 0.0
12.5020408163265 0.0
12.5061224489796 0.0
12.5102040816327 0.0
12.5142857142857 0.0
12.5183673469388 0.0
12.5224489795918 0.0
12.5265306122449 0.0
12.530612244898 0.0
12.534693877551 0.0
12.5387755102041 0.0
12.5428571428571 0.0
12.5469387755102 0.0
12.5510204081633 0.0
12.5551020408163 0.0
12.5591836734694 0.0
12.5632653061224 0.0
12.5673469387755 0.0
12.5714285714286 0.0
12.5755102040816 0.0
12.5795918367347 0.0
12.5836734693878 0.0
12.5877551020408 0.0
12.5918367346939 0.0
12.5959183673469 0.0
12.6 0.0
12.6040816326531 0.0
12.6081632653061 0.0
12.6122448979592 0.0
12.6163265306122 0.0
12.6204081632653 0.0
12.6244897959184 0.0
12.6285714285714 0.0
12.6326530612245 0.0
12.6367346938776 0.0
12.6408163265306 0.0
12.6448979591837 0.0
12.6489795918367 0.0
12.6530612244898 0.698686
12.6571428571429 0.304222
12.6612244897959 2.44331
12.665306122449 8.52716
12.669387755102 14.6384
12.6734693877551 23.8087
12.6775510204082 35.965
12.6816326530612 41.6254
12.6857142857143 44.3884
12.6897959183673 40.7339
12.6938775510204 35.4437
12.6979591836735 31.7441
12.7020408163265 29.5571
12.7061224489796 22.1773
12.7102040816327 6.19566
12.7142857142857 0.477076
12.7183673469388 0.700712
12.7224489795918 3.59225
12.7265306122449 0.222206
12.730612244898 0.569344
12.734693877551 2.77913
12.7387755102041 1.47736
12.7428571428571 14.1425
12.7469387755102 16.8735
12.7510204081633 16.0366
12.7551020408163 8.38065
12.7591836734694 4.24337
12.7632653061224 1.0705
12.7673469387755 0.0
12.7714285714286 0.0
12.7755102040816 0.0
12.7795918367347 0.0
12.7836734693878 2.43413
12.7877551020408 0.0
12.7918367346939 2.04444
12.7959183673469 1.65439
12.8 2.06709
12.8040816326531 2.7312
12.8081632653061 0.882506
12.8122448979592 0.786662
12.8163265306122 0.0
12.8204081632653 0.0
12.8244897959184 1.18852
12.8285714285714 0.0
12.8326530612245 0.0
12.8367346938776 0.0
12.8408163265306 0.0
12.8448979591837 0.0
12.8489795918367 0.0
12.8530612244898 0.0
12.8571428571429 0.0
12.8612244897959 0.0
12.865306122449 0.0
12.869387755102 0.0
12.8734693877551 3.59511
12.8775510204082 1.65093
12.8816326530612 0.0
12.8857142857143 0.0
12.8897959183673 0.418782
12.8938775510204 2.57134
12.8979591836735 0.184178
12.9020408163265 3.50463
12.9061224489796 5.95802
12.9102040816327 7.73197
12.9142857142857 7.10535
12.9183673469388 9.49878
12.9224489795918 4.03601
12.9265306122449 5.73862
12.930612244898 0.514746
12.934693877551 0.0
12.9387755102041 0.142455
12.9428571428571 0.0
12.9469387755102 0.0
12.9510204081633 1.47188
12.9551020408163 0.232995
12.9591836734694 0.99647
12.9632653061224 0.0
12.9673469387755 0.650167
12.9714285714286 0.122786
12.9755102040816 0.872731
12.9795918367347 1.42235
12.9836734693878 1.47033
12.9877551020408 0.682831
12.9918367346939 0.0
12.9959183673469 1.83535
13.0 1.6247
13.0040816326531 2.48134
13.0081632653061 1.06716
13.0122448979592 0.0
13.0163265306122 0.0
13.0204081632653 0.0
13.0244897959184 0.0
13.0285714285714 1.08111
13.0326530612245 1.73521
13.0367346938776 4.10485
13.0408163265306 4.5867
13.0448979591837 7.67267
13.0489795918367 7.64787
13.0530612244898 9.08446
13.0571428571429 1.48082
13.0612244897959 0.625968
13.065306122449 0.0
13.069387755102 0.0
13.0734693877551 0.0
13.0775510204082 0.0
13.0816326530612 0.0
13.0857142857143 0.0
13.0897959183673 0.0
13.0938775510204 0.0
13.0979591836735 1.62125
13.1020408163265 0.0
13.1061224489796 7.47788
13.1102040816327 6.84929
13.1142857142857 1.28031
13.1183673469388 2.50483
13.1224489795918 21.596
13.1265306122449 27.1458
13.130612244898 21.3504
13.134693877551 19.1077
13.1387755102041 21.9353
13.1428571428571 17.4713
13.1469387755102 13.1107
13.1510204081633 12.0153
13.1551020408163 3.35789
13.1591836734694 4.23002
13.1632653061224 6.21581
13.1673469387755 7.80487
13.1714285714286 6.90699
13.1755102040816 8.0322
13.1795918367347 2.57236
13.1836734693878 0.289798
13.1877551020408 0.0
13.1918367346939 0.0
13.1959183673469 0.0
13.2 0.0
13.2040816326531 0.0
13.2081632653061 0.0
13.2122448979592 0.0
13.2163265306122 0.0
13.2204081632653 0.0
13.2244897959184 0.0
13.2285714285714 0.514865
13.2326530612245 0.0
13.2367346938776 0.0
13.2408163265306 0.0
13.2448979591837 0.161648
13.2489795918367 0.0
13.2530612244898 0.0
13.2571428571429 0.0
13.2612244897959 0.0
13.265306122449 0.159621
13.269387755102 0.0
13.2734693877551 0.0
13.2775510204082 0.0
13.2816326530612 0.0
13.2857142857143 0.14925
13.2897959183673 1.00917
13.2938775510204 0.714064
13.2979591836735 3.43323
13.3020408163265 3.58415
13.3061224489796 1.57464
13.3102040816327 4.5495
13.3142857142857 1.67584
13.3183673469388 1.25682
13.3224489795918 11.2344
13.3265306122449 14.3529
13.330612244898 17.262
13.334693877551 24.4411
13.3387755102041 24.5614
13.3428571428571 28.8344
13.3469387755102 33.8292
13.3510204081633 29.9414
13.3551020408163 24.0036
13.3591836734694 28.6148
13.3632653061224 15.3432
13.3673469387755 3.11542
13.3714285714286 0.0735521
13.3755102040816 0.0
13.3795918367347 0.0
13.3836734693878 0.0
13.3877551020408 0.0
13.3918367346939 0.0
13.3959183673469 0.0
13.4 0.0
13.4040816326531 0.0
13.4081632653061 0.0
13.4122448979592 0.0
13.4163265306122 0.0
13.4204081632653 0.0
13.4244897959184 0.0
13.4285714285714 0.0
13.4326530612245 0.0
13.4367346938776 0.0
13.4408163265306 0.0
13.4448979591837 0.0
13.4489795918367 0.0
13.4530612244898 2.62749
13.4571428571429 4.95267
13.4612244897959 1.16694
13.465306122449 8.39168
13.469387755102 11.0083
13.4734693877551 10.8776
13.4775510204082 9.46373
13.4816326530612 7.25353
13.4857142857143 3.69245
13.4897959183673 0.0
13.4938775510204 0.0
13.4979591836735 0.0
13.5020408163265 0.0
13.5061224489796 0.0
13.5102040816327 0.0
13.5142857142857 0.437379
13.5183673469388 8.96871
13.5224489795918 17.7106
13.5265306122449 25.7044
13.530612244898 26.5523
13.534693877551 22.2762
13.5387755102041 5.17929
13.5428571428571 4.94564
13.5469387755102 12.7941
13.5510204081633 19.1956
13.5551020408163 21.9773
13.5591836734694 19.7446
13.5632653061224 28.974
13.5673469387755 20.4093
13.5714285714286 11.5649
13.5755102040816 9.18448
13.5795918367347 0.0
13.5836734693878 1.37651
13.5877551020408 0.0
13.5918367346939 0.0
13.5959183673469 0.0
13.6 0.0
13.6040816326531 0.0
13.6081632653061 0.0
13.6122448979592 4.67563
13.6163265306122 4.01312
13.6204081632653 2.8469
13.6244897959184 4.56673
13.6285714285714 1.16241
13.6326530612245 1.24443
13.6367346938776 0.0
13.6408163265306 2.31934
13.6448979591837 2.98393
13.6489795918367 0.0
13.6530612244898 0.0
13.6571428571429 0.0
13.6612244897959 0.0
13.665306122449 0.0
13.669387755102 0.0
13.6734693877551 0.0
13.6775510204082 0.0
13.6816326530612 0.0
13.6857142857143 0.294566
13.6897959183673 2.71487
13.6938775510204 11.5966
13.6979591836735 8.3009
13.7020408163265 4.22084
13.7061224489796 5.95415
13.7102040816327 4.39036
13.7142857142857 4.58038
13.7183673469388 2.51973
13.7224489795918 3.81207
13.7265306122449 0.698328
13.730612244898 3.07322
13.734693877551 6.61147
13.7387755102041 5.24092
13.7428571428571 4.73642
13.7469387755102 3.11738
13.7510204081633 3.21686
13.7551020408163 5.48214
13.7591836734694 6.96164
13.7632653061224 16.1269
13.7673469387755 19.6249
13.7714285714286 19.788
13.7755102040816 13.5901
13.7795918367347 6.16157
13.7836734693878 0.818372
13.7877551020408 0.0
13.7918367346939 0.0
13.7959183673469 0.0
13.8 0.0
13.8040816326531 0.0
13.8081632653061 0.0
13.8122448979592 0.0
13.8163265306122 0.0
13.8204081632653 0.0
13.8244897959184 2.4057
13.8285714285714 5.36621
13.8326530612245 5.03325
13.8367346938776 12.5677
13.8408163265306 18.4492
13.8448979591837 10.8401
13.8489795918367 4.79341
13.8530612244898 0.0
13.8571428571429 7.8702
13.8612244897959 10.4938
13.865306122449 14.3744
13.869387755102 15.2535
13.8734693877551 16.028
13.8775510204082 11.2045
13.8816326530612 11.3187
13.8857142857143 7.28846
13.8897959183673 1.5294
13.8938775510204 2.36392
13.8979591836735 2.85554
13.9020408163265 3.6723
13.9061224489796 0.0
13.9102040816327 0.0
13.9142857142857 0.0
13.9183673469388 0.0
13.9224489795918 0.0
13.9265306122449 0.0
13.930612244898 0.414371
13.934693877551 4.26674
13.9387755102041 0.972271
13.9428571428571 7.11656
13.9469387755102 10.3627
13.9510204081633 6.28883
13.9551020408163 6.01137
13.9591836734694 5.64432
13.9632653061224 2.92754
13.9673469387755 0.427961
13.9714285714286 0.483036
13.9755102040816 0.0
13.9795918367347 0.0104904
13.9836734693878 0.491858
13.9877551020408 0.798464
13.9918367346939 2.40743
13.9959183673469 0.788212
14.0 2.45309
14.0040816326531 4.7729
14.0081632653061 2.77799
14.0122448979592 2.02233
14.0163265306122 3.45445
14.0204081632653 7.07293
14.0244897959184 5.85437
14.0285714285714 4.52828
14.0326530612245 3.09068
14.0367346938776 2.73895
14.0408163265306 0.967145
14.0448979591837 0.0
14.0489795918367 0.0
14.0530612244898 0.0
14.0571428571429 0.0
14.0612244897959 0.0
14.065306122449 0.0
14.069387755102 0.0
14.0734693877551 0.0
14.0775510204082 0.0
14.0816326530612 0.0
14.0857142857143 0.0
14.0897959183673 0.0
14.0938775510204 2.74897
14.0979591836735 4.43196
14.1020408163265 0.193596
14.1061224489796 0.0
14.1102040816327 0.323772
14.1142857142857 0.0
14.1183673469388 0.0
14.1224489795918 0.0
14.1265306122449 0.0
14.130612244898 0.0
14.134693877551 0.0
14.1387755102041 0.396073
14.1428571428571 0.520468
14.1469387755102 2.79522
14.1510204081633 2.72632
14.1551020408163 1.34993
14.1591836734694 0.45526
14.1632653061224 0.0
14.1673469387755 0.0
14.1714285714286 0.0
14.1755102040816 0.0
14.1795918367347 0.0
14.1836734693878 0.0
14.1877551020408 0.0
14.1918367346939 0.852108
14.1959183673469 5.81217
14.2 12.0548
14.2040816326531 12.5265
14.2081632653061 15.9113
14.2122448979592 22.6008
14.2163265306122 28.6379
14.2204081632653 39.8255
14.2244897959184 43.4024
14.2285714285714 36.1527
14.2326530612245 34.0103
14.2367346938776 28.9063
14.2408163265306 16.4575
14.2448979591837 9.71603
14.2489795918367 3.48067
14.2530612244898 0.0
14.2571428571429 0.0
14.2612244897959 0.0
14.265306122449 0.0
14.269387755102 0.0
14.2734693877551 0.0
14.2775510204082 0.0
14.2816326530612 0.0
14.2857142857143 0.0
14.2897959183673 0.0
14.2938775510204 0.0
14.2979591836735 0.0
14.3020408163265 0.0
14.3061224489796 0.0
14.3102040816327 0.0
14.3142857142857 0.0
14.3183673469388 0.0
14.3224489795918 0.0
14.3265306122449 0.0
14.330612244898 0.0
14.334693877551 0.0
14.3387755102041 0.0
14.3428571428571 0.0
14.3469387755102 0.513792
14.3510204081633 1.20986
14.3551020408163 0.341892
14.3591836734694 0.0374317
14.3632653061224 0.0
14.3673469387755 0.0
14.3714285714286 0.0
14.3755102040816 0.0
14.3795918367347 0.0
14.3836734693878 0.0
14.3877551020408 0.0
14.3918367346939 0.0
14.3959183673469 0.0
14.4 0.0
14.4040816326531 0.0
14.4081632653061 0.0
14.4122448979592 0.0
14.4163265306122 0.0
14.4204081632653 0.0
14.4244897959184 0.0
14.4285714285714 1.43111
14.4326530612245 4.57746
14.4367346938776 7.02113
14.4408163265306 7.9214
14.4448979591837 5.48548
14.4489795918367 3.25221
14.4530612244898 6.37329
14.4571428571429 2.29162
14.4612244897959 0.0
14.465306122449 0.0
14.469387755102 0.0
14.4734693877551 0.0
14.4775510204082 0.0
14.4816326530612 0.0
14.4857142857143 0.0
14.4897959183673 0.0
14.4938775510204 0.470877
14.4979591836735 8.87418
14.5020408163265 17.0169
14.5061224489796 17.2519
14.5102040816327 15.1827
14.5142857142857 13.181
14.5183673469388 8.52382
14.5224489795918 7.79986
14.5265306122449 2.37489
14.530612244898 5.22137
14.534693877551 3.16465
14.5387755102041 0.102162
14.5428571428571 2.07758
14.5469387755102 0.0
14.5510204081633 0.0
14.5551020408163 0.0
14.5591836734694 0.0
14.5632653061224 0.0
14.5673469387755 1.74737
14.5714285714286 1.17338
14.5755102040816 0.967383
14.5795918367347 0.084877
14.5836734693878 0.0
14.5877551020408 0.0
14.5918367346939 0.0
14.5959183673469 1.36924
14.6 2.60282
14.6040816326531 7.33602
14.6081632653061 1.7736
14.6122448979592 3.12078
14.6163265306122 0.0845194
14.6204081632653 1.21582
14.6244897959184 0.0
14.6285714285714 1.03331
14.6326530612245 0.719547
14.6367346938776 3.79658
14.6408163265306 0.203609
14.6448979591837 7.42936
14.6489795918367 3.07894
14.6530612244898 11.5787
14.6571428571429 14.5663
14.6612244897959 14.739
14.665306122449 13.2899
14.669387755102 12.015
14.6734693877551 13.8654
14.6775510204082 10.1588
14.6816326530612 2.88343
14.6857142857143 4.3174
14.6897959183673 0.581384
14.6938775510204 3.1662
14.6979591836735 0.821948
14.7020408163265 0.0
14.7061224489796 0.0
14.7102040816327 0.0
14.7142857142857 0.0
14.7183673469388 0.0
14.7224489795918 0.0
14.7265306122449 0.0
14.730612244898 0.728488
14.734693877551 0.401735
14.7387755102041 0.0
14.7428571428571 0.0
14.7469387755102 0.0
14.7510204081633 0.0
14.7551020408163 0.0
14.7591836734694 0.0
14.7632653061224 0.598669
14.7673469387755 1.12259
14.7714285714286 0.381708
14.7755102040816 0.0
14.7795918367347 0.0
14.7836734693878 0.762105
14.7877551020408 0.0
14.7918367346939 0.0
14.7959183673469 0.0
14.8 0.0
14.8040816326531 0.0
14.8081632653061 0.0
14.8122448979592 0.342846
14.8163265306122 3.59106
14.8204081632653 0.834703
14.8244897959184 1.61541
14.8285714285714 2.65777
14.8326530612245 1.48797
14.8367346938776 0.0
14.8408163265306 0.367999
14.8448979591837 2.62749
14.8489795918367 1.1251
14.8530612244898 0.0
14.8571428571429 0.0
14.8612244897959 0.0
14.865306122449 1.79708
14.869387755102 7.10618
14.8734693877551 11.2861
14.8775510204082 7.83479
14.8816326530612 7.17616
14.8857142857143 9.34958
14.8897959183673 9.35924
14.8938775510204 3.70181
14.8979591836735 1.09148
14.9020408163265 0.0
14.9061224489796 0.0
14.9102040816327 0.0
14.9142857142857 0.0
14.9183673469388 0.0
14.9224489795918 0.0
14.9265306122449 0.706792
14.930612244898 10.5604
14.934693877551 6.04278
14.9387755102041 6.17146
14.9428571428571 0.0
14.9469387755102 0.0
14.9510204081633 0.0
14.9551020408163 0.0
14.9591836734694 0.0
14.9632653061224 0.0
14.9673469387755 0.0
14.9714285714286 0.0
14.9755102040816 0.0
