0.00408163265306122 0.0
0.00816326530612245 0.0
0.0122448979591837 0.0
0.0163265306122449 0.0
0.0204081632653061 0.0
0.0244897959183673 0.0
0.0285714285714286 7.70855
0.0326530612244898 10.9476
0.036734693877551 2.81549
0.0408163265306122 5.30112
0.0448979591836735 1.73986
0.0489795918367347 0.0
0.0530612244897959 0.0
0.0571428571428571 0.0
0.0612244897959184 0.0
0.0653061224489796 0.0
0.0693877551020408 0.0
0.073469387755102 0.0
0.0775510204081633 0.0
0.0816326530612245 0.0
0.0857142857142857 0.0
0.0897959183673469 0.0
0.0938775510204082 0.0
0.0979591836734694 0.0
0.102040816326531 0.0
0.106122448979592 1.40285
0.110204081632653 7.79259
0.114285714285714 2.81453
0.118367346938776 0.0
0.122448979591837 1.64902
0.126530612244898 5.47445
0.130612244897959 10.4588
0.13469387755102 15.3888
0.138775510204082 14.3664
0.142857142857143 4.95219
0.146938775510204 3.13771
0.151020408163265 1.64795
0.155102040816327 1.97268
0.159183673469388 3.53003
0.163265306122449 1.64306
0.16734693877551 5.04017
0.171428571428571 7.03657
0.175510204081633 9.97949
0.179591836734694 6.96266
0.183673469387755 4.35185
0.187755102040816 2.1168
0.191836734693878 0.353217
0.195918367346939 0.0
0.2 0.0
0.204081632653061 0.0
0.208163265306122 0.0
0.212244897959184 0.0
0.216326530612245 0.0
0.220408163265306 0.0
0.224489795918367 0.0
0.228571428571429 0.0
0.23265306122449 6.61111
0.236734693877551 19.1365
0.240816326530612 12.7217
0.244897959183673 22.3199
0.248979591836735 3156.58
0.253061224489796 410.577
0.257142857142857 345.828
0.261224489795918 370.914
0.26530612244898 311.109
0.269387755102041 265.948
0.273469387755102 215.288
0.277551020408163 169.182
0.281632653061224 129.573
0.285714285714286 94.0594
0.289795918367347 61.4108
0.293877551020408 30.292
0.297959183673469 0.896096
0.302040816326531 0.0
0.306122448979592 0.0
0.310204081632653 0.0
0.314285714285714 0.0
0.318367346938775 0.0
0.322448979591837 0.0
0.326530612244898 0.0
0.330612244897959 0.0
0.33469387755102 0.0
0.338775510204082 0.0
0.342857142857143 171.38
0.346938775510204 0.0
0.351020408163265 346.671
0.355102040816327 0.0
0.359183673469388 0.0
0.363265306122449 0.0
0.36734693877551 0.0
0.371428571428571 0.0
0.375510204081633 0.0
0.379591836734694 0.0
0.383673469387755 2.2853
0.387755102040816 0.844061
0.391836734693878 0.0
0.395918367346939 0.0
0.4 0.0
0.404081632653061 0.0
0.408163265306122 0.0
0.412244897959184 0.0
0.416326530612245 0.0
0.420408163265306 0.0
0.424489795918367 0.0
0.428571428571429 0.0
0.43265306122449 0.0
0.436734693877551 0.0
0.440816326530612 0.0
0.444897959183673 0.0
0.448979591836735 0.0
0.453061224489796 0.0
0.457142857142857 0.0
0.461224489795918 0.0
0.46530612244898 0.0
0.469387755102041 0.0
0.473469387755102 0.0
0.477551020408163 0.0
0.481632653061224 0.0
0.485714285714286 0.0
0.489795918367347 0.0
0.493877551020408 0.0
0.497959183673469 0.0
0.502040816326531 0.0
0.506122448979592 0.0
0.510204081632653 0.0
0.514285714285714 0.0
0.518367346938776 0.0
0.522448979591837 0.0
0.526530612244898 0.0
0.530612244897959 0.0
0.53469387755102 0.0
0.538775510204082 0.0
0.542857142857143 0.0
0.546938775510204 0.0
0.551020408163265 1.23131
0.555102040816327 0.0
0.559183673469388 0.0
0.563265306122449 0.0
0.56734693877551 0.886798
0.571428571428571 9.89044
0.575510204081633 14.1413
0.579591836734694 14.0346
0.583673469387755 9.70542
0.587755102040816 9.45318
0.591836734693878 4.18961
0.595918367346939 4.37629
0.6 6.35684
0.604081632653061 7.33948
0.608163265306122 3.92985
0.612244897959184 0.21112
0.616326530612245 0.0
0.620408163265306 0.0
0.624489795918367 0.0
0.628571428571429 0.0
0.63265306122449 0.0
0.636734693877551 0.0
0.640816326530612 0.0
0.644897959183673 0.0
0.648979591836735 0.0
0.653061224489796 0.0
0.657142857142857 0.0
0.661224489795918 0.0
0.66530612244898 0.0
0.669387755102041 4.11248
0.673469387755102 0.0
0.677551020408163 0.0
0.681632653061224 0.0
0.685714285714286 0.0
0.689795918367347 0.0629425
0.693877551020408 3.06976
0.697959183673469 5.45895
0.702040816326531 10.5038
0.706122448979592 15.7044
0.710204081632653 20.2091
0.714285714285714 19.5323
0.718367346938775 19.4472
0.722448979591837 170.891
0.726530612244898 2278.55
0.730612244897959 107.098
0.73469387755102 388.496
0.738775510204082 348.645
0.742857142857143 298.117
0.746938775510204 246.428
0.751020408163265 197.418
0.755102040816326 154.161
0.759183673469388 116.063
0.763265306122449 81.7167
0.76734693877551 49.8061
0.771428571428571 19.3269
0.775510204081633 0.0
0.779591836734694 0.0
0.783673469387755 0.0
0.787755102040816 0.0
0.791836734693877 0.0
0.795918367346939 0.0
0.8 0.0
0.804081632653061 0.0
0.808163265306122 0.0
0.812244897959184 0.0
0.816326530612245 0.0
0.820408163265306 0.0
0.824489795918367 0.0
0.828571428571429 45.0283
0.83265306122449 0.0
0.836734693877551 0.0
0.840816326530612 0.0
0.844897959183673 0.0
0.848979591836735 0.0
0.853061224489796 4.55427
0.857142857142857 0.0
0.861224489795918 0.0
0.86530612244898 4.87471
0.869387755102041 0.0
0.873469387755102 0.0
0.877551020408163 0.0
0.881632653061225 0.0
0.885714285714286 0.0
0.889795918367347 0.0
0.893877551020408 0.0
0.897959183673469 0.0
0.902040816326531 0.0
0.906122448979592 0.0
0.910204081632653 0.0
0.914285714285714 2.80964
0.918367346938776 0.0
0.922448979591837 11.6365
0.926530612244898 3.16811
0.930612244897959 0.0
0.93469387755102 1.38319
0.938775510204082 0.0
0.942857142857143 0.0
0.946938775510204 0.0
0.951020408163265 0.0
0.955102040816327 0.0
0.959183673469388 0.0
0.963265306122449 0.0
0.96734693877551 0.0
0.971428571428571 0.0
0.975510204081633 0.0
0.979591836734694 0.0
0.983673469387755 0.0
0.987755102040816 0.0
0.991836734693878 0.0
0.995918367346939 0.0
1.0 0.0
1.00408163265306 0.0
1.00816326530612 0.0
1.01224489795918 0.0
1.01632653061224 0.0
1.02040816326531 0.0
1.02448979591837 0.0
1.02857142857143 0.0
1.03265306122449 0.0
1.03673469387755 0.0
1.04081632653061 0.0
1.04489795918367 0.0
1.04897959183673 2.41768
1.0530612244898 2.86233
1.05714285714286 0.379086
1.06122448979592 0.0
1.06530612244898 0.0
1.06938775510204 0.0
1.0734693877551 0.0
1.07755102040816 0.0
1.08163265306122 0.0
1.08571428571429 0.0
1.08979591836735 0.0
1.09387755102041 0.0
1.09795918367347 0.0
1.10204081632653 1.66392
1.10612244897959 0.0
1.11020408163265 0.0
1.11428571428571 0.0
1.11836734693878 0.0
1.12244897959184 0.0
1.1265306122449 1.845
1.13061224489796 0.0
1.13469387755102 1.54018
1.13877551020408 6.73759
1.14285714285714 3.66807
1.1469387755102 4.19509
1.15102040816327 2.20823
1.15510204081633 0.0
1.15918367346939 0.0
1.16326530612245 0.0
1.16734693877551 0.0
1.17142857142857 0.0
1.17551020408163 0.0
1.17959183673469 0.0
1.18367346938776 0.0
1.18775510204082 0.0
1.19183673469388 0.0
1.19591836734694 0.0
1.2 632.898
1.20408163265306 2200.35
1.20816326530612 49.5736
1.21224489795918 380.614
1.21632653061224 337.893
1.22040816326531 287.225
1.22448979591837 236.261
1.22857142857143 188.294
1.23265306122449 145.715
1.23673469387755 108.613
1.24081632653061 74.9985
1.24489795918367 43.5818
1.24897959183673 13.0797
1.2530612244898 0.0
1.25714285714286 0.0
1.26122448979592 0.0
1.26530612244898 0.0
1.26938775510204 0.0
1.2734693877551 0.0
1.27755102040816 0.0
1.28163265306122 0.0
1.28571428571429 0.0
1.28979591836735 0.0
1.29387755102041 0.0
1.29795918367347 0.0
1.30204081632653 0.0
1.30612244897959 0.0
1.31020408163265 0.0
1.31428571428571 0.0
1.31836734693878 10.726
1.32244897959184 0.0
1.3265306122449 0.0
1.33061224489796 13.8552
1.33469387755102 0.0
1.33877551020408 0.0
1.34285714285714 0.0
1.3469387755102 0.0
1.35102040816327 0.0
1.35510204081633 0.0
1.35918367346939 0.0
1.36326530612245 0.0
1.36734693877551 0.0
1.37142857142857 0.0
1.37551020408163 0.0
1.37959183673469 0.0
1.38367346938776 0.0
1.38775510204082 0.0
1.39183673469388 0.0
1.39591836734694 0.0
1.4 0.0
1.40408163265306 0.0
1.40816326530612 0.0
1.41224489795918 0.0
1.41632653061225 0.0
1.42040816326531 0.0
1.42448979591837 0.0
1.42857142857143 0.0
1.43265306122449 0.0
1.43673469387755 0.0
1.44081632653061 0.0
1.44489795918367 0.0
1.44897959183673 0.666738
1.4530612244898 0.0
1.45714285714286 19.4049
1.46122448979592 11.1313
1.46530612244898 9.83381
1.46938775510204 3.18265
1.4734693877551 0.0
1.47755102040816 0.0
1.48163265306122 0.0
1.48571428571429 9.12344
1.48979591836735 20.803
1.49387755102041 15.9594
1.49795918367347 16.9564
1.50204081632653 7.79271
1.50612244897959 8.80253
1.51020408163265 6.67968
1.51428571428571 3.64062
1.51836734693878 0.0
1.52244897959184 0.0
1.5265306122449 0.0
1.53061224489796 0.0
1.53469387755102 0.0
1.53877551020408 0.0
1.54285714285714 0.0
1.5469387755102 0.0
1.55102040816327 0.0
1.55510204081633 0.0
1.55918367346939 0.0
1.56326530612245 0.0
1.56734693877551 0.0
1.57142857142857 0.0
1.57551020408163 0.0
1.57959183673469 0.724196
1.58367346938775 19.2901
1.58775510204082 39.1645
1.59183673469388 47.4966
1.59591836734694 41.5275
1.6 41.4773
1.60408163265306 32.1928
1.60816326530612 17.678
1.61224489795918 6.40213
1.61632653061224 0.905752
1.62040816326531 0.0
1.62448979591837 0.0
1.62857142857143 0.0
1.63265306122449 0.0
1.63673469387755 0.0
1.64081632653061 0.0
1.64489795918367 0.0
1.64897959183673 0.0
1.6530612244898 0.0
1.65714285714286 3.86047
1.66122448979592 5.19359
1.66530612244898 15.4874
1.66938775510204 5.42992
1.6734693877551 9.71949
1.67755102040816 1236.04
1.68163265306122 585.25
1.68571428571429 340.885
1.68979591836735 369.622
1.69387755102041 324.672
1.69795918367347 275.196
1.70204081632653 224.391
1.70612244897959 177.867
1.71020408163265 136.633
1.71428571428571 100.502
1.71836734693878 67.4146
1.72244897959184 36.5514
1.7265306122449 6.23316
1.73061224489796 0.0
1.73469387755102 0.0
1.73877551020408 0.0
1.74285714285714 0.0
1.7469387755102 0.0
1.75102040816327 0.0
1.75510204081633 0.0
1.75918367346939 0.0
1.76326530612245 0.0
1.76734693877551 0.0
1.77142857142857 23.9131
1.77551020408163 0.0
1.77959183673469 0.0
1.78367346938776 0.0
1.78775510204082 0.0
1.79183673469388 0.0
1.79591836734694 0.0
1.8 0.0
1.80408163265306 0.0
1.80816326530612 0.0
1.81224489795918 0.0
1.81632653061224 0.0
1.82040816326531 0.0
1.82448979591837 0.0
1.82857142857143 0.0
1.83265306122449 0.0
1.83673469387755 0.0
1.84081632653061 0.0
1.84489795918367 0.0
1.84897959183673 0.0
1.8530612244898 0.0
1.85714285714286 0.0
1.86122448979592 0.0
1.86530612244898 0.0
1.86938775510204 0.0
1.8734693877551 0.0
1.87755102040816 0.0
1.88163265306122 0.0
1.88571428571429 0.0
1.88979591836735 0.0
1.89387755102041 0.0
1.89795918367347 0.0
1.90204081632653 0.0
1.90612244897959 0.0
1.91020408163265 0.0
1.91428571428571 0.0
1.91836734693878 0.0
1.92244897959184 0.0
1.9265306122449 0.0
1.93061224489796 0.0
1.93469387755102 0.0
1.93877551020408 0.0
1.94285714285714 0.0
1.9469387755102 0.0
1.95102040816327 0.0
1.95510204081633 0.0
1.95918367346939 0.0
1.96326530612245 0.0
1.96734693877551 0.0
1.97142857142857 0.0705719
1.97551020408163 3.74138
1.97959183673469 20.9347
1.98367346938776 41.0715
1.98775510204082 34.8865
1.99183673469388 11.4248
1.99591836734694 0.0
2.0 0.0
2.00408163265306 0.0
2.00816326530612 0.0
2.01224489795918 0.0
2.01632653061225 0.0
2.02040816326531 0.0
2.02448979591837 0.0
2.02857142857143 0.0168085
2.03265306122449 0.0
2.03673469387755 0.500202
2.04081632653061 0.0
2.04489795918367 0.0
2.04897959183673 0.0
2.0530612244898 0.0
2.05714285714286 7.51686
2.06122448979592 11.3181
2.06530612244898 19.6275
2.06938775510204 23.894
2.0734693877551 24.9771
2.07755102040816 18.8105
2.08163265306122 11.0408
2.08571428571429 5.92017
2.08979591836735 3.0874
2.09387755102041 1.59693
2.09795918367347 0.923395
2.10204081632653 1.36662
2.10612244897959 0.0
2.11020408163265 0.0
2.11428571428571 1.92916
2.11836734693878 1.63496
2.12244897959184 0.0
2.1265306122449 0.0
2.13061224489796 0.0
2.13469387755102 0.0
2.13877551020408 0.0
2.14285714285714 0.0
2.1469387755102 0.0
2.15102040816327 0.0
2.15510204081633 2617.27
2.15918367346939 15.1009
2.16326530612245 371.67
2.16734693877551 362.694
2.17142857142857 312.019
2.17551020408163 259.513
2.17959183673469 206.28
2.18367346938776 162.617
2.18775510204082 123.631
2.19183673469388 88.5498
2.19591836734694 55.9289
2.2 25.7781
2.20408163265306 0.0
2.20816326530612 0.0
2.21224489795918 0.0
2.21632653061224 0.0
2.22040816326531 0.0
2.22448979591837 0.0
2.22857142857143 0.0
2.23265306122449 0.0
2.23673469387755 0.0
2.24081632653061 0.0
2.24489795918367 0.0
2.24897959183673 0.0
2.2530612244898 0.0
2.25714285714286 75.9257
2.26122448979592 0.0
2.26530612244898 0.0
2.26938775510204 0.0
2.2734693877551 59.1543
2.27755102040816 0.0
2.28163265306122 0.0
2.28571428571429 0.0
2.28979591836735 0.0
2.29387755102041 0.0
2.29795918367347 0.0
2.30204081632653 0.0
2.30612244897959 0.0
2.31020408163265 5.59556
2.31428571428571 0.0
2.31836734693878 0.0
2.32244897959184 0.0
2.3265306122449 0.0
2.33061224489796 0.0
2.33469387755102 0.0
2.33877551020408 0.0
2.34285714285714 1.29861
2.3469387755102 0.0
2.35102040816327 0.0
2.35510204081633 0.0
2.35918367346939 0.0
2.36326530612245 0.0
2.36734693877551 0.0
2.37142857142857 0.0
2.37551020408163 0.0
2.37959183673469 0.0
2.38367346938776 0.0
2.38775510204082 0.0
2.39183673469388 0.0
2.39591836734694 0.0
2.4 0.0
2.40408163265306 0.0
2.40816326530612 0.0
2.41224489795918 0.0
2.41632653061225 0.0
2.42040816326531 0.0
2.42448979591837 0.0
2.42857142857143 0.0
2.43265306122449 0.0
2.43673469387755 0.0
2.44081632653061 0.0
2.44489795918367 0.0
2.44897959183673 0.0
2.4530612244898 0.0
2.45714285714286 0.0
2.46122448979592 0.0
2.46530612244898 0.0
2.46938775510204 0.0
2.4734693877551 0.0
2.47755102040816 0.0
2.48163265306122 0.0
2.48571428571429 0.0
2.48979591836735 0.0399351
2.49387755102041 0.0
2.49795918367347 0.0
2.50204081632653 1.22631
2.50612244897959 0.759482
2.51020408163265 6.47569
2.51428571428571 2.14922
2.51836734693878 6.86538
2.52244897959184 3.80433
2.5265306122449 1.52993
2.53061224489796 0.0
2.53469387755102 2.18928
2.53877551020408 0.0
2.54285714285714 0.0
2.5469387755102 0.0
2.55102040816327 0.0
2.55510204081633 0.0
2.55918367346939 1.5465
2.56326530612245 0.132203
2.56734693877551 4.03154
2.57142857142857 0.937462
2.57551020408163 2.24233
2.57959183673469 0.0
2.58367346938775 0.861406
2.58775510204082 0.0
2.59183673469388 0.915408
2.59591836734694 0.62561
2.6 0.0
2.60408163265306 0.0
2.60816326530612 0.0
2.61224489795918 0.0
2.61632653061224 0.0
2.62040816326531 0.0
2.62448979591837 0.0
2.62857142857143 2144.09
2.63265306122449 463.117
2.63673469387755 372.923
2.64081632653061 373.95
2.64489795918367 337.393
2.64897959183673 275.393
2.6530612244898 227.516
2.65714285714286 180.184
2.66122448979592 139.529
2.66530612244898 103.074
2.66938775510204 69.6403
2.6734693877551 38.1271
2.67755102040816 8.09848
2.68163265306122 0.0
2.68571428571429 0.0
2.68979591836735 0.0
2.69387755102041 0.0
2.69795918367347 0.0
2.70204081632653 0.0
2.70612244897959 0.0
2.71020408163265 0.0
2.71428571428571 0.0
2.71836734693878 0.0
2.72244897959184 0.0
2.7265306122449 0.0
2.73061224489796 0.0
2.73469387755102 0.0
2.73877551020408 0.0
2.74285714285714 0.0
2.7469387755102 47.6097
2.75102040816327 0.0
2.75510204081633 0.0
2.75918367346939 0.0
2.76326530612245 0.0
2.76734693877551 0.0
2.77142857142857 54.113
2.77551020408163 0.0
2.77959183673469 0.0
2.78367346938776 0.0
2.78775510204082 0.0
2.79183673469388 0.0
2.79591836734694 0.0
2.8 0.0
2.80408163265306 0.0
2.80816326530612 0.0
2.81224489795918 0.0
2.81632653061224 0.0
2.82040816326531 0.0
2.82448979591837 0.0
2.82857142857143 0.0
2.83265306122449 0.0
2.83673469387755 0.0
2.84081632653061 0.0
2.84489795918367 0.0
2.84897959183673 0.0
2.8530612244898 0.0
2.85714285714286 0.0
2.86122448979592 0.0
2.86530612244898 0.0
2.86938775510204 0.0
2.8734693877551 0.0
2.87755102040816 0.0
2.88163265306122 0.0
2.88571428571429 0.0
2.88979591836735 0.0
2.89387755102041 0.0
2.89795918367347 0.0
2.90204081632653 0.0
2.90612244897959 0.0
2.91020408163265 0.0
2.91428571428571 0.0
2.91836734693878 0.0
2.92244897959184 0.0
2.9265306122449 0.0
2.93061224489796 0.0
2.93469387755102 0.0
2.93877551020408 0.0
2.94285714285714 0.0
2.9469387755102 0.0
2.95102040816327 5.69236
2.95510204081633 5.26512
2.95918367346939 15.8678
2.96326530612245 18.4003
2.96734693877551 22.4771
2.97142857142857 23.4874
2.97551020408163 23.939
2.97959183673469 22.725
2.98367346938775 4.75907
2.98775510204082 0.0
2.99183673469388 1.01268
2.99591836734694 9.29666
3.0 12.3658
3.00408163265306 9.01878
3.00816326530612 8.10909
3.01224489795918 6.53434
3.01632653061225 2.95544
3.02040816326531 0.474334
3.02448979591837 16.8839
3.02857142857143 8.40181
3.03265306122449 0.0
3.03673469387755 0.0
3.04081632653061 0.0
3.04489795918367 0.0
3.04897959183673 0.0
3.0530612244898 0.0492334
3.05714285714286 0.0
3.06122448979592 0.0
3.06530612244898 0.0
3.06938775510204 0.0
3.0734693877551 0.0
3.07755102040816 0.0
3.08163265306122 0.0
3.08571428571429 0.0
3.08979591836735 0.0
3.09387755102041 0.0
3.09795918367347 0.0
3.10204081632653 0.0
3.10612244897959 2636.44
3.11020408163265 285.625
3.11428571428571 344.587
3.11836734693878 369.153
3.12244897959184 324.401
3.1265306122449 269.258
3.13061224489796 215.845
3.13469387755102 170.666
3.13877551020408 130.8
3.14285714285714 95.1565
3.1469387755102 62.3066
3.15102040816327 31.0829
3.15510204081633 1.41239
3.15918367346939 0.0
3.16326530612245 0.0
3.16734693877551 0.0
3.17142857142857 0.0
3.17551020408163 0.0
3.17959183673469 0.0
3.18367346938776 0.0
3.18775510204082 0.0
3.19183673469388 0.0
3.19591836734694 0.0
3.2 0.0
3.20408163265306 0.0
3.20816326530612 0.0
3.21224489795918 0.0
3.21632653061224 0.0
3.22040816326531 0.0
3.22448979591837 0.0
3.22857142857143 0.0
3.23265306122449 0.0
3.23673469387755 0.0
3.24081632653061 0.0
3.24489795918367 0.0
3.24897959183673 0.0
3.2530612244898 0.0
3.25714285714286 0.0
3.26122448979592 0.0
3.26530612244898 0.0
3.26938775510204 0.0
3.2734693877551 0.0
3.27755102040816 0.0
3.28163265306122 0.0
3.28571428571429 0.0
3.28979591836735 0.0
3.29387755102041 0.0
3.29795918367347 0.0
3.30204081632653 0.0
3.30612244897959 0.0
3.31020408163265 0.0
3.31428571428571 0.0
3.31836734693878 0.0
3.32244897959184 0.0
3.3265306122449 0.0
3.33061224489796 0.0
3.33469387755102 0.0
3.33877551020408 0.0
3.34285714285714 0.0
3.3469387755102 0.0
3.35102040816327 0.0
3.35510204081633 0.0
3.35918367346939 0.0
3.36326530612245 0.0
3.36734693877551 0.0
3.37142857142857 0.0
3.37551020408163 0.0
3.37959183673469 0.0
3.38367346938776 0.0
3.38775510204082 0.0
3.39183673469388 0.0
3.39591836734694 0.0
3.4 0.0
3.40408163265306 0.0
3.40816326530612 0.0
3.41224489795918 0.0
3.41632653061225 0.0
3.42040816326531 0.0
3.42448979591837 0.0
3.42857142857143 0.0
3.43265306122449 0.0
3.43673469387755 0.0
3.44081632653061 0.0
3.44489795918367 0.0
3.44897959183673 0.0
3.4530612244898 0.0
3.45714285714286 0.0
3.46122448979592 0.0
3.46530612244898 1.56283
3.46938775510204 5.03719
3.4734693877551 3.5876
3.47755102040816 1.51813
3.48163265306122 0.079155
3.48571428571429 0.0
3.48979591836735 0.0
3.49387755102041 0.0
3.49795918367347 0.0
3.50204081632653 0.0
3.50612244897959 0.0
3.51020408163265 0.0
3.51428571428571 0.0
3.51836734693878 0.0
3.52244897959184 0.0
3.5265306122449 0.0
3.53061224489796 0.0
3.53469387755102 0.0
3.53877551020408 3.84939
3.54285714285714 8.09336
3.5469387755102 7.5146
3.55102040816327 8.75819
3.55510204081633 5.04506
3.55918367346939 1.41764
3.56326530612245 0.0
3.56734693877551 0.0
3.57142857142857 0.0
3.57551020408163 0.0
3.57959183673469 638.781
3.58367346938775 2123.1
3.58775510204082 361.31
3.59183673469388 362.688
3.59591836734694 354.614
3.6 303.61
3.60408163265306 248.198
3.60816326530612 200.05
3.61224489795918 155.565
3.61632653061224 117.296
3.62040816326531 82.9823
3.62448979591837 51.3304
3.62857142857143 20.5092
3.63265306122449 0.0
3.63673469387755 0.0
3.64081632653061 0.0
3.64489795918367 0.0
3.64897959183673 0.0
3.6530612244898 0.0
3.65714285714286 0.0
3.66122448979592 0.0
3.66530612244898 0.0
3.66938775510204 0.0
3.6734693877551 0.0
3.67755102040816 0.0
3.68163265306122 0.0
3.68571428571429 0.656784
3.68979591836735 63.0702
3.69387755102041 0.0
3.69795918367347 0.0
3.70204081632653 0.0
3.70612244897959 0.0
3.71020408163265 0.0
3.71428571428571 0.0
3.71836734693878 0.0
3.72244897959184 0.0
3.7265306122449 0.0
3.73061224489796 0.0
3.73469387755102 0.0
3.73877551020408 0.0
3.74285714285714 0.0
3.7469387755102 0.0
3.75102040816327 0.0
3.75510204081633 0.0
3.75918367346939 0.0
3.76326530612245 0.0
3.76734693877551 0.0
3.77142857142857 0.0
3.77551020408163 0.0
3.77959183673469 0.0
3.78367346938776 0.0
3.78775510204082 0.0
3.79183673469388 0.0
3.79591836734694 0.0
3.8 0.0
3.80408163265306 0.0
3.80816326530612 0.0
3.81224489795918 0.0
3.81632653061224 0.0
3.82040816326531 0.0
3.82448979591837 4.25822
3.82857142857143 3.86518
3.83265306122449 9.14252
3.83673469387755 16.19
3.84081632653061 21.3446
3.84489795918367 42.4007
3.84897959183673 46.698
3.8530612244898 41.7368
3.85714285714286 26.4572
3.86122448979592 26.065
3.86530612244898 15.1447
3.86938775510204 13.7956
3.8734693877551 15.8464
3.87755102040816 14.4743
3.88163265306122 11.3241
3.88571428571429 0.0946522
3.88979591836735 0.0
3.89387755102041 0.0
3.89795918367347 6.809
3.90204081632653 5.39231
3.90612244897959 0.17786
3.91020408163265 7.20012
3.91428571428571 25.2268
3.91836734693878 62.876
3.92244897959184 71.8881
3.9265306122449 75.5613
3.93061224489796 80.5166
3.93469387755102 65.3309
3.93877551020408 63.8135
3.94285714285714 43.2096
3.9469387755102 37.9046
3.95102040816327 23.4154
3.95510204081633 11.5619
3.95918367346939 0.0
3.96326530612245 0.0
3.96734693877551 0.0
3.97142857142857 0.0
3.97551020408163 0.0
3.97959183673469 0.0
3.98367346938775 0.0
3.98775510204082 0.0
3.99183673469388 0.0
3.99591836734694 0.0
4.0 0.0
4.00408163265306 0.0
4.00816326530612 0.0
4.01224489795918 0.0
4.01632653061225 0.0
4.02040816326531 0.0
4.02448979591837 0.0
4.02857142857143 0.0
4.03265306122449 0.0
4.03673469387755 0.0
4.04081632653061 0.0
4.04489795918367 0.0
4.04897959183673 0.0
4.0530612244898 0.0
4.05714285714286 709.377
4.06122448979592 1418.07
4.06530612244898 275.017
4.06938775510204 378.646
4.0734693877551 343.092
4.07755102040816 287.203
4.08163265306122 238.344
4.08571428571429 189.96
4.08979591836735 147.328
4.09387755102041 110.158
4.09795918367347 76.1389
4.10204081632653 44.5408
4.10612244897959 14.0928
4.11020408163265 0.0
4.11428571428571 0.0
4.11836734693878 0.0
4.12244897959184 0.0
4.1265306122449 0.0
4.13061224489796 0.0
4.13469387755102 0.0
4.13877551020408 0.0
4.14285714285714 0.0
4.1469387755102 0.0
4.15102040816326 0.0
4.15510204081633 24.0267
4.15918367346939 0.0
4.16326530612245 39.3575
4.16734693877551 0.0
4.17142857142857 0.0
4.17551020408163 0.0
4.17959183673469 0.0
4.18367346938776 0.0
4.18775510204082 0.0
4.19183673469388 0.0
4.19591836734694 0.0
4.2 0.0
4.20408163265306 0.0
4.20816326530612 0.0
4.21224489795918 0.0
4.21632653061225 0.0
4.22040816326531 0.0
4.22448979591837 0.0
4.22857142857143 0.0
4.23265306122449 0.0
4.23673469387755 0.0
4.24081632653061 0.0
4.24489795918367 0.0
4.24897959183673 0.0
4.2530612244898 0.358284
4.25714285714286 0.0
4.26122448979592 0.0
4.26530612244898 0.0
4.26938775510204 0.0
4.2734693877551 0.0
4.27755102040816 0.0
4.28163265306122 0.0
4.28571428571429 0.0
4.28979591836735 0.0
4.29387755102041 0.0
4.29795918367347 0.0
4.30204081632653 0.0
4.30612244897959 0.0
4.31020408163265 0.0
4.31428571428571 0.0
4.31836734693878 0.0
4.32244897959184 0.0
4.3265306122449 0.0
4.33061224489796 0.0
4.33469387755102 0.0
4.33877551020408 0.0
4.34285714285714 0.0
4.3469387755102 12.9094
4.35102040816327 28.3487
4.35510204081633 36.0886
4.35918367346939 41.4394
4.36326530612245 40.2728
4.36734693877551 34.7635
4.37142857142857 26.4959
4.37551020408163 16.5219
4.37959183673469 7.07489
4.38367346938776 0.436068
4.38775510204082 0.0
4.39183673469388 0.0
4.39591836734694 0.0
4.4 0.0
4.40408163265306 0.0
4.40816326530612 0.0
4.41224489795918 0.0
4.41632653061224 0.0
4.42040816326531 0.0
4.42448979591837 0.0
4.42857142857143 0.0
4.43265306122449 0.0
4.43673469387755 0.0
4.44081632653061 0.0
4.44489795918367 0.0
4.44897959183673 0.0
4.4530612244898 0.0
4.45714285714286 0.0
4.46122448979592 0.0
4.46530612244898 0.0
4.46938775510204 0.0
4.4734693877551 0.0
4.47755102040816 0.0
4.48163265306122 0.0
4.48571428571429 0.0
4.48979591836735 0.0
4.49387755102041 3.71993
4.49795918367347 0.12958
4.50204081632653 0.0
4.50612244897959 0.619411
4.51020408163265 0.654221
4.51428571428571 1.66535
4.51836734693878 0.356674
4.52244897959184 2.62845
4.5265306122449 4.71926
4.53061224489796 2.41375
4.53469387755102 1788.64
4.53877551020408 694.43
4.54285714285714 377.295
4.5469387755102 372.834
4.55102040816327 330.508
4.55510204081633 273.522
4.55918367346939 226.048
4.56326530612245 179.346
4.56734693877551 137.823
4.57142857142857 101.656
4.57551020408163 68.5928
4.57959183673469 37.334
4.58367346938776 7.34001
4.58775510204082 0.0
4.59183673469388 0.0
4.59591836734694 0.0
4.6 0.0
4.60408163265306 0.0
4.60816326530612 0.0
4.61224489795918 0.0
4.61632653061224 0.0
4.62040816326531 0.0
4.62448979591837 0.0
4.62857142857143 0.0
4.63265306122449 0.0
4.63673469387755 0.0
4.64081632653061 0.0
4.64489795918367 0.0
4.64897959183673 0.0
4.6530612244898 44.4638
4.65714285714286 0.0
4.66122448979592 0.0
4.66530612244898 0.0
4.66938775510204 0.0
4.6734693877551 0.0
4.67755102040816 0.0
4.68163265306122 0.0
4.68571428571429 0.0
4.68979591836735 0.0
4.69387755102041 0.0
4.69795918367347 2.16913
4.70204081632653 0.0
4.70612244897959 0.0
4.71020408163265 0.0
4.71428571428571 0.0
4.71836734693878 0.0
4.72244897959184 0.0
4.7265306122449 0.0
4.73061224489796 0.0
4.73469387755102 0.0
4.73877551020408 0.0
4.74285714285714 0.0
4.7469387755102 0.0
4.75102040816327 0.0
4.75510204081633 0.0
4.75918367346939 0.0
4.76326530612245 0.0
4.76734693877551 0.0
4.77142857142857 0.0
4.77551020408163 0.0
4.77959183673469 0.0
4.78367346938775 0.0
4.78775510204082 0.0
4.79183673469388 0.0
4.79591836734694 0.0
4.8 0.0
4.80408163265306 0.0
4.80816326530612 0.0
4.81224489795918 0.0
4.81632653061224 0.0
4.82040816326531 5.98431
4.82448979591837 11.1554
4.82857142857143 26.6628
4.83265306122449 22.2944
4.83673469387755 20.8187
4.84081632653061 20.8402
4.84489795918367 31.669
4.84897959183674 30.7755
4.8530612244898 28.365
4.85714285714286 26.5868
4.86122448979592 25.9266
4.86530612244898 24.328
4.86938775510204 21.4192
4.8734693877551 27.4644
4.87755102040816 15.5665
4.88163265306122 3.6658
4.88571428571429 4.83346
4.88979591836735 0.0
4.89387755102041 0.0
4.89795918367347 0.0
4.90204081632653 0.0
4.90612244897959 0.0
4.91020408163265 0.0
4.91428571428571 0.0
4.91836734693878 0.0
4.92244897959184 0.0
4.9265306122449 0.0
4.93061224489796 0.0
4.93469387755102 0.0
4.93877551020408 0.0
4.94285714285714 0.0
4.9469387755102 0.0
4.95102040816327 0.0
4.95510204081633 0.0
4.95918367346939 0.0
4.96326530612245 0.0
4.96734693877551 3.32379
4.97142857142857 2.64752
4.97551020408163 0.0
4.97959183673469 0.0
4.98367346938775 4.37844
4.98775510204082 0.385761
4.99183673469388 0.0
4.99591836734694 0.264049
5.0 0.0
5.00408163265306 0.0
5.00816326530612 0.0
5.01224489795918 2678.76
5.01632653061225 368.907
5.02040816326531 354.998
5.02448979591837 358.662
5.02857142857143 314.465
5.03265306122449 258.906
5.03673469387755 208.983
5.04081632653061 164.725
5.04489795918367 124.98
5.04897959183673 89.9635
5.0530612244898 57.5221
5.05714285714286 27.0429
5.06122448979592 0.0
5.06530612244898 0.0
5.06938775510204 0.0
5.0734693877551 0.0
5.07755102040816 0.0
5.08163265306122 0.0
5.08571428571429 0.0
5.08979591836735 0.0
5.09387755102041 0.0
5.09795918367347 0.0
5.10204081632653 0.0
5.10612244897959 0.0
5.11020408163265 0.0
5.11428571428571 231.0
5.11836734693878 0.0
5.12244897959184 0.0
5.1265306122449 0.0
5.13061224489796 0.0
5.13469387755102 0.0
5.13877551020408 0.0
5.14285714285714 0.0
5.1469387755102 0.0
5.15102040816326 1.38319
5.15510204081633 0.0
5.15918367346939 0.0
5.16326530612245 0.0
5.16734693877551 0.0
5.17142857142857 0.0
5.17551020408163 0.0
5.17959183673469 8.39424
5.18367346938776 51.9314
5.18775510204082 63.1468
5.19183673469388 67.2185
5.19591836734694 60.2223
5.2 44.8848
5.20408163265306 33.8922
5.20816326530612 14.4684
5.21224489795918 5.14656
5.21632653061225 0.0
5.22040816326531 0.0
5.22448979591837 0.0
5.22857142857143 0.0
5.23265306122449 0.0
5.23673469387755 0.0
5.24081632653061 0.0
5.24489795918367 0.0
5.24897959183673 0.0
5.2530612244898 0.0
5.25714285714286 0.0
5.26122448979592 0.0
5.26530612244898 0.0
5.26938775510204 0.0
5.2734693877551 0.0
5.27755102040816 0.0
5.28163265306122 0.0
5.28571428571429 0.0
5.28979591836735 0.0
5.29387755102041 0.0
5.29795918367347 0.0
5.30204081632653 0.0
5.30612244897959 0.0
5.31020408163265 0.0
5.31428571428571 0.0
5.31836734693878 0.0
5.32244897959184 0.0
5.3265306122449 0.0
5.33061224489796 0.0
5.33469387755102 0.0
5.33877551020408 0.0
5.34285714285714 0.0
5.3469387755102 0.0
5.35102040816327 0.0
5.35510204081633 0.0
5.35918367346939 0.0
5.36326530612245 0.0
5.36734693877551 0.0
5.37142857142857 0.0
5.37551020408163 0.0
5.37959183673469 0.0
5.38367346938776 0.0
5.38775510204082 0.0
5.39183673469388 0.0
5.39591836734694 0.0
5.4 0.0
5.40408163265306 0.0
5.40816326530612 0.0
5.41224489795918 0.0
5.41632653061224 2.46954
5.42040816326531 2.56014
5.42448979591837 2.56991
5.42857142857143 0.0209808
5.43265306122449 5.65374
5.43673469387755 2.35295
5.44081632653061 3.45719
5.44489795918367 6.24871
5.44897959183673 10.8857
5.4530612244898 10.347
5.45714285714286 9.1033
5.46122448979592 1.85156
5.46530612244898 7.35366
5.46938775510204 2.63596
5.4734693877551 0.0
5.47755102040816 0.0
5.48163265306122 0.0
5.48571428571429 1287.58
5.48979591836735 1469.09
5.49387755102041 332.716
5.49795918367347 378.865
5.50204081632653 332.121
5.50612244897959 283.047
5.51020408163265 229.456
5.51428571428571 182.584
5.51836734693878 141.891
5.52244897959184 105.376
5.5265306122449 71.5137
5.53061224489796 39.8836
5.53469387755102 9.848
5.53877551020408 0.0
5.54285714285714 0.0
5.5469387755102 0.0
5.55102040816327 0.0
5.55510204081633 0.0
5.55918367346939 0.0
5.56326530612245 0.0
5.56734693877551 0.0
5.57142857142857 0.0
5.57551020408163 0.0
5.57959183673469 0.0
5.58367346938776 0.0
5.58775510204082 0.0
5.59183673469388 0.0
5.59591836734694 0.0
5.6 0.0
5.60408163265306 0.0
5.60816326530612 0.0
5.61224489795918 0.0
5.61632653061224 0.0
5.62040816326531 26.5484
5.62448979591837 0.0
5.62857142857143 0.0
5.63265306122449 0.0
5.63673469387755 0.0
5.64081632653061 0.0
5.64489795918367 0.0
5.64897959183673 0.0
5.6530612244898 0.0
5.65714285714286 0.0
5.66122448979592 0.0
5.66530612244898 0.0
5.66938775510204 0.0
5.6734693877551 0.0
5.67755102040816 0.0
5.68163265306122 0.0
5.68571428571429 0.0
5.68979591836735 0.0
5.69387755102041 0.0
5.69795918367347 0.0
5.70204081632653 0.0
5.70612244897959 0.0
5.71020408163265 0.0
5.71428571428571 0.0
5.71836734693878 2.36022
5.72244897959184 3.14283
5.7265306122449 10.7276
5.73061224489796 15.2751
5.73469387755102 5.54788
5.73877551020408 7.17497
5.74285714285714 7.3629
5.7469387755102 2.83468
5.75102040816327 0.0
5.75510204081633 0.0
5.75918367346939 0.0
5.76326530612245 0.0
5.76734693877551 0.0
5.77142857142857 0.0
5.77551020408163 0.0
5.77959183673469 0.0
5.78367346938775 0.0
5.78775510204082 0.0
5.79183673469388 0.0
5.79591836734694 0.0
5.8 0.0
5.80408163265306 0.0
5.80816326530612 0.0
5.81224489795918 0.0
5.81632653061224 0.0
5.82040816326531 0.0
5.82448979591837 0.0
5.82857142857143 0.0
5.83265306122449 0.0
5.83673469387755 0.0
5.84081632653061 0.0
5.84489795918367 0.0
5.84897959183674 0.0
5.8530612244898 0.0
5.85714285714286 0.0
5.86122448979592 0.0
5.86530612244898 0.0
5.86938775510204 0.0
5.8734693877551 0.0
5.87755102040816 0.0
5.88163265306122 0.0
5.88571428571429 0.0
5.88979591836735 0.0
5.89387755102041 0.0
5.89795918367347 0.0
5.90204081632653 0.0
5.90612244897959 0.0
5.91020408163265 0.0
5.91428571428571 0.278473
5.91836734693878 0.0
5.92244897959184 0.0
5.9265306122449 0.0
5.93061224489796 0.0
5.93469387755102 0.0
5.93877551020408 0.0
5.94285714285714 0.0
5.9469387755102 0.0
5.95102040816327 0.0
5.95510204081633 0.415564
5.95918367346939 3.55268
5.96326530612245 2894.5
5.96734693877551 372.515
5.97142857142857 338.809
5.97551020408163 370.355
5.97959183673469 319.86
5.98367346938775 271.92
5.98775510204082 217.402
5.99183673469388 172.585
5.99591836734694 132.705
6.0 96.7705
6.00408163265306 63.7792
6.00816326530612 32.6514
6.01224489795918 2.79987
6.01632653061225 0.0
6.02040816326531 0.0
6.02448979591837 0.0
6.02857142857143 0.0
6.03265306122449 0.0
6.03673469387755 0.0
6.04081632653061 0.0
6.04489795918367 0.0
6.04897959183673 0.0
6.0530612244898 0.0
6.05714285714286 0.0
6.06122448979592 0.0
6.06530612244898 0.0
6.06938775510204 0.0
6.0734693877551 0.0
6.07755102040816 0.0
6.08163265306122 70.0151
6.08571428571429 0.0
6.08979591836735 0.0
6.09387755102041 0.0
6.09795918367347 0.0
6.10204081632653 0.0
6.10612244897959 44.3164
6.11020408163265 0.0
6.11428571428571 0.0
6.11836734693878 24.4733
6.12244897959184 0.0
6.1265306122449 0.0
6.13061224489796 0.0
6.13469387755102 2.00486
6.13877551020408 0.0
6.14285714285714 0.0
6.1469387755102 0.0
6.15102040816326 0.0
6.15510204081633 0.0
6.15918367346939 0.0
6.16326530612245 0.0
6.16734693877551 0.0
6.17142857142857 0.0
6.17551020408163 0.0
6.17959183673469 0.0
6.18367346938776 0.0
6.18775510204082 0.0
6.19183673469388 0.0
6.19591836734694 0.0
6.2 0.0
6.20408163265306 0.0
6.20816326530612 0.0
6.21224489795918 0.0
6.21632653061225 0.0
6.22040816326531 0.0
6.22448979591837 0.0
6.22857142857143 3.92365
6.23265306122449 23.4145
6.23673469387755 28.4506
6.24081632653061 27.2077
6.24489795918367 26.9631
6.24897959183673 16.5915
6.2530612244898 20.6698
6.25714285714286 7.97665
6.26122448979592 6.18422
6.26530612244898 1.38497
6.26938775510204 0.0
6.2734693877551 0.0
6.27755102040816 0.0
6.28163265306122 0.0
6.28571428571429 0.0
6.28979591836735 0.0
6.29387755102041 0.0
6.29795918367347 0.0
6.30204081632653 0.0
6.30612244897959 0.0
6.31020408163265 0.0
6.31428571428571 0.0
6.31836734693878 0.0
6.32244897959184 0.0
6.3265306122449 0.0
6.33061224489796 0.0
6.33469387755102 0.0
6.33877551020408 0.0
6.34285714285714 0.0
6.3469387755102 0.0
6.35102040816327 0.0
6.35510204081633 0.0
6.35918367346939 0.0
6.36326530612245 0.0
6.36734693877551 0.0
6.37142857142857 0.0
6.37551020408163 0.0
6.37959183673469 0.0
6.38367346938776 0.0
6.38775510204082 0.0
6.39183673469388 0.0
6.39591836734694 0.0
6.4 0.0
6.40408163265306 0.0
6.40816326530612 0.0
6.41224489795918 0.0
6.41632653061224 0.0
6.42040816326531 0.0
6.42448979591837 0.0
6.42857142857143 0.0
6.43265306122449 0.0
6.43673469387755 293.671
6.44081632653061 2674.17
6.44489795918367 311.526
6.44897959183673 370.368
6.4530612244898 357.785
6.45714285714286 305.776
6.46122448979592 250.042
6.46530612244898 201.772
6.46938775510204 157.245
6.4734693877551 119.063
6.47755102040816 84.572
6.48163265306122 52.7443
6.48571428571429 21.6113
6.48979591836735 0.0
6.49387755102041 0.0
6.49795918367347 0.0
6.50204081632653 0.0
6.50612244897959 0.0
6.51020408163265 0.0
6.51428571428571 0.0
6.51836734693878 0.0
6.52244897959184 0.0
6.5265306122449 0.0
6.53061224489796 0.0
6.53469387755102 0.0
6.53877551020408 0.0
6.54285714285714 0.0
6.5469387755102 68.9006
6.55102040816327 0.0
6.55510204081633 0.0
6.55918367346939 0.0
6.56326530612245 0.0
6.56734693877551 0.0
6.57142857142857 0.0
6.57551020408163 0.0
6.57959183673469 0.0
6.58367346938776 0.0
6.58775510204082 0.0
6.59183673469388 0.0
6.59591836734694 0.0
6.6 0.0
6.60408163265306 0.0
6.60816326530612 0.0
6.61224489795918 0.0
6.61632653061224 0.0
6.62040816326531 0.0
6.62448979591837 0.0
6.62857142857143 0.0
6.63265306122449 0.0
6.63673469387755 0.0
6.64081632653061 7.73394
6.64489795918367 21.4709
6.64897959183673 18.0155
6.6530612244898 30.8552
6.65714285714286 12.9986
6.66122448979592 17.4122
6.66530612244898 0.0895262
6.66938775510204 0.0
6.6734693877551 0.0
6.67755102040816 0.0
6.68163265306122 0.0
6.68571428571429 0.0
6.68979591836735 0.0
6.69387755102041 0.0
6.69795918367347 0.0
6.70204081632653 0.0
6.70612244897959 0.0
6.71020408163265 0.0
6.71428571428571 0.0
6.71836734693878 0.0
6.72244897959184 0.0
6.7265306122449 0.0
6.73061224489796 0.0
6.73469387755102 0.0
6.73877551020408 0.0
6.74285714285714 0.0
6.7469387755102 1.73664
6.75102040816327 2.6837
6.75510204081633 2.08032
6.75918367346939 0.0
6.76326530612245 0.0
6.76734693877551 0.0
6.77142857142857 0.0
6.77551020408163 0.0
6.77959183673469 0.0
6.78367346938775 0.0
6.78775510204082 0.0
6.79183673469388 0.0
6.79591836734694 0.0
6.8 0.0
6.80408163265306 0.0
6.80816326530612 0.0
6.81224489795918 0.0
6.81632653061224 0.0
6.82040816326531 0.0
6.82448979591837 2.82788
6.82857142857143 3.83782
6.83265306122449 8.95452
6.83673469387755 8.72052
6.84081632653061 9.13632
6.84489795918367 1.69659
6.84897959183674 0.0
6.8530612244898 0.0
6.85714285714286 0.0
6.86122448979592 0.0
6.86530612244898 0.0
6.86938775510204 0.0
6.8734693877551 0.0
6.87755102040816 0.0
6.88163265306122 0.0
6.88571428571429 0.375986
6.88979591836735 4.12571
6.89387755102041 2.67029
6.89795918367347 1.8456
6.90204081632653 0.0
6.90612244897959 0.4493
6.91020408163265 3.73387
6.91428571428571 754.279
6.91836734693878 1558.98
6.92244897959184 364.47
6.9265306122449 380.759
6.93061224489796 347.64
6.93469387755102 292.167
6.93877551020408 239.749
6.94285714285714 191.919
6.9469387755102 148.926
6.95102040816327 112.201
6.95510204081633 77.7238
6.95918367346939 46.151
6.96326530612245 15.6928
6.96734693877551 0.0
6.97142857142857 0.0
6.97551020408163 0.0
6.97959183673469 0.0
6.98367346938775 0.0
6.98775510204082 0.0
6.99183673469388 0.0
6.99591836734694 0.0
7.0 0.0
7.00408163265306 0.0
7.00816326530612 0.0
7.01224489795918 0.0
7.01632653061225 0.0
7.02040816326531 0.0
7.02448979591837 24.2831
7.02857142857143 0.0
7.03265306122449 0.0
7.03673469387755 0.0
7.04081632653061 0.0
7.04489795918367 0.0
7.04897959183673 0.0
7.0530612244898 0.0
7.05714285714286 16.4518
7.06122448979592 0.0
7.06530612244898 0.0
7.06938775510204 0.0
7.0734693877551 0.0
7.07755102040816 0.0
7.08163265306122 0.0
7.08571428571429 0.0
7.08979591836735 0.0
7.09387755102041 0.0
7.09795918367347 0.0
7.10204081632653 0.0
7.10612244897959 0.0
7.11020408163265 0.0
7.11428571428571 0.0
7.11836734693878 0.0
7.12244897959184 0.0
7.1265306122449 0.0
7.13061224489796 0.0
7.13469387755102 0.0
7.13877551020408 0.0
7.14285714285714 0.0
7.1469387755102 0.0
7.15102040816326 0.0
7.15510204081633 0.0
7.15918367346939 0.0
7.16326530612245 0.0
7.16734693877551 0.0
7.17142857142857 0.0
7.17551020408163 0.0
7.17959183673469 0.0
7.18367346938776 0.0
7.18775510204082 0.0
7.19183673469388 0.0
7.19591836734694 0.0
7.2 0.0
7.20408163265306 0.0
7.20816326530612 0.0
7.21224489795918 0.0
7.21632653061225 0.0
7.22040816326531 0.0
7.22448979591837 0.0
7.22857142857143 0.0
7.23265306122449 0.0
7.23673469387755 0.0
7.24081632653061 0.0
7.24489795918367 0.0
7.24897959183673 0.0
7.2530612244898 0.0
7.25714285714286 0.0
7.26122448979592 0.0
7.26530612244898 0.0
7.26938775510204 0.0
7.2734693877551 0.0
7.27755102040816 0.0
7.28163265306122 0.0
7.28571428571429 2.59662
7.28979591836735 9.60791
7.29387755102041 17.0113
7.29795918367347 18.6851
7.30204081632653 22.0129
7.30612244897959 21.1542
7.31020408163265 25.8794
7.31428571428571 26.969
7.31836734693878 22.8369
7.32244897959184 16.2628
7.3265306122449 10.007
7.33061224489796 3.67987
7.33469387755102 0.504017
7.33877551020408 0.0
7.34285714285714 0.0
7.3469387755102 0.0
7.35102040816327 0.0
7.35510204081633 0.0
7.35918367346939 0.0
7.36326530612245 0.0
7.36734693877551 0.0
7.37142857142857 0.0
7.37551020408163 0.0
7.37959183673469 0.84269
7.38367346938776 0.445724
7.38775510204082 0.171542
7.39183673469388 2294.86
7.39591836734694 346.711
7.4 375.29
7.40408163265306 373.341
7.40816326530612 337.142
7.41224489795918 275.336
7.41632653061224 227.294
7.42040816326531 180.066
7.42448979591837 139.189
7.42857142857143 102.764
7.43265306122449 69.3362
7.43673469387755 37.8683
7.44081632653061 7.85178
7.44489795918367 0.0
7.44897959183673 0.0
7.4530612244898 0.0
7.45714285714286 0.0
7.46122448979592 0.0
7.46530612244898 0.0
7.46938775510204 0.0
7.4734693877551 0.0
7.47755102040816 0.0
7.48163265306122 0.0
7.48571428571429 0.0
7.48979591836735 0.0
7.49387755102041 0.0
7.49795918367347 21.5218
7.50204081632653 0.0
7.50612244897959 0.0
7.51020408163265 60.479
7.51428571428571 0.0
7.51836734693878 0.0
7.52244897959184 0.0
7.5265306122449 0.0
7.53061224489796 0.0
7.53469387755102 45.8182
7.53877551020408 0.0
7.54285714285714 0.0
7.5469387755102 0.0
7.55102040816327 0.0
7.55510204081633 0.0
7.55918367346939 0.0
7.56326530612245 0.0
7.56734693877551 0.0
7.57142857142857 0.0
7.57551020408163 0.0
7.57959183673469 0.0
7.58367346938776 0.0
7.58775510204082 0.0
7.59183673469388 0.0
7.59591836734694 0.0
7.6 0.0
7.60408163265306 0.0
7.60816326530612 0.0
7.61224489795918 0.0
7.61632653061224 0.0
7.62040816326531 0.0
7.62448979591837 0.0
7.62857142857143 0.0
7.63265306122449 0.0
7.63673469387755 0.0
7.64081632653061 0.0
7.64489795918367 0.0
7.64897959183673 0.0
7.6530612244898 0.0
7.65714285714286 0.0
7.66122448979592 0.0
7.66530612244898 0.0
7.66938775510204 0.0
7.6734693877551 0.0
7.67755102040816 0.0
7.68163265306122 0.0
7.68571428571429 0.0
7.68979591836735 0.0
7.69387755102041 0.0
7.69795918367347 0.0
7.70204081632653 0.0
7.70612244897959 0.0
7.71020408163265 0.0
7.71428571428571 0.0
7.71836734693878 0.0
7.72244897959184 0.0
7.7265306122449 0.0
7.73061224489796 0.0
7.73469387755102 0.0
7.73877551020408 0.0
7.74285714285714 0.0
7.7469387755102 0.0
7.75102040816327 0.0
7.75510204081633 0.0
7.75918367346939 0.0
7.76326530612245 0.0
7.76734693877551 0.0
7.77142857142857 0.0
7.77551020408163 0.0
7.77959183673469 0.0
7.78367346938775 0.0
7.78775510204082 0.0
7.79183673469388 2.51269
7.79591836734694 2.14267
7.8 1.91176
7.80408163265306 14.1429
7.80816326530612 9.37498
7.81224489795918 4.44078
7.81632653061224 2.13921
7.82040816326531 3.17836
7.82448979591837 0.889659
7.82857142857143 0.767469
7.83265306122449 0.0
7.83673469387755 0.0
7.84081632653061 0.0
7.84489795918367 0.0
7.84897959183674 0.0
7.8530612244898 0.0
7.85714285714286 0.0
7.86122448979592 0.0
7.86530612244898 0.0
7.86938775510204 2973.92
7.8734693877551 399.313
7.87755102040816 332.823
7.88163265306122 358.965
7.88571428571429 319.565
7.88979591836735 260.143
7.89387755102041 212.166
7.89795918367347 166.851
7.90204081632653 126.994
7.90612244897959 91.8133
7.91020408163265 59.4238
7.91428571428571 28.3929
7.91836734693878 0.0
7.92244897959184 0.0
7.9265306122449 0.0
7.93061224489796 0.0
7.93469387755102 0.0
7.93877551020408 0.0
7.94285714285714 0.0
7.9469387755102 0.0
7.95102040816327 0.0
7.95510204081633 0.0
7.95918367346939 0.0
7.96326530612245 0.0
7.96734693877551 0.0
7.97142857142857 13.8062
7.97551020408163 22.7654
7.97959183673469 0.0
7.98367346938775 0.0
7.98775510204082 60.0683
7.99183673469388 0.0
7.99591836734694 0.0
8.0 0.0
8.00408163265306 0.0
8.00816326530612 0.0
8.01224489795918 0.0
8.01632653061225 0.0
8.02040816326531 0.0
8.02448979591837 0.0
8.02857142857143 0.0
8.03265306122449 0.0
8.03673469387755 0.0
8.04081632653061 0.0
8.04489795918367 0.0
8.04897959183674 0.0
8.0530612244898 0.0
8.05714285714286 0.0
8.06122448979592 0.0
8.06530612244898 0.0
8.06938775510204 0.0
8.0734693877551 0.0
8.07755102040816 0.0
8.08163265306122 0.0
8.08571428571429 0.0
8.08979591836735 0.0
8.09387755102041 0.0
8.09795918367347 0.0
8.10204081632653 0.0
8.10612244897959 0.0
8.11020408163265 0.0
8.11428571428571 0.0
8.11836734693878 0.0
8.12244897959184 0.0
8.1265306122449 0.0
8.13061224489796 0.0
8.13469387755102 0.0
8.13877551020408 0.0
8.14285714285714 0.0
8.1469387755102 0.0
8.15102040816327 0.0
8.15510204081633 0.0
8.15918367346939 0.0
8.16326530612245 0.0
8.16734693877551 0.0
8.17142857142857 0.0
8.17551020408163 0.0
8.17959183673469 0.0
8.18367346938776 0.0
8.18775510204082 0.0
8.19183673469388 0.0
8.19591836734694 0.0
8.2 0.0
8.20408163265306 0.0
8.20816326530612 0.0
8.21224489795918 0.0
8.21632653061224 0.0
8.22040816326531 1.54769
8.22448979591837 9.26483
8.22857142857143 12.4155
8.23265306122449 11.1394
8.23673469387755 14.6438
8.24081632653061 9.21822
8.24489795918367 7.67708
8.24897959183673 6.12414
8.2530612244898 2.69353
8.25714285714286 1.62268
8.26122448979592 0.0
8.26530612244898 0.0
8.26938775510204 0.0
8.2734693877551 0.0
8.27755102040816 2.57969
8.28163265306122 2.66218
8.28571428571429 0.0
8.28979591836735 0.0
8.29387755102041 1.81901
8.29795918367347 0.0
8.30204081632653 0.0
8.30612244897959 0.0
8.31020408163265 0.0
8.31428571428571 0.0
8.31836734693877 0.0
8.32244897959184 0.0
8.3265306122449 0.0
8.33061224489796 0.0
8.33469387755102 0.0
8.33877551020408 0.0
8.34285714285714 1590.62
8.3469387755102 1486.18
8.35102040816327 362.29
8.35510204081633 371.815
8.35918367346939 337.392
8.36326530612245 288.485
8.36734693877551 231.409
8.37142857142857 183.589
8.37551020408163 142.825
8.37959183673469 105.741
8.38367346938776 71.9479
8.38775510204082 40.4401
8.39183673469388 10.3303
8.39591836734694 0.0
8.4 0.0
8.40408163265306 0.0
8.40816326530612 0.0
8.41224489795918 0.0
8.41632653061225 0.0
8.42040816326531 0.0
8.42448979591837 0.0
8.42857142857143 0.0
8.43265306122449 0.0
8.43673469387755 0.0
8.44081632653061 0.0
8.44489795918367 0.0
8.44897959183673 0.0
8.4530612244898 0.0
8.45714285714286 0.0
8.46122448979592 46.8682
8.46530612244898 0.0
8.46938775510204 0.0
8.4734693877551 0.0
8.47755102040816 0.0
8.48163265306122 0.0
8.48571428571429 0.0
8.48979591836735 0.0
8.49387755102041 0.0
8.49795918367347 0.0
8.50204081632653 0.459075
8.50612244897959 0.0
8.51020408163265 0.0
8.51428571428571 0.0
8.51836734693878 0.0
8.52244897959184 0.0
8.5265306122449 1.61874
8.53061224489796 0.0
8.53469387755102 0.0
8.53877551020408 0.0
8.54285714285714 0.0
8.5469387755102 0.0
8.55102040816327 0.0
8.55510204081633 0.0
8.55918367346939 0.0
8.56326530612245 0.0
8.56734693877551 0.0
8.57142857142857 0.0
8.57551020408163 0.0
8.57959183673469 0.0
8.58367346938775 0.0
8.58775510204082 0.0
8.59183673469388 0.0
8.59591836734694 0.0
8.6 0.0
8.60408163265306 11.5539
8.60816326530612 7.38013
8.61224489795918 11.5312
8.61632653061224 3.69704
8.62040816326531 1.35839
8.62448979591837 1.13142
8.62857142857143 0.0
8.63265306122449 0.0
8.63673469387755 0.0
8.64081632653061 0.0
8.64489795918367 0.0
8.64897959183673 0.0
8.6530612244898 0.0
8.65714285714286 0.0
8.66122448979592 0.0
8.66530612244898 0.0
8.66938775510204 0.0
8.6734693877551 0.0
8.67755102040816 0.0
8.68163265306123 0.0
8.68571428571429 0.0
8.68979591836735 0.0
8.69387755102041 0.578046
8.69795918367347 0.680208
8.70204081632653 0.0
8.70612244897959 0.0
8.71020408163265 0.0
8.71428571428571 0.0
8.71836734693878 0.0
8.72244897959184 0.0
8.7265306122449 0.0
8.73061224489796 0.0
8.73469387755102 0.0
8.73877551020408 0.0
8.74285714285714 0.0
8.7469387755102 0.0
8.75102040816327 0.0
8.75510204081633 0.0
8.75918367346939 1.70231
8.76326530612245 4.03154
8.76734693877551 0.0
8.77142857142857 0.0
8.77551020408163 5.10526
8.77959183673469 7.07078
8.78367346938776 14.4302
8.78775510204082 21.8612
8.79183673469388 18.2033
8.79591836734694 14.4279
8.8 8.59118
8.80408163265306 5.55944
8.80816326530612 1.68633
8.81224489795918 0.0
8.81632653061224 0.0
8.82040816326531 2686.13
8.82448979591837 540.115
8.82857142857143 20.7891
8.83265306122449 375.649
8.83673469387755 318.603
8.84081632653061 274.439
8.84489795918367 219.682
8.84897959183673 174.037
8.8530612244898 134.12
8.85714285714286 97.8212
8.86122448979592 64.6201
8.86530612244898 33.6539
8.86938775510204 3.4579
8.8734693877551 0.0
8.87755102040816 0.0
8.88163265306122 0.0
8.88571428571429 0.0
8.88979591836735 0.0
8.89387755102041 0.0
8.89795918367347 0.0
8.90204081632653 0.0
8.90612244897959 0.0
8.91020408163265 0.0
8.91428571428571 0.0
8.91836734693878 0.0
8.92244897959184 188.789
8.9265306122449 0.0
8.93061224489796 0.0
8.93469387755102 0.0
8.93877551020408 0.0
8.94285714285714 0.0
8.9469387755102 0.0
8.95102040816326 0.0
8.95510204081633 23.0124
8.95918367346939 0.0
8.96326530612245 0.0
8.96734693877551 0.0
8.97142857142857 0.0
8.97551020408163 0.0
8.97959183673469 0.0
8.98367346938775 0.0
8.98775510204082 0.0
8.99183673469388 0.0
8.99591836734694 0.0
9.0 0.0
9.00408163265306 0.0
9.00816326530612 18.1973
9.01224489795918 2.61188
9.01632653061225 10.9224
9.02040816326531 24.6249
9.02448979591837 0.988603
9.02857142857143 0.0
9.03265306122449 0.57438
9.03673469387755 0.0
9.04081632653061 0.0
9.04489795918367 0.0
9.04897959183674 0.0
9.0530612244898 0.0
9.05714285714286 0.0
9.06122448979592 0.0
9.06530612244898 0.0
9.06938775510204 0.0
9.0734693877551 0.306845
9.07755102040816 0.0
9.08163265306122 0.0
9.08571428571429 0.0
9.08979591836735 0.0
9.09387755102041 0.0
9.09795918367347 1.35911
9.10204081632653 2.49517
9.10612244897959 1.05482
9.11020408163265 0.0
9.11428571428571 0.0
9.11836734693878 0.0
9.12244897959184 0.0
9.1265306122449 0.0
9.13061224489796 0.0
9.13469387755102 0.0
9.13877551020408 0.0
9.14285714285714 0.0
9.1469387755102 0.0
9.15102040816327 0.0
9.15510204081633 0.0
9.15918367346939 0.0
9.16326530612245 0.0
9.16734693877551 1.07062
9.17142857142857 0.0
9.17551020408163 0.0
9.17959183673469 0.0
9.18367346938776 0.0
9.18775510204082 0.0
9.19183673469388 0.0
9.19591836734694 0.0
9.2 0.0
9.20408163265306 0.0
9.20816326530612 0.0
9.21224489795918 0.0
9.21632653061224 0.0
9.22040816326531 0.0
9.22448979591837 0.0
9.22857142857143 0.0
9.23265306122449 0.0
9.23673469387755 1.5409
9.24081632653061 0.0
9.24489795918367 4.32396
9.24897959183673 4.50647
9.2530612244898 3.92777
9.25714285714286 1.91313
9.26122448979592 0.0
9.26530612244898 0.0
9.26938775510204 0.0
9.2734693877551 0.0
9.27755102040816 0.0
9.28163265306122 0.0
9.28571428571429 0.0
9.28979591836735 0.0
9.29387755102041 75.755
9.29795918367347 2774.03
9.30204081632653 358.68
9.30612244897959 380.178
9.31020408163265 359.809
9.31428571428571 295.362
9.31836734693877 254.074
9.32244897959184 204.461
9.3265306122449 160.562
9.33061224489796 122.157
9.33469387755102 87.1614
9.33877551020408 54.9492
9.34285714285714 24.1786
9.3469387755102 0.0
9.35102040816327 0.0
9.35510204081633 0.0
9.35918367346939 0.0
9.36326530612245 0.0
9.36734693877551 0.0
9.37142857142857 0.0
9.37551020408163 0.0
9.37959183673469 0.0
9.38367346938776 0.0
9.38775510204082 0.0
9.39183673469388 137.536
9.39591836734694 0.0
9.4 64.7512
9.40408163265306 0.0
9.40816326530612 0.0
9.41224489795918 0.0
9.41632653061225 28.0972
9.42040816326531 0.0
9.42448979591837 0.0
9.42857142857143 0.0
9.43265306122449 0.0
9.43673469387755 0.0
9.44081632653061 0.0
9.44489795918367 0.0
9.44897959183673 0.0
9.4530612244898 0.0
9.45714285714286 0.0
9.46122448979592 0.0
9.46530612244898 0.0
9.46938775510204 0.0
9.4734693877551 0.0
9.47755102040816 0.0
9.48163265306122 0.0
9.48571428571429 0.0
9.48979591836735 0.0
9.49387755102041 0.0
9.49795918367347 0.0
9.50204081632653 0.0
9.50612244897959 0.0
9.51020408163265 0.0
9.51428571428571 0.0
9.51836734693878 7.87771
9.52244897959184 0.0
9.5265306122449 8.59129
9.53061224489796 4.37868
9.53469387755102 0.0
9.53877551020408 0.0
9.54285714285714 3.10612
9.5469387755102 28.2794
9.55102040816327 24.8002
9.55510204081633 25.0072
9.55918367346939 14.5472
9.56326530612245 6.07431
9.56734693877551 0.0
9.57142857142857 0.0
9.57551020408163 0.0
9.57959183673469 0.0
9.58367346938775 0.0
9.58775510204082 0.0
9.59183673469388 0.0
9.59591836734694 0.0
9.6 0.0
9.60408163265306 0.0
9.60816326530612 0.0
9.61224489795918 0.0
9.61632653061224 0.0
9.62040816326531 0.0
9.62448979591837 0.0
9.62857142857143 0.0
9.63265306122449 0.0
9.63673469387755 0.0
9.64081632653061 0.0
9.64489795918367 0.0
9.64897959183673 0.0
9.6530612244898 0.0
9.65714285714286 0.0
9.66122448979592 0.0
9.66530612244898 0.0
9.66938775510204 0.0
9.6734693877551 0.0
9.67755102040816 0.0
9.68163265306123 0.0
9.68571428571429 0.0
9.68979591836735 0.0
9.69387755102041 0.0
9.69795918367347 0.0
9.70204081632653 0.0
9.70612244897959 0.0
9.71020408163265 0.0
9.71428571428571 0.0
9.71836734693878 0.0
9.72244897959184 0.0
9.7265306122449 0.0
9.73061224489796 0.0
9.73469387755102 0.0
9.73877551020408 0.0
9.74285714285714 0.0
9.7469387755102 0.0
9.75102040816327 0.810504
9.75510204081633 0.0
9.75918367346939 0.0
9.76326530612245 0.819683
9.76734693877551 0.0
9.77142857142857 1291.36
9.77551020408163 1712.98
9.77959183673469 371.792
9.78367346938776 381.261
9.78775510204082 344.628
9.79183673469388 293.5
9.79591836734694 242.889
9.8 193.478
9.80408163265306 150.836
9.80816326530612 113.395
9.81224489795918 79.0727
9.81632653061224 47.2212
9.82040816326531 16.9768
9.82448979591837 0.0
9.82857142857143 0.0
9.83265306122449 0.0
9.83673469387755 0.0
9.84081632653061 0.0
9.84489795918367 0.0
9.84897959183673 0.0
9.8530612244898 0.0
9.85714285714286 0.0
9.86122448979592 0.0
9.86530612244898 0.0
9.86938775510204 0.0
9.8734693877551 0.0
9.87755102040816 0.0
9.88163265306122 0.0
9.88571428571429 0.0
9.88979591836735 89.6593
9.89387755102041 0.0
9.89795918367347 0.0
9.90204081632653 0.0
9.90612244897959 0.0
9.91020408163265 0.0
9.91428571428571 0.0
9.91836734693878 0.0
9.92244897959184 0.0
9.9265306122449 0.0
9.93061224489796 0.0
9.93469387755102 0.0
9.93877551020408 0.0
9.94285714285714 0.0
9.9469387755102 0.0
9.95102040816326 0.0
9.95510204081633 0.0
9.95918367346939 0.0
9.96326530612245 0.0
9.96734693877551 0.0
9.97142857142857 0.0
9.97551020408163 0.0
9.97959183673469 0.0
9.98367346938775 0.0
9.98775510204082 0.0
9.99183673469388 0.0
9.99591836734694 0.0
10.0 0.0
10.0040816326531 0.0
10.0081632653061 0.0
10.0122448979592 0.0
10.0163265306122 0.0
10.0204081632653 0.0
10.0244897959184 0.0
10.0285714285714 0.0
10.0326530612245 3.39317
10.0367346938776 0.0
10.0408163265306 5.27716
10.0448979591837 7.66873
10.0489795918367 0.817537
10.0530612244898 13.1018
10.0571428571429 9.43387
10.0612244897959 8.11809
10.065306122449 8.11446
10.069387755102 33.6143
10.0734693877551 53.0069
10.0775510204082 47.6234
10.0816326530612 36.7252
10.0857142857143 29.1252
10.0897959183673 14.0644
10.0938775510204 3.82346
10.0979591836735 0.0
10.1020408163265 0.0
10.1061224489796 0.0
10.1102040816327 0.0
10.1142857142857 0.0
10.1183673469388 0.0
10.1224489795918 0.0
10.1265306122449 0.0
10.130612244898 0.0
10.134693877551 0.0
10.1387755102041 0.0
10.1428571428571 0.0
10.1469387755102 0.0
10.1510204081633 0.0
10.1551020408163 0.0
10.1591836734694 0.0
10.1632653061224 0.0
10.1673469387755 0.0
10.1714285714286 0.0
10.1755102040816 0.721455
10.1795918367347 10.7229
10.1836734693878 22.1165
10.1877551020408 31.0645
10.1918367346939 39.3009
10.1959183673469 32.3551
10.2 30.5892
10.2040816326531 29.3105
10.2081632653061 22.8927
10.2122448979592 15.5728
10.2163265306122 13.6757
10.2204081632653 11.5119
10.2244897959184 3.89373
10.2285714285714 17.8921
10.2326530612245 9.85348
10.2367346938776 0.319839
10.2408163265306 0.0
10.2448979591837 0.0
10.2489795918367 2332.6
10.2530612244898 123.158
10.2571428571429 368.354
10.2612244897959 359.519
10.265306122449 320.002
10.269387755102 259.849
10.2734693877551 212.39
10.2775510204082 167.142
10.2816326530612 127.207
10.2857142857143 92.1718
10.2897959183673 59.743
10.2938775510204 28.7088
10.2979591836735 0.449657
10.3020408163265 0.0
10.3061224489796 0.0
10.3102040816327 0.0
10.3142857142857 0.0
10.3183673469388 0.0
10.3224489795918 0.0
10.3265306122449 0.0
10.330612244898 0.0
10.334693877551 0.0
10.3387755102041 0.0
10.3428571428571 0.0
10.3469387755102 0.0
10.3510204081633 0.0
10.3551020408163 77.7392
10.3591836734694 0.0
10.3632653061224 0.0
10.3673469387755 39.0788
10.3714285714286 0.0
10.3755102040816 0.0
10.3795918367347 0.0
10.3836734693878 0.0
10.3877551020408 4.21739
10.3918367346939 0.0
10.3959183673469 0.0
10.4 0.0
10.4040816326531 0.0
10.4081632653061 0.0
10.4122448979592 0.0
10.4163265306122 0.0
10.4204081632653 0.0
10.4244897959184 0.0
10.4285714285714 0.0
10.4326530612245 0.0
10.4367346938776 0.0
10.4408163265306 0.0
10.4448979591837 0.0
10.4489795918367 0.0
10.4530612244898 0.0
10.4571428571429 0.0
10.4612244897959 0.0
10.465306122449 0.0
10.469387755102 0.0
10.4734693877551 0.0
10.4775510204082 0.0
10.4816326530612 0.0
10.4857142857143 0.0
10.4897959183673 0.0
10.4938775510204 0.0
10.4979591836735 0.0
10.5020408163265 0.0
10.5061224489796 0.0
10.5102040816327 0.0
10.5142857142857 0.0
10.5183673469388 0.0
10.5224489795918 0.0
10.5265306122449 0.0
10.530612244898 0.0
10.534693877551 0.0
10.5387755102041 0.0
10.5428571428571 0.0
10.5469387755102 0.0
10.5510204081633 0.0
10.5551020408163 0.0
10.5591836734694 0.0
10.5632653061224 0.0
10.5673469387755 0.0
10.5714285714286 0.0
10.5755102040816 0.0
10.5795918367347 0.0
10.5836734693878 0.0
10.5877551020408 6.60431
10.5918367346939 6.90508
10.5959183673469 5.43034
10.6 4.42481
10.6040816326531 0.0
10.6081632653061 0.0
10.6122448979592 0.0
10.6163265306122 0.0
10.6204081632653 0.0
10.6244897959184 0.0
10.6285714285714 0.0
10.6326530612245 0.0
10.6367346938776 0.0
10.6408163265306 1.06823
10.6448979591837 6.77693
10.6489795918367 5.77044
10.6530612244898 1.78838
10.6571428571429 0.0
10.6612244897959 0.0
10.665306122449 0.0
10.669387755102 0.0
10.6734693877551 0.0
10.6775510204082 0.0
10.6816326530612 0.0
10.6857142857143 0.0
10.6897959183673 0.0
10.6938775510204 0.0
10.6979591836735 0.0
10.7020408163265 0.0
10.7061224489796 0.0
10.7102040816327 0.0
10.7142857142857 0.0
10.7183673469388 0.931859
10.7224489795918 966.941
10.7265306122449 2184.35
10.730612244898 30.5082
10.734693877551 389.301
10.7387755102041 347.503
10.7428571428571 301.265
10.7469387755102 246.688
10.7510204081633 196.943
10.7551020408163 154.792
10.7591836734694 116.392
10.7632653061224 82.0574
10.7673469387755 49.9075
10.7714285714286 19.5935
10.7755102040816 0.0
10.7795918367347 0.0
10.7836734693878 0.0
10.7877551020408 0.0
10.7918367346939 0.0
10.7959183673469 0.0
10.8 0.0
10.8040816326531 0.0
10.8081632653061 0.0
10.8122448979592 0.0
10.8163265306122 0.0
10.8204081632653 0.0
10.8244897959184 0.0
10.8285714285714 0.0
10.8326530612245 23.5625
10.8367346938776 0.0
10.8408163265306 0.0
10.8448979591837 0.0
10.8489795918367 0.0
10.8530612244898 0.0
10.8571428571429 0.0
10.8612244897959 0.0
10.865306122449 16.5552
10.869387755102 0.0
10.8734693877551 0.0
10.8775510204082 0.0
10.8816326530612 0.0
10.8857142857143 0.0
10.8897959183673 0.0
10.8938775510204 0.0
10.8979591836735 0.0
10.9020408163265 0.0
10.9061224489796 0.0
10.9102040816327 0.0
10.9142857142857 0.0
10.9183673469388 0.0
10.9224489795918 0.0
10.9265306122449 0.0
10.930612244898 0.0
10.934693877551 0.0
10.9387755102041 0.0
10.9428571428571 0.0
10.9469387755102 0.0
10.9510204081633 0.0
10.9551020408163 0.0
10.9591836734694 0.0
10.9632653061224 0.0
10.9673469387755 0.0
10.9714285714286 0.0
10.9755102040816 0.0
10.9795918367347 0.0
10.9836734693878 0.0
10.9877551020408 0.0
10.9918367346939 0.0
10.9959183673469 0.0
11.0 0.0
11.0040816326531 0.0
11.0081632653061 0.0
11.0122448979592 0.0
11.0163265306122 0.0
11.0204081632653 0.0
11.0244897959184 0.0
11.0285714285714 0.0
11.0326530612245 0.0
11.0367346938776 0.0
11.0408163265306 1.65296
11.0448979591837 10.1383
11.0489795918367 31.2239
11.0530612244898 34.1775
11.0571428571429 49.5467
11.0612244897959 54.7332
11.065306122449 51.7446
11.069387755102 50.5434
11.0734693877551 45.9413
11.0775510204082 34.2737
11.0816326530612 25.2249
11.0857142857143 23.9859
11.0897959183673 23.2403
11.0938775510204 9.09758
11.0979591836735 21.0671
11.1020408163265 13.2803
11.1061224489796 0.0
11.1102040816327 0.637054
11.1142857142857 1.19257
11.1183673469388 0.533521
11.1224489795918 1.86193
11.1265306122449 0.0
11.130612244898 4.55457
11.134693877551 2.28965
11.1387755102041 0.0
11.1428571428571 0.0
11.1469387755102 0.0
11.1510204081633 0.0
11.1551020408163 0.0
11.1591836734694 0.0
11.1632653061224 0.0
11.1673469387755 0.0
11.1714285714286 0.0
11.1755102040816 0.0
11.1795918367347 0.0
11.1836734693878 0.0
11.1877551020408 0.0
11.1918367346939 0.0
11.1959183673469 0.0
11.2 1034.29
11.2040816326531 1548.23
11.2081632653061 307.859
11.2122448979592 373.763
11.2163265306122 340.45
11.2204081632653 290.013
11.2244897959184 231.443
11.2285714285714 184.976
11.2326530612245 143.472
11.2367346938776 106.137
11.2408163265306 72.7317
11.2448979591837 41.3471
11.2489795918367 11.0966
11.2530612244898 0.0
11.2571428571429 0.0
11.2612244897959 0.0
11.265306122449 0.0
11.269387755102 0.0
11.2734693877551 0.0
11.2775510204082 0.0
11.2816326530612 0.0
11.2857142857143 0.0
11.2897959183673 0.0
11.2938775510204 0.0
11.2979591836735 0.0
11.3020408163265 0.0
11.3061224489796 64.3889
11.3102040816327 0.0
11.3142857142857 0.0
11.3183673469388 4.11737
11.3224489795918 0.0
11.3265306122449 0.0
11.330612244898 0.0
11.334693877551 0.0
11.3387755102041 0.0
11.3428571428571 13.0143
11.3469387755102 0.0
11.3510204081633 0.0
11.3551020408163 0.0
11.3591836734694 0.0
11.3632653061224 0.0
11.3673469387755 0.0
11.3714285714286 0.0
11.3755102040816 0.0
11.3795918367347 0.0
11.3836734693878 0.0
11.3877551020408 0.0
11.3918367346939 0.0
11.3959183673469 0.0
11.4 0.0
11.4040816326531 0.0
11.4081632653061 0.0
11.4122448979592 0.0
11.4163265306122 0.0
11.4204081632653 0.0
11.4244897959184 0.0
11.4285714285714 0.0
11.4326530612245 0.0
11.4367346938776 0.0
11.4408163265306 0.0
11.4448979591837 0.0
11.4489795918367 0.0
11.4530612244898 0.0
11.4571428571429 0.0
11.4612244897959 0.0
11.465306122449 0.0
11.469387755102 0.0
11.4734693877551 0.0
11.4775510204082 0.0
11.4816326530612 0.0
11.4857142857143 0.0
11.4897959183673 0.0
11.4938775510204 0.0
11.4979591836735 0.871181
11.5020408163265 2.67935
11.5061224489796 1.58155
11.5102040816327 0.0
11.5142857142857 0.69046
11.5183673469388 0.0
11.5224489795918 0.0
11.5265306122449 0.0
11.530612244898 2.32542
11.534693877551 4.26579
11.5387755102041 6.3554
11.5428571428571 9.44042
11.5469387755102 2.95842
11.5510204081633 0.0
11.5551020408163 0.159502
11.5591836734694 0.0
11.5632653061224 0.0
11.5673469387755 0.0
11.5714285714286 0.0
11.5755102040816 0.0
11.5795918367347 0.0
11.5836734693878 0.0
11.5877551020408 1.10662
11.5918367346939 2.05207
11.5959183673469 0.0
11.6 3.22759
11.6040816326531 0.0
11.6081632653061 0.0
11.6122448979592 7.28393
11.6163265306122 2.63035
11.6204081632653 2.74515
11.6244897959184 3.01707
11.6285714285714 3.15189
11.6326530612245 5.27453
11.6367346938776 6.21355
11.6408163265306 6.26171
11.6448979591837 4.80616
11.6489795918367 0.0
11.6530612244898 0.0
11.6571428571429 11.3199
11.6612244897959 14.0324
11.665306122449 11.6352
11.669387755102 16.681
11.6734693877551 29.7495
11.6775510204082 3068.3
11.6816326530612 323.544
11.6857142857143 268.46
11.6897959183673 366.226
11.6938775510204 328.573
11.6979591836735 276.012
11.7020408163265 222.187
11.7061224489796 176.001
11.7102040816327 135.762
11.7142857142857 99.4039
11.7183673469388 66.1889
11.7224489795918 35.2554
11.7265306122449 4.95774
11.730612244898 0.0
11.734693877551 0.0
11.7387755102041 0.0
11.7428571428571 0.0
11.7469387755102 0.0
11.7510204081633 0.0
11.7551020408163 0.0
11.7591836734694 0.0
11.7632653061224 0.0
11.7673469387755 0.0
11.7714285714286 0.0
11.7755102040816 0.0
11.7795918367347 0.0
11.7836734693878 0.0
11.7877551020408 0.0
11.7918367346939 0.0
11.7959183673469 37.5327
11.8 0.0
11.8040816326531 0.0
11.8081632653061 0.0
11.8122448979592 0.0
11.8163265306122 0.0
11.8204081632653 0.0
11.8244897959184 0.0
11.8285714285714 0.0
11.8326530612245 0.0
11.8367346938776 0.0
11.8408163265306 0.0
11.8448979591837 0.0
11.8489795918367 0.0
11.8530612244898 0.0
11.8571428571429 0.0
11.8612244897959 0.0
11.865306122449 0.0
11.869387755102 0.0
11.8734693877551 0.0
11.8775510204082 0.0
11.8816326530612 0.0
11.8857142857143 0.0
11.8897959183673 0.0
11.8938775510204 0.0
11.8979591836735 0.0
11.9020408163265 0.0
11.9061224489796 0.0
11.9102040816327 0.0
11.9142857142857 0.0
11.9183673469388 0.0
11.9224489795918 0.0
11.9265306122449 0.0
11.930612244898 0.0
11.934693877551 0.0
11.9387755102041 0.0
11.9428571428571 0.0
11.9469387755102 0.0
11.9510204081633 0.0
11.9551020408163 0.0
11.9591836734694 0.0
11.9632653061224 0.0
11.9673469387755 0.0
11.9714285714286 0.0
11.9755102040816 0.0
11.9795918367347 0.0
11.9836734693878 0.0
11.9877551020408 0.0
11.9918367346939 0.343919
11.9959183673469 2.90823
12.0 0.0
12.0040816326531 0.0
12.0081632653061 0.0
12.0122448979592 0.0
12.0163265306122 0.0
12.0204081632653 0.0
12.0244897959184 0.0
12.0285714285714 0.0
12.0326530612245 0.0
12.0367346938776 0.0
12.0408163265306 0.0
12.0448979591837 0.0
12.0489795918367 0.0
12.0530612244898 0.0
12.0571428571429 0.0
12.0612244897959 0.0
12.065306122449 0.0
12.069387755102 0.0
12.0734693877551 0.0
12.0775510204082 0.0
12.0816326530612 0.176907
12.0857142857143 0.411272
12.0897959183673 0.0531673
12.0938775510204 0.0
12.0979591836735 0.192404
12.1020408163265 0.505209
12.1061224489796 5.94747
12.1102040816327 5.05877
12.1142857142857 0.952244
12.1183673469388 0.0
12.1224489795918 0.0
12.1265306122449 0.0
12.130612244898 0.0
12.134693877551 0.0
12.1387755102041 0.0
12.1428571428571 0.0
12.1469387755102 3.51965
12.1510204081633 110.024
12.1551020408163 3127.48
12.1591836734694 349.577
12.1632653061224 368.019
12.1673469387755 366.456
12.1714285714286 297.297
12.1755102040816 256.67
12.1795918367347 204.8
12.1836734693878 161.411
12.1877551020408 123.036
12.1918367346939 87.84
12.1959183673469 55.1586
12.2 24.6536
12.2040816326531 0.0
12.2081632653061 0.0
12.2122448979592 0.0
12.2163265306122 0.0
12.2204081632653 0.0
12.2244897959184 0.0
12.2285714285714 0.0
12.2326530612245 0.0
12.2367346938776 0.0
12.2408163265306 0.0
12.2448979591837 0.0
12.2489795918367 0.0
12.2530612244898 0.0
12.2571428571429 115.433
12.2612244897959 0.0
12.265306122449 0.0
12.269387755102 0.0
12.2734693877551 0.0
12.2775510204082 0.0
12.2816326530612 0.0
12.2857142857143 0.0
12.2897959183673 0.0
12.2938775510204 0.0
12.2979591836735 0.0
12.3020408163265 0.0
12.3061224489796 0.0
12.3102040816327 0.0
12.3142857142857 0.0
12.3183673469388 0.0
12.3224489795918 0.0
12.3265306122449 0.0
12.330612244898 0.0
12.334693877551 0.0
12.3387755102041 0.0
12.3428571428571 0.0
12.3469387755102 0.0
12.3510204081633 0.0
12.3551020408163 0.0
12.3591836734694 0.0
12.3632653061224 0.0
12.3673469387755 0.0
12.3714285714286 0.0
12.3755102040816 0.0
12.3795918367347 0.0
12.3836734693878 0.0
12.3877551020408 0.0
12.3918367346939 0.0
12.3959183673469 0.0
12.4 0.0
12.4040816326531 0.0535846
12.4081632653061 11.8438
12.4122448979592 15.9476
12.4163265306122 29.0711
12.4204081632653 49.4519
12.4244897959184 41.2924
12.4285714285714 44.4808
12.4326530612245 42.8605
12.4367346938776 30.6777
12.4408163265306 13.7039
12.4448979591837 0.0
12.4489795918367 0.0
12.4530612244898 0.0
12.4571428571429 0.0
12.4612244897959 0.0
12.465306122449 0.0
12.469387755102 0.0
12.4734693877551 0.0
12.4775510204082 0.0
12.4816326530612 0.0
12.4857142857143 0.0
12.4897959183673 0.0
12.4938775510204 0.0
12.4979591836735 0.0
12.5020408163265 0.0
12.5061224489796 0.0
12.5102040816327 0.0
12.5142857142857 0.0
12.5183673469388 0.0
12.5224489795918 0.0
12.5265306122449 0.0
12.530612244898 0.0
12.534693877551 0.0
12.5387755102041 0.0
12.5428571428571 0.0
12.5469387755102 0.0
12.5510204081633 0.0
12.5551020408163 0.0
12.5591836734694 0.0
12.5632653061224 0.0
12.5673469387755 0.0
12.5714285714286 0.0
12.5755102040816 0.0
12.5795918367347 0.0
12.5836734693878 0.0
12.5877551020408 0.0
12.5918367346939 0.0
12.5959183673469 0.0
12.6 0.0
12.6040816326531 0.0
12.6081632653061 0.0
12.6122448979592 0.0
12.6163265306122 0.0
12.6204081632653 0.0
12.6244897959184 0.0
12.6285714285714 1044.99
12.6326530612245 1588.3
12.6367346938776 341.862
12.6408163265306 382.472
12.6448979591837 346.326
12.6489795918367 292.685
12.6530612244898 242.596
12.6571428571429 193.488
12.6612244897959 151.787
12.665306122449 113.635
12.669387755102 79.4917
12.6734693877551 47.5588
12.6775510204082 17.35
12.6816326530612 0.0
12.6857142857143 0.0
12.6897959183673 0.0
12.6938775510204 0.0
12.6979591836735 0.0
12.7020408163265 0.0
12.7061224489796 0.0
12.7102040816327 0.0
12.7142857142857 0.0
12.7183673469388 0.0
12.7224489795918 0.0
12.7265306122449 0.0
12.730612244898 0.0
12.734693877551 128.341
12.7387755102041 0.0
12.7428571428571 0.0
12.7469387755102 32.935
12.7510204081633 0.0
12.7551020408163 0.0
12.7591836734694 21.4496
12.7632653061224 0.0
12.7673469387755 0.0
12.7714285714286 7.31528
12.7755102040816 0.0
12.7795918367347 12.879
12.7836734693878 6.47649
12.7877551020408 0.0
12.7918367346939 17.5851
12.7959183673469 19.7195
12.8 16.3694
12.8040816326531 7.47979
12.8081632653061 0.0
12.8122448979592 0.0
12.8163265306122 0.0
12.8204081632653 0.0
12.8244897959184 0.0
12.8285714285714 0.0
12.8326530612245 0.0
12.8367346938776 0.0
12.8408163265306 0.0
12.8448979591837 0.0
12.8489795918367 0.0
12.8530612244898 0.0
12.8571428571429 0.0
12.8612244897959 0.0
12.865306122449 0.0
12.869387755102 0.0
12.8734693877551 0.0
12.8775510204082 0.0
12.8816326530612 0.0
12.8857142857143 0.0
12.8897959183673 0.0
12.8938775510204 0.0
12.8979591836735 0.0
12.9020408163265 0.0
12.9061224489796 0.0
12.9102040816327 0.0
12.9142857142857 0.0
12.9183673469388 0.0
12.9224489795918 0.0
12.9265306122449 0.0
12.930612244898 0.0
12.934693877551 0.0
12.9387755102041 0.0
12.9428571428571 0.0
12.9469387755102 0.0
12.9510204081633 0.0
12.9551020408163 0.0
12.9591836734694 0.0
12.9632653061224 0.0
12.9673469387755 0.0
12.9714285714286 0.0
12.9755102040816 0.0
12.9795918367347 0.0
12.9836734693878 0.0
12.9877551020408 0.961542
12.9918367346939 7.39002
12.9959183673469 18.5602
13.0 26.2359
13.0040816326531 32.3224
13.0081632653061 31.7167
13.0122448979592 23.7411
13.0163265306122 14.8622
13.0204081632653 7.88152
13.0244897959184 1.41275
13.0285714285714 0.0
13.0326530612245 0.0
13.0367346938776 0.0
13.0408163265306 0.0
13.0448979591837 0.0
13.0489795918367 0.0
13.0530612244898 0.0
13.0571428571429 0.0
13.0612244897959 0.0
13.065306122449 0.0
13.069387755102 0.0
13.0734693877551 0.0
13.0775510204082 0.0
13.0816326530612 0.560045
13.0857142857143 2.27046
13.0897959183673 0.0
13.0938775510204 11.1498
13.0979591836735 23.8435
13.1020408163265 47.0649
13.1061224489796 3117.28
13.1102040816327 241.715
13.1142857142857 353.16
13.1183673469388 361.074
13.1224489795918 312.279
13.1265306122449 263.735
13.130612244898 215.166
13.134693877551 168.906
13.1387755102041 129.273
13.1428571428571 93.9587
13.1469387755102 61.3668
13.1510204081633 30.1214
13.1551020408163 1.13392
13.1591836734694 0.0
13.1632653061224 0.0
13.1673469387755 0.0
13.1714285714286 0.0
13.1755102040816 0.0
13.1795918367347 0.0
13.1836734693878 0.0
13.1877551020408 0.0
13.1918367346939 0.0
13.1959183673469 0.0
13.2 161.614
13.2040816326531 0.0
13.2081632653061 227.862
13.2122448979592 0.0
13.2163265306122 0.0
13.2204081632653 0.0
13.2244897959184 24.7495
13.2285714285714 0.0
13.2326530612245 0.0
13.2367346938776 0.0
13.2408163265306 21.0597
13.2448979591837 0.0
13.2489795918367 0.0
13.2530612244898 0.0
13.2571428571429 0.0
13.2612244897959 0.0
13.265306122449 0.0
13.269387755102 0.0
13.2734693877551 0.0
13.2775510204082 0.0
13.2816326530612 0.0
13.2857142857143 0.0
13.2897959183673 0.0
13.2938775510204 0.0
13.2979591836735 0.0
13.3020408163265 0.0
13.3061224489796 0.0
13.3102040816327 0.0
13.3142857142857 0.0
13.3183673469388 0.0
13.3224489795918 1.33431
13.3265306122449 3.23379
13.330612244898 6.10459
13.334693877551 0.0
13.3387755102041 0.0
13.3428571428571 0.0
13.3469387755102 0.0
13.3510204081633 0.0
13.3551020408163 0.0
13.3591836734694 0.0
13.3632653061224 0.0
13.3673469387755 0.0
13.3714285714286 0.0
13.3755102040816 0.0
13.3795918367347 0.0
13.3836734693878 0.0
13.3877551020408 0.0
13.3918367346939 0.0
13.3959183673469 0.0
13.4 0.0
13.4040816326531 0.0
13.4081632653061 0.0
13.4122448979592 0.0
13.4163265306122 0.0
13.4204081632653 0.0
13.4244897959184 0.0
13.4285714285714 0.0
13.4326530612245 0.0
13.4367346938776 0.0
13.4408163265306 0.0
13.4448979591837 0.0
13.4489795918367 0.0
13.4530612244898 0.0
13.4571428571429 0.0
13.4612244897959 0.0
13.465306122449 0.0
13.469387755102 0.0
13.4734693877551 0.0
13.4775510204082 0.0
13.4816326530612 0.0
13.4857142857143 0.0
13.4897959183673 0.0
13.4938775510204 0.0
13.4979591836735 0.0
13.5020408163265 0.0
13.5061224489796 0.0
13.5102040816327 2.14398
13.5142857142857 0.0
13.5183673469388 0.0
13.5224489795918 0.0
13.5265306122449 0.0
13.530612244898 0.0
13.534693877551 0.0
13.5387755102041 0.0
13.5428571428571 0.0
13.5469387755102 0.0
13.5510204081633 0.0
13.5551020408163 0.0
13.5591836734694 0.0
13.5632653061224 0.0
13.5673469387755 0.0
13.5714285714286 2.97141
13.5755102040816 1.58882
13.5795918367347 391.268
13.5836734693878 2846.61
13.5877551020408 263.316
13.5918367346939 381.381
13.5959183673469 355.061
13.6 298.713
13.6040816326531 251.808
13.6081632653061 203.016
13.6122448979592 158.619
13.6163265306122 120.491
13.6204081632653 85.7829
13.6244897959184 53.7873
13.6285714285714 22.7159
13.6326530612245 0.0
13.6367346938776 0.0
13.6408163265306 0.0
13.6448979591837 0.0
13.6489795918367 0.0
13.6530612244898 0.0
13.6571428571429 0.0
13.6612244897959 0.0
13.665306122449 0.0
13.669387755102 0.0
13.6734693877551 0.0
13.6775510204082 0.0
13.6816326530612 0.0
13.6857142857143 0.0
13.6897959183673 0.0
13.6938775510204 0.0
13.6979591836735 0.0
13.7020408163265 60.6876
13.7061224489796 0.0
13.7102040816327 0.0
13.7142857142857 0.0
13.7183673469388 0.0
13.7224489795918 0.0
13.7265306122449 0.0
13.730612244898 0.0
13.734693877551 0.0
13.7387755102041 0.0
13.7428571428571 0.0
13.7469387755102 0.0
13.7510204081633 0.0
13.7551020408163 0.0
13.7591836734694 0.0
13.7632653061224 0.0
13.7673469387755 0.0
13.7714285714286 0.0
13.7755102040816 0.0
13.7795918367347 0.0
13.7836734693878 0.0
13.7877551020408 0.0
13.7918367346939 8.70717
13.7959183673469 42.9429
13.8 66.4403
13.8040816326531 92.333
13.8081632653061 101.701
13.8122448979592 103.262
13.8163265306122 91.186
13.8204081632653 85.3166
13.8244897959184 73.7691
13.8285714285714 59.0839
13.8326530612245 44.9085
13.8367346938776 34.6994
13.8408163265306 30.4268
13.8448979591837 30.6409
13.8489795918367 15.8283
13.8530612244898 13.0797
13.8571428571429 5.26722
13.8612244897959 0.0
13.865306122449 12.1535
13.869387755102 9.52083
13.8734693877551 3.60215
13.8775510204082 0.0
13.8816326530612 0.0
13.8857142857143 0.0
13.8897959183673 0.0
13.8938775510204 0.0
13.8979591836735 0.0
13.9020408163265 0.0
13.9061224489796 0.0
13.9102040816327 0.0
13.9142857142857 0.0
13.9183673469388 0.0
13.9224489795918 0.0
13.9265306122449 0.0
13.930612244898 0.0
13.934693877551 0.0
13.9387755102041 0.0
13.9428571428571 0.0
13.9469387755102 0.0
13.9510204081633 0.0
13.9551020408163 0.0
13.9591836734694 0.0
13.9632653061224 0.0
13.9673469387755 0.0
13.9714285714286 0.0
13.9755102040816 0.0
13.9795918367347 0.0
13.9836734693878 0.0
13.9877551020408 0.0
13.9918367346939 0.0
13.9959183673469 0.0
14.0 0.0
14.0040816326531 0.0
14.0081632653061 0.0
14.0122448979592 0.0
14.0163265306122 0.0
14.0204081632653 0.0
14.0244897959184 0.0
14.0285714285714 0.0
14.0326530612245 0.0
14.0367346938776 3.5466
14.0408163265306 7.85732
14.0448979591837 8.93605
14.0489795918367 8.04508
14.0530612244898 10.7795
14.0571428571429 1802.11
14.0612244897959 1151.49
14.065306122449 110.106
14.069387755102 374.738
14.0734693877551 338.311
14.0775510204082 290.689
14.0816326530612 235.166
14.0857142857143 187.598
14.0897959183673 145.691
14.0938775510204 108.025
14.0979591836735 74.8376
14.1020408163265 43.2703
14.1061224489796 12.9865
14.1102040816327 0.0
14.1142857142857 0.0
14.1183673469388 0.0
14.1224489795918 0.0
14.1265306122449 0.0
14.130612244898 0.0
14.134693877551 0.0
14.1387755102041 0.0
14.1428571428571 0.0
14.1469387755102 0.0
14.1510204081633 0.0
14.1551020408163 0.0
14.1591836734694 0.0
14.1632653061224 0.0
14.1673469387755 49.0935
14.1714285714286 0.0
14.1755102040816 0.0
14.1795918367347 0.0
14.1836734693878 0.0
14.1877551020408 13.8973
14.1918367346939 0.0
14.1959183673469 0.0
14.2 0.0
14.2040816326531 0.0
14.2081632653061 0.0
14.2122448979592 0.0
14.2163265306122 0.0
14.2204081632653 0.0
14.2244897959184 0.0
14.2285714285714 0.0
14.2326530612245 0.0
14.2367346938776 0.0
14.2408163265306 0.0
14.2448979591837 0.0
14.2489795918367 0.0
14.2530612244898 0.0
14.2571428571429 0.0
14.2612244897959 0.0
14.265306122449 0.0
14.269387755102 0.0
14.2734693877551 0.0
14.2775510204082 0.0
14.2816326530612 0.0
14.2857142857143 0.0
14.2897959183673 0.0
14.2938775510204 0.0
14.2979591836735 0.0
14.3020408163265 3.5187
14.3061224489796 0.170469
14.3102040816327 6.45876
14.3142857142857 14.8722
14.3183673469388 39.0029
14.3224489795918 46.6146
14.3265306122449 60.5752
14.330612244898 69.9311
14.334693877551 59.1367
14.3387755102041 59.9849
14.3428571428571 81.0241
14.3469387755102 101.203
14.3510204081633 92.1215
14.3551020408163 87.3728
14.3591836734694 84.3061
14.3632653061224 74.7171
14.3673469387755 59.402
14.3714285714286 46.984
14.3755102040816 33.9046
14.3795918367347 29.63
14.3836734693878 16.957
14.3877551020408 4.31161
14.3918367346939 0.0
14.3959183673469 0.0
14.4 0.0
14.4040816326531 0.0
14.4081632653061 0.0
14.4122448979592 0.0
14.4163265306122 0.0
14.4204081632653 0.0
14.4244897959184 0.0
14.4285714285714 0.0
14.4326530612245 0.0
14.4367346938776 0.0
14.4408163265306 0.0
14.4448979591837 0.0
14.4489795918367 0.0
14.4530612244898 0.0
14.4571428571429 0.0
14.4612244897959 0.0
14.465306122449 0.0
14.469387755102 0.0
14.4734693877551 0.0
14.4775510204082 0.0
14.4816326530612 0.0
14.4857142857143 0.0
14.4897959183673 0.0
14.4938775510204 0.0
14.4979591836735 0.0
14.5020408163265 0.0
14.5061224489796 0.0
14.5102040816327 0.0
14.5142857142857 0.0
14.5183673469388 0.0
14.5224489795918 0.0
14.5265306122449 0.0
14.530612244898 0.0
14.534693877551 2586.5
14.5387755102041 293.172
14.5428571428571 338.806
14.5469387755102 364.374
14.5510204081633 325.272
14.5551020408163 279.167
14.5591836734694 224.335
14.5632653061224 177.651
14.5673469387755 136.707
14.5714285714286 100.465
14.5755102040816 67.2982
14.5795918367347 36.5377
14.5836734693878 6.12986
14.5877551020408 0.0
14.5918367346939 0.0
14.5959183673469 0.0
14.6 0.0
14.6040816326531 0.0
14.6081632653061 0.0
14.6122448979592 0.0
14.6163265306122 0.0
14.6204081632653 0.0
14.6244897959184 0.0
14.6285714285714 0.0
14.6326530612245 0.0
14.6367346938776 0.0
14.6408163265306 0.0
14.6448979591837 0.0
14.6489795918367 0.0
14.6530612244898 0.0
14.6571428571429 0.0
14.6612244897959 0.0
14.665306122449 0.0
14.669387755102 0.0
14.6734693877551 0.0
14.6775510204082 0.0
14.6816326530612 0.0
14.6857142857143 0.0
14.6897959183673 0.0
14.6938775510204 0.0
14.6979591836735 0.0
14.7020408163265 0.0
14.7061224489796 0.0
14.7102040816327 0.0
14.7142857142857 0.0
14.7183673469388 0.0
14.7224489795918 0.0
14.7265306122449 0.0
14.730612244898 0.0
14.734693877551 0.0
14.7387755102041 0.0
14.7428571428571 0.0
14.7469387755102 0.0
14.7510204081633 0.0
14.7551020408163 1.03104
14.7591836734694 0.0
14.7632653061224 0.0
14.7673469387755 0.0
14.7714285714286 0.0
14.7755102040816 9.76741
14.7795918367347 12.2527
14.7836734693878 0.0
14.7877551020408 39.0596
14.7918367346939 72.1337
14.7959183673469 91.0616
14.8 92.9275
14.8040816326531 80.9201
14.8081632653061 91.9174
14.8122448979592 94.4272
14.8163265306122 73.5064
14.8204081632653 70.6075
14.8244897959184 72.3655
14.8285714285714 66.2769
14.8326530612245 61.4839
14.8367346938776 56.1283
14.8408163265306 46.7377
14.8448979591837 51.1927
14.8489795918367 53.9529
14.8530612244898 43.1208
14.8571428571429 33.8511
14.8612244897959 33.0054
14.865306122449 38.801
14.869387755102 32.903
14.8734693877551 25.3932
14.8775510204082 20.5776
14.8816326530612 19.8959
14.8857142857143 15.2172
14.8897959183673 19.4762
14.8938775510204 13.0756
14.8979591836735 10.8124
14.9020408163265 4.14801
14.9061224489796 0.0
14.9102040816327 0.0
14.9142857142857 0.0
14.9183673469388 0.0
14.9224489795918 0.0
14.9265306122449 0.0
14.930612244898 0.0
14.934693877551 0.0
14.9387755102041 0.0
14.9428571428571 0.0
14.9469387755102 0.0
14.9510204081633 0.0
14.9551020408163 0.0
14.9591836734694 0.0
14.9632653061224 0.0
14.9673469387755 0.0
14.9714285714286 0.0
14.9755102040816 0.0
14.9795918367347 0.0
14.9836734693878 0.0
14.9877551020408 0.0
14.9918367346939 0.0
14.9959183673469 0.0
15.0 0.0
