0.00408163265306122 0.0
0.00816326530612245 0.0
0.0122448979591837 0.0
0.0163265306122449 0.0
0.0204081632653061 0.0
0.0244897959183673 0.0
0.0285714285714286 0.0
0.0326530612244898 0.0
0.036734693877551 0.0
0.0408163265306122 0.0
0.0448979591836735 0.0
0.0489795918367347 0.0
0.0530612244897959 0.0
0.0571428571428571 0.0
0.0612244897959184 0.0
0.0653061224489796 0.0
0.0693877551020408 0.0
0.073469387755102 0.0
0.0775510204081633 0.0
0.0816326530612245 0.0
0.0857142857142857 0.0
0.0897959183673469 0.0
0.0938775510204082 0.0
0.0979591836734694 0.0
0.102040816326531 0.0
0.106122448979592 0.0
0.110204081632653 0.0
0.114285714285714 0.0
0.118367346938776 0.0
0.122448979591837 0.0
0.126530612244898 3.76868
0.130612244897959 4.0071
0.13469387755102 4.20141
0.138775510204082 6.42347
0.142857142857143 5.92184
0.146938775510204 7.7374
0.151020408163265 9.96947
0.155102040816327 7.82514
0.159183673469388 11.2041
0.163265306122449 16.3298
0.16734693877551 19.621
0.171428571428571 22.4241
0.175510204081633 22.6923
0.179591836734694 22.2585
0.183673469387755 27.7377
0.187755102040816 36.5236
0.191836734693878 38.2854
0.195918367346939 35.2899
0.2 48.5263
0.204081632653061 57.7538
0.208163265306122 56.2518
0.212244897959184 53.1536
0.216326530612245 62.763
0.220408163265306 62.2176
0.224489795918367 64.7888
0.228571428571429 52.6304
0.23265306122449 44.8396
0.236734693877551 38.0114
0.240816326530612 24.4088
0.244897959183673 15.9178
0.248979591836735 18.3318
0.253061224489796 6.37507
0.257142857142857 2.32089
0.261224489795918 0.0
0.26530612244898 0.0
0.269387755102041 0.0
0.273469387755102 0.0
0.277551020408163 0.0
0.281632653061224 0.0
0.285714285714286 0.0
0.289795918367347 0.0
0.293877551020408 0.0
0.297959183673469 0.0
0.302040816326531 0.0
0.306122448979592 0.0
0.310204081632653 0.0
0.314285714285714 0.58651
0.318367346938775 0.0
0.322448979591837 2.19655
0.326530612244898 20.2333
0.330612244897959 28.1696
0.33469387755102 20.2347
0.338775510204082 29.9246
0.342857142857143 37.5149
0.346938775510204 35.0513
0.351020408163265 37.0667
0.355102040816327 35.6792
0.359183673469388 30.2076
0.363265306122449 30.5288
0.36734693877551 23.8088
0.371428571428571 18.6855
0.375510204081633 9.18794
0.379591836734694 2.83909
0.383673469387755 0.0
0.387755102040816 0.0
0.391836734693878 0.0
0.395918367346939 0.0
0.4 0.0
0.404081632653061 0.0
0.408163265306122 0.0
0.412244897959184 0.0
0.416326530612245 0.0
0.420408163265306 0.0
0.424489795918367 0.0
0.428571428571429 0.0
0.43265306122449 0.0
0.436734693877551 0.0
0.440816326530612 0.0
0.444897959183673 0.0
0.448979591836735 0.0
0.453061224489796 0.0
0.457142857142857 2.10059
0.461224489795918 3.73912
0.46530612244898 0.0
0.469387755102041 0.0
0.473469387755102 0.0
0.477551020408163 0.0
0.481632653061224 0.0
0.485714285714286 0.0
0.489795918367347 0.0
0.493877551020408 391.125
0.497959183673469 1697.47
0.502040816326531 306.703
0.506122448979592 389.442
0.510204081632653 339.26
0.514285714285714 272.751
0.518367346938776 254.27
0.522448979591837 198.692
0.526530612244898 165.224
0.530612244897959 120.736
0.53469387755102 91.1258
0.538775510204082 60.5866
0.542857142857143 29.7335
0.546938775510204 0.147283
0.551020408163265 0.0
0.555102040816327 0.0
0.559183673469388 0.0
0.563265306122449 0.0
0.56734693877551 0.0
0.571428571428571 0.0
0.575510204081633 0.0
0.579591836734694 0.0
0.583673469387755 0.0
0.587755102040816 0.0
0.591836734693878 2.34621
0.595918367346939 0.0
0.6 113.003
0.604081632653061 0.0
0.608163265306122 0.0
0.612244897959184 0.0
0.616326530612245 83.0937
0.620408163265306 0.0
0.624489795918367 16.8373
0.628571428571429 0.0
0.63265306122449 0.0
0.636734693877551 77.2264
0.640816326530612 0.0
0.644897959183673 8.57151
0.648979591836735 0.0
0.653061224489796 7.65562
0.657142857142857 0.0
0.661224489795918 0.0
0.66530612244898 0.0
0.669387755102041 0.0
0.673469387755102 0.0
0.677551020408163 0.0
0.681632653061224 0.0
0.685714285714286 0.0
0.689795918367347 0.0
0.693877551020408 0.0
0.697959183673469 0.0
0.702040816326531 0.0
0.706122448979592 0.0
0.710204081632653 0.0
0.714285714285714 0.0
0.718367346938775 0.0
0.722448979591837 0.0
0.726530612244898 0.0
0.730612244897959 0.0
0.73469387755102 0.0
0.738775510204082 0.0
0.742857142857143 0.0
0.746938775510204 0.0
0.751020408163265 0.0
0.755102040816326 0.0
0.759183673469388 0.0
0.763265306122449 0.0
0.76734693877551 0.0
0.771428571428571 0.0
0.775510204081633 0.0
0.779591836734694 0.0
0.783673469387755 0.0
0.787755102040816 0.0
0.791836734693877 0.0
0.795918367346939 0.0
0.8 0.0
0.804081632653061 0.0
0.808163265306122 0.0
0.812244897959184 0.217438
0.816326530612245 0.0
0.820408163265306 0.0
0.824489795918367 0.0
0.828571428571429 0.0
0.83265306122449 0.0
0.836734693877551 0.0
0.840816326530612 0.0
0.844897959183673 0.0
0.848979591836735 0.0
0.853061224489796 0.0
0.857142857142857 0.0
0.861224489795918 0.0
0.86530612244898 0.0
0.869387755102041 5.63121
0.873469387755102 9.77421
0.877551020408163 10.3538
0.881632653061225 10.24
0.885714285714286 12.4583
0.889795918367347 9.583
0.893877551020408 6.38366
0.897959183673469 3.14832
0.902040816326531 0.0
0.906122448979592 0.0
0.910204081632653 0.0
0.914285714285714 0.0
0.918367346938776 0.0
0.922448979591837 0.0
0.926530612244898 0.0
0.930612244897959 0.0
0.93469387755102 0.0
0.938775510204082 0.0
0.942857142857143 2.38717
0.946938775510204 6.32763
0.951020408163265 3.72648
0.955102040816327 4.88424
0.959183673469388 1.98042
0.963265306122449 0.0
0.96734693877551 0.0
0.971428571428571 1.01519
0.975510204081633 3.98219
0.979591836734694 1.72806
0.983673469387755 0.0
0.987755102040816 0.0
0.991836734693878 0.0
0.995918367346939 0.0
1.0 0.0
1.00408163265306 0.0
1.00816326530612 0.0
1.01224489795918 0.0
1.01632653061224 0.0
1.02040816326531 0.0
1.02448979591837 0.0
1.02857142857143 0.0
1.03265306122449 2.44987
1.03673469387755 13.1052
1.04081632653061 10.9575
1.04489795918367 13.9775
1.04897959183673 12.7182
1.0530612244898 9.57978
1.05714285714286 10.0052
1.06122448979592 10.844
1.06530612244898 7.47287
1.06938775510204 4.98056
1.0734693877551 0.553489
1.07755102040816 0.699878
1.08163265306122 2.24614
1.08571428571429 5.83988
1.08979591836735 4.95934
1.09387755102041 1.52409
1.09795918367347 0.0
1.10204081632653 5.13315
1.10612244897959 1.13571
1.11020408163265 0.0
1.11428571428571 0.0
1.11836734693878 0.0
1.12244897959184 0.0
1.1265306122449 0.0
1.13061224489796 0.0
1.13469387755102 0.0
1.13877551020408 0.0
1.14285714285714 0.0
1.1469387755102 0.0
1.15102040816327 0.0
1.15510204081633 0.0
1.15918367346939 0.0
1.16326530612245 0.0
1.16734693877551 0.0
1.17142857142857 0.0
1.17551020408163 1164.4
1.17959183673469 1566.64
1.18367346938776 355.055
1.18775510204082 403.506
1.19183673469388 339.892
1.19591836734694 291.214
1.2 247.711
1.20408163265306 204.698
1.20816326530612 162.837
1.21224489795918 124.665
1.21632653061224 91.6161
1.22040816326531 60.5449
1.22448979591837 31.3777
1.22857142857143 1.57577
1.23265306122449 0.0
1.23673469387755 0.0
1.24081632653061 0.0
1.24489795918367 0.0
1.24897959183673 0.0
1.2530612244898 0.0
1.25714285714286 0.0
1.26122448979592 0.0
1.26530612244898 0.0
1.26938775510204 0.0
1.2734693877551 0.0
1.27755102040816 0.0
1.28163265306122 0.0
1.28571428571429 0.0
1.28979591836735 0.0
1.29387755102041 0.0
1.29795918367347 0.0
1.30204081632653 0.0
1.30612244897959 0.0
1.31020408163265 0.0
1.31428571428571 0.0
1.31836734693878 80.0403
1.32244897959184 0.0
1.3265306122449 0.0
1.33061224489796 0.0
1.33469387755102 0.0
1.33877551020408 0.0
1.34285714285714 0.0
1.3469387755102 0.0
1.35102040816327 0.0
1.35510204081633 0.0
1.35918367346939 0.0
1.36326530612245 0.0
1.36734693877551 0.0
1.37142857142857 0.0
1.37551020408163 0.47344
1.37959183673469 7.5348
1.38367346938776 15.7982
1.38775510204082 7.65634
1.39183673469388 24.7457
1.39591836734694 34.31
1.4 40.5797
1.40408163265306 31.404
1.40816326530612 24.5917
1.41224489795918 17.1441
1.41632653061225 7.01871
1.42040816326531 0.0
1.42448979591837 0.0
1.42857142857143 0.0
1.43265306122449 0.0
1.43673469387755 0.0
1.44081632653061 0.0
1.44489795918367 0.0
1.44897959183673 0.0
1.4530612244898 0.0
1.45714285714286 0.0
1.46122448979592 7.37756
1.46530612244898 15.0175
1.46938775510204 34.3622
1.4734693877551 42.1197
1.47755102040816 40.5113
1.48163265306122 35.2381
1.48571428571429 20.3428
1.48979591836735 6.59437
1.49387755102041 1.0339
1.49795918367347 1.36927
1.50204081632653 1.69635
1.50612244897959 0.0
1.51020408163265 0.0
1.51428571428571 0.0
1.51836734693878 0.0
1.52244897959184 0.0
1.5265306122449 0.0
1.53061224489796 0.0
1.53469387755102 0.0
1.53877551020408 0.0
1.54285714285714 0.0
1.5469387755102 0.0
1.55102040816327 0.0
1.55510204081633 0.0
1.55918367346939 0.0
1.56326530612245 0.0
1.56734693877551 0.0
1.57142857142857 0.0
1.57551020408163 0.0
1.57959183673469 0.0
1.58367346938775 0.0
1.58775510204082 0.0
1.59183673469388 0.0
1.59591836734694 0.0
1.6 0.0
1.60408163265306 0.0
1.60816326530612 0.0
1.61224489795918 0.0
1.61632653061224 0.0
1.62040816326531 0.0
1.62448979591837 3.07333
1.62857142857143 3.35598
1.63265306122449 0.0
1.63673469387755 0.0
1.64081632653061 0.0
1.64489795918367 0.0
1.64897959183673 0.0
1.6530612244898 0.0
1.65714285714286 0.0
1.66122448979592 0.0
1.66530612244898 0.0
1.66938775510204 0.0
1.6734693877551 0.0
1.67755102040816 0.0
1.68163265306122 0.0
1.68571428571429 0.0
1.68979591836735 0.0
1.69387755102041 0.0
1.69795918367347 0.0
1.70204081632653 0.0
1.70612244897959 0.0
1.71020408163265 0.0
1.71428571428571 0.0
1.71836734693878 0.0
1.72244897959184 0.0
1.7265306122449 0.0
1.73061224489796 0.0
1.73469387755102 0.0
1.73877551020408 0.0
1.74285714285714 0.0
1.7469387755102 0.0
1.75102040816327 3.44956
1.75510204081633 4.72701
1.75918367346939 8.0018
1.76326530612245 12.445
1.76734693877551 17.2145
1.77142857142857 12.97
1.77551020408163 15.208
1.77959183673469 14.2126
1.78367346938776 6.56044
1.78775510204082 1.39767
1.79183673469388 0.37992
1.79591836734694 0.0
1.8 0.0
1.80408163265306 0.0
1.80816326530612 0.0
1.81224489795918 0.0
1.81632653061224 0.0
1.82040816326531 0.0
1.82448979591837 0.0
1.82857142857143 0.0
1.83265306122449 0.0
1.83673469387755 0.0
1.84081632653061 0.0
1.84489795918367 1.44398
1.84897959183673 0.238657
1.8530612244898 8.37719
1.85714285714286 425.325
1.86122448979592 2011.5
1.86530612244898 250.274
1.86938775510204 366.787
1.8734693877551 340.746
1.87755102040816 303.295
1.88163265306122 254.705
1.88571428571429 207.338
1.88979591836735 163.408
1.89387755102041 128.166
1.89795918367347 95.0769
1.90204081632653 63.2288
1.90612244897959 34.1788
1.91020408163265 4.59391
1.91428571428571 0.0
1.91836734693878 0.0
1.92244897959184 0.0
1.9265306122449 0.0
1.93061224489796 0.0
1.93469387755102 0.0
1.93877551020408 0.0
1.94285714285714 0.0
1.9469387755102 0.0
1.95102040816327 0.0
1.95510204081633 0.0
1.95918367346939 0.0
1.96326530612245 0.0
1.96734693877551 28.5313
1.97142857142857 0.0
1.97551020408163 0.0
1.97959183673469 0.0
1.98367346938776 0.0
1.98775510204082 0.0
1.99183673469388 0.0
1.99591836734694 0.0
2.0 0.0
2.00408163265306 0.0
2.00816326530612 0.0
2.01224489795918 0.0
2.01632653061225 0.0
2.02040816326531 0.0
2.02448979591837 0.0
2.02857142857143 0.0
2.03265306122449 0.0
2.03673469387755 0.0
2.04081632653061 0.0
2.04489795918367 0.0
2.04897959183673 0.0
2.0530612244898 0.0
2.05714285714286 0.0
2.06122448979592 0.0
2.06530612244898 0.0
2.06938775510204 0.0
2.0734693877551 0.0
2.07755102040816 0.0
2.08163265306122 0.0
2.08571428571429 0.0
2.08979591836735 0.0
2.09387755102041 0.0
2.09795918367347 0.0
2.10204081632653 0.0
2.10612244897959 0.0
2.11020408163265 0.0
2.11428571428571 0.0
2.11836734693878 0.0
2.12244897959184 0.0
2.1265306122449 0.0
2.13061224489796 0.0
2.13469387755102 2.49457
2.13877551020408 0.0
2.14285714285714 0.0
2.1469387755102 0.0
2.15102040816327 0.0
2.15510204081633 0.0
2.15918367346939 0.0
2.16326530612245 0.0
2.16734693877551 0.0
2.17142857142857 0.0
2.17551020408163 0.0
2.17959183673469 0.0
2.18367346938776 0.0
2.18775510204082 0.494957
2.19183673469388 4.70221
2.19591836734694 3.00062
2.2 0.501573
2.20408163265306 0.0
2.20816326530612 0.0
2.21224489795918 0.0
2.21632653061224 0.0
2.22040816326531 0.0
2.22448979591837 0.0
2.22857142857143 0.0
2.23265306122449 0.0
2.23673469387755 0.0
2.24081632653061 0.0
2.24489795918367 0.0
2.24897959183673 1.43945
2.2530612244898 3.43275
2.25714285714286 4.11665
2.26122448979592 2.67196
2.26530612244898 0.970244
2.26938775510204 0.126302
2.2734693877551 0.0
2.27755102040816 0.592113
2.28163265306122 0.844598
2.28571428571429 0.0
2.28979591836735 0.24581
2.29387755102041 1.00553
2.29795918367347 0.0
2.30204081632653 0.0
2.30612244897959 0.0
2.31020408163265 0.0
2.31428571428571 0.0
2.31836734693878 0.0
2.32244897959184 0.0
2.3265306122449 0.0
2.33061224489796 0.0
2.33469387755102 0.0
2.33877551020408 0.0
2.34285714285714 0.0
2.3469387755102 0.0
2.35102040816327 2.74241
2.35510204081633 1.79887
2.35918367346939 3.52561
2.36326530612245 0.0
2.36734693877551 6.39236
2.37142857142857 0.480056
2.37551020408163 10.7888
2.37959183673469 9.52935
2.38367346938776 3.30925
2.38775510204082 5.24998
2.39183673469388 3.32248
2.39591836734694 0.0
2.4 0.0
2.40408163265306 0.0
2.40816326530612 0.0
2.41224489795918 0.0
2.41632653061225 0.0
2.42040816326531 0.0
2.42448979591837 0.0
2.42857142857143 0.0
2.43265306122449 0.0
2.43673469387755 0.0
2.44081632653061 0.0
2.44489795918367 8.40878
2.44897959183673 9.27949
2.4530612244898 12.3574
2.45714285714286 11.0006
2.46122448979592 6.51228
2.46530612244898 0.0
2.46938775510204 0.0
2.4734693877551 0.0
2.47755102040816 0.0
2.48163265306122 0.0
2.48571428571429 0.0
2.48979591836735 0.0
2.49387755102041 0.0
2.49795918367347 0.0
2.50204081632653 0.0
2.50612244897959 0.0
2.51020408163265 0.0
2.51428571428571 0.0
2.51836734693878 0.0
2.52244897959184 0.0
2.5265306122449 0.0
2.53061224489796 0.0
2.53469387755102 4.28593
2.53877551020408 931.825
2.54285714285714 2374.79
2.5469387755102 0.0
2.55102040816327 391.51
2.55510204081633 291.179
2.55918367346939 285.019
2.56326530612245 259.542
2.56734693877551 209.907
2.57142857142857 169.727
2.57551020408163 126.62
2.57959183673469 92.5229
2.58367346938775 62.3383
2.58775510204082 33.5103
2.59183673469388 2.18052
2.59591836734694 0.0
2.6 0.0
2.60408163265306 0.0
2.60816326530612 0.0
2.61224489795918 0.0
2.61632653061224 0.0
2.62040816326531 0.0
2.62448979591837 0.0
2.62857142857143 0.0
2.63265306122449 0.0
2.63673469387755 0.0
2.64081632653061 0.0
2.64489795918367 0.0
2.64897959183673 92.5751
2.6530612244898 0.0
2.65714285714286 0.0
2.66122448979592 0.0
2.66530612244898 0.0
2.66938775510204 0.0
2.6734693877551 0.0
2.67755102040816 0.0
2.68163265306122 0.0
2.68571428571429 0.0
2.68979591836735 0.0
2.69387755102041 0.0
2.69795918367347 0.0
2.70204081632653 0.0
2.70612244897959 0.0
2.71020408163265 0.0
2.71428571428571 0.0
2.71836734693878 0.0
2.72244897959184 0.0
2.7265306122449 0.0
2.73061224489796 0.0
2.73469387755102 0.0
2.73877551020408 0.0
2.74285714285714 0.0
2.7469387755102 0.0
2.75102040816327 0.0
2.75510204081633 0.0
2.75918367346939 0.0
2.76326530612245 0.0
2.76734693877551 0.0
2.77142857142857 0.0
2.77551020408163 0.0
2.77959183673469 0.0
2.78367346938776 0.0
2.78775510204082 0.0
2.79183673469388 0.0
2.79591836734694 0.0
2.8 0.0
2.80408163265306 0.0
2.80816326530612 0.0
2.81224489795918 0.0
2.81632653061224 0.0
2.82040816326531 0.0
2.82448979591837 1.60348
2.82857142857143 1.29569
2.83265306122449 0.655413
2.83673469387755 0.0
2.84081632653061 0.0
2.84489795918367 0.0
2.84897959183673 0.0
2.8530612244898 0.0
2.85714285714286 0.0
2.86122448979592 0.0
2.86530612244898 0.0
2.86938775510204 0.0
2.8734693877551 0.0
2.87755102040816 4.98116
2.88163265306122 8.71837
2.88571428571429 9.44853
2.88979591836735 13.4225
2.89387755102041 13.124
2.89795918367347 7.51162
2.90204081632653 1.92547
2.90612244897959 0.0
2.91020408163265 0.0
2.91428571428571 0.0
2.91836734693878 0.0
2.92244897959184 0.0
2.9265306122449 0.0
2.93061224489796 0.0
2.93469387755102 0.0
2.93877551020408 8.85338
2.94285714285714 4.47166
2.9469387755102 0.0
2.95102040816327 0.0
2.95510204081633 0.0
2.95918367346939 1.53458
2.96326530612245 2.06292
2.96734693877551 4.99058
2.97142857142857 6.85024
2.97551020408163 7.37321
2.97959183673469 9.8331
2.98367346938775 8.39102
2.98775510204082 15.5221
2.99183673469388 15.192
2.99591836734694 15.0313
3.0 11.1066
3.00408163265306 5.84149
3.00816326530612 0.0
3.01224489795918 0.0
3.01632653061225 0.0
3.02040816326531 0.0
3.02448979591837 0.0
3.02857142857143 0.0
3.03265306122449 13.9798
3.03673469387755 4.68493
3.04081632653061 2.0541
3.04489795918367 1.73491
3.04897959183673 4.38219
3.0530612244898 7.30085
3.05714285714286 0.0
3.06122448979592 0.0
3.06530612244898 0.0
3.06938775510204 1.76634
3.0734693877551 0.0
3.07755102040816 0.0
3.08163265306122 0.803947
3.08571428571429 1.46532
3.08979591836735 1.32465
3.09387755102041 1.58644
3.09795918367347 0.0
3.10204081632653 0.0
3.10612244897959 0.0
3.11020408163265 0.0
3.11428571428571 0.0
3.11836734693878 0.0
3.12244897959184 0.0
3.1265306122449 0.0
3.13061224489796 0.0
3.13469387755102 0.0
3.13877551020408 0.0
3.14285714285714 0.0
3.1469387755102 15.6351
3.15102040816327 10.7846
3.15510204081633 44.2067
3.15918367346939 23.7811
3.16326530612245 51.9443
3.16734693877551 31.8398
3.17142857142857 28.0217
3.17551020408163 25.2436
3.17959183673469 23.7593
3.18367346938776 15.4726
3.18775510204082 13.7545
3.19183673469388 21.0732
3.19591836734694 12.2149
3.2 3.5953
3.20408163265306 0.0
3.20816326530612 6.30069
3.21224489795918 6.55532
3.21632653061224 4.3385
3.22040816326531 19.6576
3.22448979591837 1705.35
3.22857142857143 335.868
3.23265306122449 367.937
3.23673469387755 282.964
3.24081632653061 281.484
3.24489795918367 256.689
3.24897959183673 217.937
3.2530612244898 169.098
3.25714285714286 135.229
3.26122448979592 97.436
3.26530612244898 67.1021
3.26938775510204 36.7153
3.2734693877551 6.99919
3.27755102040816 0.0
3.28163265306122 0.0
3.28571428571429 0.0
3.28979591836735 0.0
3.29387755102041 0.0
3.29795918367347 0.0
3.30204081632653 0.0
3.30612244897959 0.0
3.31020408163265 0.0
3.31428571428571 0.0
3.31836734693878 0.0
3.32244897959184 0.0
3.3265306122449 114.574
3.33061224489796 0.0
3.33469387755102 0.0
3.33877551020408 0.0
3.34285714285714 0.0
3.3469387755102 0.0
3.35102040816327 0.0
3.35510204081633 0.0
3.35918367346939 0.0
3.36326530612245 0.0
3.36734693877551 0.0
3.37142857142857 0.0
3.37551020408163 0.0
3.37959183673469 0.0
3.38367346938776 0.0
3.38775510204082 0.0
3.39183673469388 0.0
3.39591836734694 0.0
3.4 0.0
3.40408163265306 0.0
3.40816326530612 0.0
3.41224489795918 0.0
3.41632653061225 0.0
3.42040816326531 0.0
3.42448979591837 0.0
3.42857142857143 0.0
3.43265306122449 0.0
3.43673469387755 0.0
3.44081632653061 0.0
3.44489795918367 0.0
3.44897959183673 0.0
3.4530612244898 0.0
3.45714285714286 0.0
3.46122448979592 0.0
3.46530612244898 0.0
3.46938775510204 4.83489
3.4734693877551 0.0
3.47755102040816 0.0
3.48163265306122 0.0
3.48571428571429 1.63639
3.48979591836735 0.0
3.49387755102041 10.9404
3.49795918367347 26.1006
3.50204081632653 19.7066
3.50612244897959 22.1227
3.51020408163265 16.4641
3.51428571428571 11.0754
3.51836734693878 9.95725
3.52244897959184 3.70216
3.5265306122449 6.89349
3.53061224489796 0.0
3.53469387755102 1.21868
3.53877551020408 0.583172
3.54285714285714 0.411868
3.5469387755102 0.0
3.55102040816327 0.0
3.55510204081633 0.0
3.55918367346939 0.0
3.56326530612245 0.0
3.56734693877551 0.411004
3.57142857142857 0.0
3.57551020408163 0.0
3.57959183673469 0.0
3.58367346938775 0.0
3.58775510204082 0.0
3.59183673469388 0.0
3.59591836734694 0.0
3.6 0.0
3.60408163265306 0.0
3.60816326530612 0.0
3.61224489795918 0.0
3.61632653061224 0.0
3.62040816326531 0.0
3.62448979591837 0.0
3.62857142857143 1.58262
3.63265306122449 2.15387
3.63673469387755 3.73518
3.64081632653061 0.0
3.64489795918367 0.0
3.64897959183673 0.0
3.6530612244898 0.0
3.65714285714286 0.0
3.66122448979592 0.0
3.66530612244898 0.0
3.66938775510204 0.0
3.6734693877551 0.0
3.67755102040816 0.0
3.68163265306122 0.0
3.68571428571429 0.0
3.68979591836735 0.0
3.69387755102041 0.0
3.69795918367347 0.0
3.70204081632653 0.0
3.70612244897959 0.0
3.71020408163265 0.0
3.71428571428571 0.0
3.71836734693878 0.0
3.72244897959184 0.0
3.7265306122449 0.0
3.73061224489796 0.0
3.73469387755102 0.0
3.73877551020408 0.266671
3.74285714285714 0.0
3.7469387755102 3.19827
3.75102040816327 0.777245
3.75510204081633 0.0
3.75918367346939 0.0
3.76326530612245 0.715613
3.76734693877551 3.40736
3.77142857142857 3.75831
3.77551020408163 9.44269
3.77959183673469 16.4403
3.78367346938776 19.6143
3.78775510204082 18.5999
3.79183673469388 14.5017
3.79591836734694 14.3172
3.8 13.2356
3.80408163265306 11.4001
3.80816326530612 7.99549
3.81224489795918 3.84998
3.81632653061224 0.0
3.82040816326531 0.0
3.82448979591837 12.5192
3.82857142857143 15.6981
3.83265306122449 24.2172
3.83673469387755 26.0024
3.84081632653061 24.8504
3.84489795918367 9.78327
3.84897959183673 7.88867
3.8530612244898 11.7803
3.85714285714286 11.3734
3.86122448979592 8.45438
3.86530612244898 4.1945
3.86938775510204 0.0
3.8734693877551 0.0
3.87755102040816 0.0
3.88163265306122 0.0
3.88571428571429 0.0
3.88979591836735 0.0
3.89387755102041 5.35738
3.89795918367347 5.82027
3.90204081632653 70.9343
3.90612244897959 2103.98
3.91020408163265 326.702
3.91428571428571 375.568
3.91836734693878 350.689
3.92244897959184 278.322
3.9265306122449 263.131
3.93061224489796 207.184
3.93469387755102 169.835
3.93877551020408 126.668
3.94285714285714 95.9224
3.9469387755102 65.2373
3.95102040816327 34.1929
3.95510204081633 5.57217
3.95918367346939 0.0
3.96326530612245 0.0
3.96734693877551 0.0
3.97142857142857 0.0
3.97551020408163 0.0
3.97959183673469 0.0
3.98367346938775 0.0
3.98775510204082 0.0
3.99183673469388 0.0
3.99591836734694 0.0
4.0 53.621
4.00408163265306 0.0
4.00816326530612 308.347
4.01224489795918 0.0
4.01632653061225 0.0
4.02040816326531 0.0
4.02448979591837 0.0
4.02857142857143 0.0
4.03265306122449 0.0
4.03673469387755 0.0
4.04081632653061 54.4293
4.04489795918367 26.3246
4.04897959183673 0.0
4.0530612244898 0.0
4.05714285714286 0.0
4.06122448979592 0.0
4.06530612244898 0.0
4.06938775510204 0.0
4.0734693877551 0.0
4.07755102040816 0.0
4.08163265306122 0.0
4.08571428571429 0.0
4.08979591836735 0.0
4.09387755102041 0.0
4.09795918367347 0.0
4.10204081632653 0.0
4.10612244897959 0.0
4.11020408163265 0.0
4.11428571428571 0.0
4.11836734693878 0.0
4.12244897959184 0.0
4.1265306122449 0.0
4.13061224489796 0.0
4.13469387755102 0.0
4.13877551020408 0.0
4.14285714285714 0.0
4.1469387755102 0.0
4.15102040816326 0.0
4.15510204081633 0.0
4.15918367346939 0.0
4.16326530612245 0.0
4.16734693877551 0.0
4.17142857142857 0.0
4.17551020408163 0.0
4.17959183673469 0.0
4.18367346938776 0.0
4.18775510204082 0.0
4.19183673469388 0.0
4.19591836734694 0.0
4.2 0.0
4.20408163265306 0.91207
4.20816326530612 0.0
4.21224489795918 0.0
4.21632653061225 0.0
4.22040816326531 0.0
4.22448979591837 0.0
4.22857142857143 0.0
4.23265306122449 0.0
4.23673469387755 0.0
4.24081632653061 0.0
4.24489795918367 0.0
4.24897959183673 0.0
4.2530612244898 1.31571
4.25714285714286 0.0
4.26122448979592 0.0
4.26530612244898 0.0
4.26938775510204 0.0
4.2734693877551 0.0
4.27755102040816 0.840664
4.28163265306122 2.64502
4.28571428571429 3.83544
4.28979591836735 3.52252
4.29387755102041 3.47936
4.29795918367347 0.0
4.30204081632653 0.0
4.30612244897959 0.0
4.31020408163265 0.0
4.31428571428571 0.237703
4.31836734693878 0.0
4.32244897959184 0.0
4.3265306122449 0.0
4.33061224489796 0.0
4.33469387755102 0.0
4.33877551020408 0.0
4.34285714285714 0.0
4.3469387755102 0.0
4.35102040816327 0.0
4.35510204081633 0.0
4.35918367346939 0.0
4.36326530612245 0.0
4.36734693877551 0.0
4.37142857142857 0.0
4.37551020408163 3.08406
4.37959183673469 5.50508
4.38367346938776 5.68032
4.38775510204082 7.40421
4.39183673469388 1.40166
4.39591836734694 0.0
4.4 1.47182
4.40408163265306 0.0
4.40816326530612 0.0
4.41224489795918 0.0
4.41632653061224 0.0
4.42040816326531 0.0
4.42448979591837 0.0
4.42857142857143 0.0
4.43265306122449 1.33538
4.43673469387755 5.5213
4.44081632653061 9.31048
4.44489795918367 13.8874
4.44897959183673 13.3889
4.4530612244898 8.20613
4.45714285714286 2.29716
4.46122448979592 0.0
4.46530612244898 0.136495
4.46938775510204 0.0
4.4734693877551 0.0
4.47755102040816 0.0
4.48163265306122 0.0
4.48571428571429 0.0
4.48979591836735 0.0
4.49387755102041 0.0
4.49795918367347 0.0
4.50204081632653 0.0
4.50612244897959 0.0
4.51020408163265 0.0
4.51428571428571 0.0
4.51836734693878 0.0
4.52244897959184 0.772715
4.5265306122449 2.68114
4.53061224489796 5.69272
4.53469387755102 9.62067
4.53877551020408 5.05364
4.54285714285714 1.99139
4.5469387755102 0.0
4.55102040816327 0.0
4.55510204081633 0.0
4.55918367346939 0.0
4.56326530612245 0.0
4.56734693877551 0.0
4.57142857142857 1.24633
4.57551020408163 0.209928
4.57959183673469 1.03354
4.58367346938776 1147.61
4.58775510204082 1388.99
4.59183673469388 348.037
4.59591836734694 293.848
4.6 349.772
4.60408163265306 281.479
4.60816326530612 248.523
4.61224489795918 215.815
4.61632653061224 163.118
4.62040816326531 128.134
4.62448979591837 94.7382
4.62857142857143 62.4817
4.63265306122449 33.6336
4.63673469387755 1.18369
4.64081632653061 0.0
4.64489795918367 0.0
4.64897959183673 0.0
4.6530612244898 0.0
4.65714285714286 0.0
4.66122448979592 0.0
4.66530612244898 0.0
4.66938775510204 0.0
4.6734693877551 0.0
4.67755102040816 0.0
4.68163265306122 0.0
4.68571428571429 0.0
4.68979591836735 0.0
4.69387755102041 9.18052
4.69795918367347 0.0
4.70204081632653 0.0
4.70612244897959 0.0
4.71020408163265 0.0
4.71428571428571 0.0
4.71836734693878 0.0
4.72244897959184 0.0
4.7265306122449 46.9904
4.73061224489796 0.0
4.73469387755102 0.0
4.73877551020408 0.0
4.74285714285714 0.0
4.7469387755102 0.0
4.75102040816327 0.0
4.75510204081633 0.0
4.75918367346939 0.0
4.76326530612245 0.0
4.76734693877551 0.0
4.77142857142857 5.2529
4.77551020408163 0.0
4.77959183673469 0.0
4.78367346938775 0.0
4.78775510204082 0.0
4.79183673469388 0.0
4.79591836734694 0.0
4.8 0.0
4.80408163265306 0.0
4.80816326530612 0.0
4.81224489795918 0.0
4.81632653061224 0.0
4.82040816326531 0.0
4.82448979591837 0.0
4.82857142857143 0.0
4.83265306122449 0.0
4.83673469387755 0.0
4.84081632653061 0.0
4.84489795918367 0.0
4.84897959183674 0.0
4.8530612244898 0.0
4.85714285714286 0.0
4.86122448979592 0.0
4.86530612244898 0.0
4.86938775510204 0.0
4.8734693877551 0.0
4.87755102040816 0.0
4.88163265306122 0.0
4.88571428571429 0.0
4.88979591836735 0.0
4.89387755102041 0.0
4.89795918367347 0.0
4.90204081632653 0.435233
4.90612244897959 0.0
4.91020408163265 1.61445
4.91428571428571 0.730157
4.91836734693878 1.33145
4.92244897959184 0.0
4.9265306122449 0.0
4.93061224489796 0.0
4.93469387755102 0.0
4.93877551020408 0.0
4.94285714285714 0.0
4.9469387755102 0.0
4.95102040816327 0.205636
4.95510204081633 0.0
4.95918367346939 1.7978
4.96326530612245 4.93014
4.96734693877551 4.38833
4.97142857142857 1.88327
4.97551020408163 0.427604
4.97959183673469 3.2022
4.98367346938775 0.846624
4.98775510204082 0.0
4.99183673469388 0.0
4.99591836734694 0.0
5.0 0.0
5.00408163265306 0.0
5.00816326530612 0.0
5.01224489795918 0.0
5.01632653061225 0.216603
5.02040816326531 0.0
5.02448979591837 12.5905
5.02857142857143 14.2196
5.03265306122449 8.60715
5.03673469387755 1.9027
5.04081632653061 0.0
5.04489795918367 0.0
5.04897959183673 0.0
5.0530612244898 0.0
5.05714285714286 0.0
5.06122448979592 0.0
5.06530612244898 0.0
5.06938775510204 0.0
5.0734693877551 0.0957251
5.07755102040816 0.0
5.08163265306122 1.55282
5.08571428571429 2.9403
5.08979591836735 3.95858
5.09387755102041 4.34875
5.09795918367347 0.332236
5.10204081632653 0.0
5.10612244897959 0.0
5.11020408163265 0.0
5.11428571428571 0.0
5.11836734693878 0.0
5.12244897959184 0.0
5.1265306122449 0.0836849
5.13061224489796 3.22378
5.13469387755102 4.61221
5.13877551020408 5.33473
5.14285714285714 5.05459
5.1469387755102 2.54238
5.15102040816326 2.8286
5.15510204081633 5.34689
5.15918367346939 8.9016
5.16326530612245 12.2932
5.16734693877551 11.722
5.17142857142857 9.44674
5.17551020408163 0.819921
5.17959183673469 3.31461
5.18367346938776 1.78528
5.18775510204082 0.77641
5.19183673469388 2.13861
5.19591836734694 5.17297
5.2 6.04248
5.20408163265306 2.43592
5.20816326530612 0.0
5.21224489795918 0.0
5.21632653061225 0.0
5.22040816326531 0.0
5.22448979591837 0.0
5.22857142857143 0.0
5.23265306122449 0.0
5.23673469387755 0.0
5.24081632653061 0.0
5.24489795918367 0.0
5.24897959183673 0.0
5.2530612244898 0.0
5.25714285714286 0.0
5.26122448979592 0.0
5.26530612244898 12.485
5.26938775510204 3439.27
5.2734693877551 173.632
5.27755102040816 374.817
5.28163265306122 305.467
5.28571428571429 302.122
5.28979591836735 259.124
5.29387755102041 214.988
5.29795918367347 171.549
5.30204081632653 131.952
5.30612244897959 97.5152
5.31020408163265 64.1952
5.31428571428571 35.4005
5.31836734693878 3.40927
5.32244897959184 0.0
5.3265306122449 0.0
5.33061224489796 0.0
5.33469387755102 0.0
5.33877551020408 0.0
5.34285714285714 0.0
5.3469387755102 0.0
5.35102040816327 0.0
5.35510204081633 0.0
5.35918367346939 0.0
5.36326530612245 0.0
5.36734693877551 0.0
5.37142857142857 0.0
5.37551020408163 35.6544
5.37959183673469 0.0
5.38367346938776 0.0
5.38775510204082 87.2949
5.39183673469388 0.0
5.39591836734694 0.0
5.4 0.0
5.40408163265306 0.0
5.40816326530612 0.0
5.41224489795918 0.0
5.41632653061224 0.0
5.42040816326531 0.0
5.42448979591837 0.0
5.42857142857143 0.0
5.43265306122449 0.0
5.43673469387755 0.0
5.44081632653061 0.0
5.44489795918367 0.0
5.44897959183673 0.0
5.4530612244898 0.0
5.45714285714286 0.0
5.46122448979592 0.0
5.46530612244898 0.0
5.46938775510204 0.0
5.4734693877551 0.0
5.47755102040816 0.0
5.48163265306122 6.2685
5.48571428571429 15.334
5.48979591836735 0.730753
5.49387755102041 0.0
5.49795918367347 0.0
5.50204081632653 0.0
5.50612244897959 0.0
5.51020408163265 0.0
5.51428571428571 0.0
5.51836734693878 0.0
5.52244897959184 0.0
5.5265306122449 0.0
5.53061224489796 0.0
5.53469387755102 0.0
5.53877551020408 0.0
5.54285714285714 0.0
5.5469387755102 0.0
5.55102040816327 0.0
5.55510204081633 0.0
5.55918367346939 0.0
5.56326530612245 0.0
5.56734693877551 0.0
5.57142857142857 0.0
5.57551020408163 0.0
5.57959183673469 0.378966
5.58367346938776 4.10378
5.58775510204082 1.56009
5.59183673469388 0.878096
5.59591836734694 0.4462
5.6 0.894904
5.60408163265306 1.56069
5.60816326530612 5.05805
5.61224489795918 1.14465
5.61632653061224 0.0
5.62040816326531 0.0
5.62448979591837 0.0
5.62857142857143 0.0
5.63265306122449 0.0
5.63673469387755 0.0
5.64081632653061 0.0
5.64489795918367 0.0
5.64897959183673 1.50514
5.6530612244898 1.14572
5.65714285714286 0.0
5.66122448979592 2.04432
5.66530612244898 5.40185
5.66938775510204 6.00457
5.6734693877551 5.15091
5.67755102040816 3.88718
5.68163265306122 2.70319
5.68571428571429 9.57286
5.68979591836735 3.81255
5.69387755102041 0.0
5.69795918367347 0.0
5.70204081632653 0.0
5.70612244897959 0.0
5.71020408163265 0.0
5.71428571428571 0.0
5.71836734693878 0.0
5.72244897959184 0.0
5.7265306122449 0.0
5.73061224489796 0.0
5.73469387755102 0.0
5.73877551020408 1.00911
5.74285714285714 0.656128
5.7469387755102 0.557363
5.75102040816327 0.241756
5.75510204081633 0.319719
5.75918367346939 0.208616
5.76326530612245 0.487447
5.76734693877551 0.345826
5.77142857142857 1.27995
5.77551020408163 0.0554323
5.77959183673469 0.0
5.78367346938775 0.0
5.78775510204082 0.0
5.79183673469388 0.0
5.79591836734694 0.0
5.8 0.0
5.80408163265306 0.0
5.80816326530612 0.0
5.81224489795918 0.0
5.81632653061224 0.0
5.82040816326531 0.0
5.82448979591837 0.0
5.82857142857143 0.0
5.83265306122449 0.0
5.83673469387755 4.43602
5.84081632653061 0.591874
5.84489795918367 0.0
5.84897959183674 0.0
5.8530612244898 0.0
5.85714285714286 0.0
5.86122448979592 0.0
5.86530612244898 0.0
5.86938775510204 0.0
5.8734693877551 0.0
5.87755102040816 0.0
5.88163265306122 0.0
5.88571428571429 0.0
5.88979591836735 0.0
5.89387755102041 0.0
5.89795918367347 0.0
5.90204081632653 0.0
5.90612244897959 0.0
5.91020408163265 0.0
5.91428571428571 0.0
5.91836734693878 0.0
5.92244897959184 0.0
5.9265306122449 0.931382
5.93061224489796 0.0
5.93469387755102 0.0
5.93877551020408 3.84426
5.94285714285714 8.11088
5.9469387755102 63.7058
5.95102040816327 3438.55
5.95510204081633 0.0
5.95918367346939 444.12
5.96326530612245 293.572
5.96734693877551 298.453
5.97142857142857 263.483
5.97551020408163 215.558
5.97959183673469 170.859
5.98367346938775 131.875
5.98775510204082 97.8837
5.99183673469388 67.4827
5.99591836734694 36.4209
6.0 5.07063
6.00408163265306 0.0
6.00816326530612 0.0
6.01224489795918 0.0
6.01632653061225 0.0
6.02040816326531 0.0
6.02448979591837 0.0
6.02857142857143 0.0
6.03265306122449 0.0
6.03673469387755 0.0
6.04081632653061 0.0
6.04489795918367 0.0
6.04897959183673 0.0
6.0530612244898 0.0
6.05714285714286 0.0
6.06122448979592 0.0
6.06530612244898 0.0
6.06938775510204 106.587
6.0734693877551 0.0
6.07755102040816 0.0
6.08163265306122 0.0
6.08571428571429 0.0
6.08979591836735 0.0
6.09387755102041 0.0
6.09795918367347 0.0
6.10204081632653 0.0
6.10612244897959 0.0
6.11020408163265 0.0
6.11428571428571 0.0
6.11836734693878 0.0
6.12244897959184 0.0
6.1265306122449 0.0
6.13061224489796 0.0
6.13469387755102 0.0
6.13877551020408 0.0
6.14285714285714 0.0
6.1469387755102 0.0
6.15102040816326 0.0
6.15510204081633 0.0
6.15918367346939 0.0
6.16326530612245 0.0
6.16734693877551 0.0
6.17142857142857 0.0
6.17551020408163 0.0
6.17959183673469 0.0
6.18367346938776 0.0
6.18775510204082 0.0
6.19183673469388 0.0
6.19591836734694 0.0
6.2 0.0
6.20408163265306 0.0
6.20816326530612 0.0
6.21224489795918 0.0
6.21632653061225 0.0
6.22040816326531 0.0
6.22448979591837 0.0
6.22857142857143 0.0
6.23265306122449 0.0
6.23673469387755 5.27656
6.24081632653061 2.49064
6.24489795918367 4.45974
6.24897959183673 0.0
6.2530612244898 0.0
6.25714285714286 0.0
6.26122448979592 0.0
6.26530612244898 0.0
6.26938775510204 0.0
6.2734693877551 0.0
6.27755102040816 0.0
6.28163265306122 0.0
6.28571428571429 0.0
6.28979591836735 0.0
6.29387755102041 0.0
6.29795918367347 0.0
6.30204081632653 0.0
6.30612244897959 0.0
6.31020408163265 0.0
6.31428571428571 0.0
6.31836734693878 0.0
6.32244897959184 0.0
6.3265306122449 7.24185
6.33061224489796 8.52692
6.33469387755102 13.4538
6.33877551020408 13.5093
6.34285714285714 3.08466
6.3469387755102 0.0
6.35102040816327 0.0
6.35510204081633 0.0
6.35918367346939 0.0
6.36326530612245 0.0
6.36734693877551 0.0
6.37142857142857 0.0
6.37551020408163 0.0
6.37959183673469 0.0
6.38367346938776 0.0
6.38775510204082 0.0
6.39183673469388 0.0
6.39591836734694 0.644088
6.4 0.0
6.40408163265306 0.0
6.40816326530612 0.0
6.41224489795918 2.54869
6.41632653061224 6.46091
6.42040816326531 8.37672
6.42448979591837 8.63385
6.42857142857143 8.21388
6.43265306122449 5.2129
6.43673469387755 10.4797
6.44081632653061 7.23779
6.44489795918367 2.5605
6.44897959183673 0.0
6.4530612244898 0.0
6.45714285714286 0.0
6.46122448979592 0.0
6.46530612244898 0.0
6.46938775510204 0.0
6.4734693877551 0.0
6.47755102040816 0.0
6.48163265306122 0.0
6.48571428571429 0.0
6.48979591836735 0.0
6.49387755102041 0.0
6.49795918367347 0.0
6.50204081632653 0.0
6.50612244897959 3.32236
6.51020408163265 1.32918
6.51428571428571 0.0
6.51836734693878 0.601172
6.52244897959184 9.39238
6.5265306122449 3.69728
6.53061224489796 0.77641
6.53469387755102 0.0
6.53877551020408 0.0
6.54285714285714 0.0
6.5469387755102 0.0
6.55102040816327 0.0
6.55510204081633 0.0
6.55918367346939 0.0
6.56326530612245 0.0
6.56734693877551 0.0
6.57142857142857 0.0
6.57551020408163 0.0
6.57959183673469 0.0
6.58367346938776 0.0
6.58775510204082 1.04272
6.59183673469388 7.46727
6.59591836734694 18.9797
6.6 12.2908
6.60408163265306 10.0766
6.60816326530612 8.82888
6.61224489795918 6.59096
6.61632653061224 8.59153
6.62040816326531 6.35767
6.62448979591837 3.39437
6.62857142857143 6.99472
6.63265306122449 2867.47
6.63673469387755 846.417
6.64081632653061 88.6732
6.64489795918367 344.613
6.64897959183673 293.572
6.6530612244898 269.971
6.65714285714286 224.833
6.66122448979592 176.444
6.66530612244898 137.368
6.66938775510204 102.765
6.6734693877551 70.6024
6.67755102040816 38.0696
6.68163265306122 10.1753
6.68571428571429 0.0
6.68979591836735 0.0
6.69387755102041 0.0
6.69795918367347 0.0
6.70204081632653 0.0
6.70612244897959 0.0
6.71020408163265 0.0
6.71428571428571 0.0
6.71836734693878 0.0
6.72244897959184 0.0
6.7265306122449 0.0
6.73061224489796 0.0
6.73469387755102 152.784
6.73877551020408 0.0
6.74285714285714 0.0
6.7469387755102 41.1986
6.75102040816327 0.0
6.75510204081633 0.0
6.75918367346939 0.0
6.76326530612245 0.0
6.76734693877551 49.073
6.77142857142857 0.0
6.77551020408163 0.0
6.77959183673469 0.0
6.78367346938775 0.0
6.78775510204082 0.0
6.79183673469388 0.0
6.79591836734694 0.0
6.8 0.0
6.80408163265306 0.0
6.80816326530612 0.0
6.81224489795918 0.0
6.81632653061224 0.0
6.82040816326531 0.0
6.82448979591837 0.0
6.82857142857143 0.0
6.83265306122449 0.0
6.83673469387755 0.0
6.84081632653061 0.0
6.84489795918367 0.0
6.84897959183674 0.0
6.8530612244898 0.0
6.85714285714286 0.0
6.86122448979592 0.0
6.86530612244898 0.0
6.86938775510204 0.0
6.8734693877551 0.0
6.87755102040816 0.0
6.88163265306122 0.0
6.88571428571429 0.0
6.88979591836735 0.0
6.89387755102041 0.0
6.89795918367347 0.0
6.90204081632653 0.0
6.90612244897959 0.0
6.91020408163265 0.0
6.91428571428571 0.0
6.91836734693878 0.0
6.92244897959184 0.0
6.9265306122449 0.0
6.93061224489796 0.0
6.93469387755102 0.0
6.93877551020408 0.0
6.94285714285714 0.0
6.9469387755102 0.0
6.95102040816327 3.58105
6.95510204081633 15.4568
6.95918367346939 20.978
6.96326530612245 21.0891
6.96734693877551 13.2957
6.97142857142857 5.54252
6.97551020408163 0.0
6.97959183673469 0.0
6.98367346938775 0.0
6.98775510204082 0.0
6.99183673469388 0.0
6.99591836734694 0.0
7.0 0.0
7.00408163265306 0.0
7.00816326530612 0.0
7.01224489795918 0.0
7.01632653061225 0.0
7.02040816326531 5.87964
7.02448979591837 4.37164
7.02857142857143 7.08389
7.03265306122449 3.9221
7.03673469387755 0.0
7.04081632653061 0.0
7.04489795918367 0.0
7.04897959183673 0.0
7.0530612244898 0.0
7.05714285714286 0.0
7.06122448979592 0.0
7.06530612244898 0.0
7.06938775510204 3.41201
7.0734693877551 5.84745
7.07755102040816 2.50483
7.08163265306122 1.62685
7.08571428571429 1.3634
7.08979591836735 0.0
7.09387755102041 0.0
7.09795918367347 0.0
7.10204081632653 0.0
7.10612244897959 0.0
7.11020408163265 0.0
7.11428571428571 0.0
7.11836734693878 0.0
7.12244897959184 0.0
7.1265306122449 0.0
7.13061224489796 0.473619
7.13469387755102 0.0
7.13877551020408 0.0
7.14285714285714 0.0
7.1469387755102 0.0
7.15102040816326 0.0
7.15510204081633 1.95348
7.15918367346939 8.7105
7.16326530612245 23.8648
7.16734693877551 21.9234
7.17142857142857 24.5649
7.17551020408163 24.4777
7.17959183673469 18.6337
7.18367346938776 14.9252
7.18775510204082 12.2228
7.19183673469388 9.85813
7.19591836734694 2.03049
7.2 0.0
7.20408163265306 0.0
7.20816326530612 0.0
7.21224489795918 0.0
7.21632653061225 0.0
7.22040816326531 0.0
7.22448979591837 0.0
7.22857142857143 0.0
7.23265306122449 0.0
7.23673469387755 0.0
7.24081632653061 0.0
7.24489795918367 0.0
7.24897959183673 0.0
7.2530612244898 0.0
7.25714285714286 0.0
7.26122448979592 0.0
7.26530612244898 0.0
7.26938775510204 0.0
7.2734693877551 0.727773
7.27755102040816 0.195503
7.28163265306122 0.0
7.28571428571429 0.0
7.28979591836735 0.0
7.29387755102041 0.0
7.29795918367347 0.0
7.30204081632653 0.0
7.30612244897959 0.0
7.31020408163265 0.0
7.31428571428571 3440.23
7.31836734693878 241.318
7.32244897959184 327.198
7.3265306122449 363.478
7.33061224489796 289.479
7.33469387755102 260.655
7.33877551020408 217.297
7.34285714285714 173.273
7.3469387755102 130.167
7.35102040816327 100.269
7.35510204081633 67.6185
7.35918367346939 36.4945
7.36326530612245 7.27268
7.36734693877551 0.0
7.37142857142857 0.0
7.37551020408163 0.0
7.37959183673469 0.0
7.38367346938776 0.0
7.38775510204082 0.0
7.39183673469388 0.0
7.39591836734694 0.0
7.4 0.0
7.40408163265306 0.0
7.40816326530612 0.0
7.41224489795918 0.0
7.41632653061224 316.811
7.42040816326531 0.0
7.42448979591837 0.0
7.42857142857143 20.5377
7.43265306122449 0.0
7.43673469387755 0.0
7.44081632653061 0.0
7.44489795918367 0.0
7.44897959183673 27.1787
7.4530612244898 7.22933
7.45714285714286 0.0
7.46122448979592 0.0
7.46530612244898 0.0
7.46938775510204 0.0
7.4734693877551 0.0
7.47755102040816 18.1604
7.48163265306122 0.0
7.48571428571429 0.0
7.48979591836735 0.0
7.49387755102041 0.0
7.49795918367347 0.0
7.50204081632653 0.0
7.50612244897959 0.0
7.51020408163265 0.0
7.51428571428571 0.0
7.51836734693878 0.0
7.52244897959184 0.0
7.5265306122449 0.0
7.53061224489796 0.0
7.53469387755102 0.0
7.53877551020408 0.0
7.54285714285714 0.0
7.5469387755102 0.0
7.55102040816327 0.0
7.55510204081633 0.0
7.55918367346939 0.0
7.56326530612245 0.0
7.56734693877551 0.0
7.57142857142857 0.0
7.57551020408163 0.0
7.57959183673469 0.0
7.58367346938776 0.0
7.58775510204082 0.0
7.59183673469388 0.0
7.59591836734694 0.0
7.6 0.0
7.60408163265306 0.0
7.60816326530612 0.0
7.61224489795918 0.0
7.61632653061224 0.0
7.62040816326531 0.0
7.62448979591837 0.0
7.62857142857143 0.0
7.63265306122449 0.0
7.63673469387755 1.5341
7.64081632653061 0.0
7.64489795918367 0.0
7.64897959183673 0.152469
7.6530612244898 0.0
7.65714285714286 0.333786
7.66122448979592 1.5558
7.66530612244898 2.77627
7.66938775510204 0.327349
7.6734693877551 0.802159
7.67755102040816 1.34873
7.68163265306122 1.87004
7.68571428571429 1.68526
7.68979591836735 0.0
7.69387755102041 0.0
7.69795918367347 0.0
7.70204081632653 0.0
7.70612244897959 0.0
7.71020408163265 1.09398
7.71428571428571 0.562608
7.71836734693878 0.637531
7.72244897959184 1.08373
7.7265306122449 0.0
7.73061224489796 0.0
7.73469387755102 3.15511
7.73877551020408 1.87111
7.74285714285714 0.909805
7.7469387755102 0.0
7.75102040816327 0.0
7.75510204081633 0.0
7.75918367346939 0.0261068
7.76326530612245 0.262618
7.76734693877551 3.47936
7.77142857142857 0.988722
7.77551020408163 3.7235
7.77959183673469 4.32336
7.78367346938775 1.36936
7.78775510204082 0.0
7.79183673469388 0.00500679
7.79591836734694 0.0
7.8 0.0
7.80408163265306 0.0
7.80816326530612 0.0
7.81224489795918 0.0
7.81632653061224 0.0
7.82040816326531 0.0
7.82448979591837 0.0
7.82857142857143 1.47092
7.83265306122449 3.53968
7.83673469387755 0.451684
7.84081632653061 0.527024
7.84489795918367 0.335455
7.84897959183674 0.0
7.8530612244898 0.0
7.85714285714286 0.0
7.86122448979592 0.0
7.86530612244898 0.0
7.86938775510204 0.0
7.8734693877551 0.0
7.87755102040816 0.0
7.88163265306122 0.0
7.88571428571429 0.0
7.88979591836735 0.0
7.89387755102041 0.0
7.89795918367347 0.0
7.90204081632653 0.0
7.90612244897959 0.0
7.91020408163265 0.0
7.91428571428571 0.0
7.91836734693878 0.0
7.92244897959184 0.0
7.9265306122449 0.0
7.93061224489796 0.0
7.93469387755102 1.51646
7.93877551020408 1.98925
7.94285714285714 6.32918
7.9469387755102 2.97761
7.95102040816327 0.930309
7.95510204081633 1.84488
7.95918367346939 1.38879
7.96326530612245 0.0
7.96734693877551 0.0
7.97142857142857 0.0
7.97551020408163 0.0
7.97959183673469 0.0
7.98367346938775 0.0
7.98775510204082 0.0
7.99183673469388 38.9206
7.99591836734694 3266.25
8.0 475.699
8.00408163265306 128.923
8.00816326530612 358.356
8.01224489795918 300.483
8.01632653061225 258.348
8.02040816326531 219.003
8.02448979591837 171.398
8.02857142857143 135.642
8.03265306122449 102.324
8.03673469387755 69.5819
8.04081632653061 41.8648
8.04489795918367 12.0995
8.04897959183674 0.0
8.0530612244898 0.0
8.05714285714286 0.0
8.06122448979592 0.0
8.06530612244898 0.0
8.06938775510204 0.0
8.0734693877551 0.0
8.07755102040816 0.0
8.08163265306122 0.0
8.08571428571429 0.0
8.08979591836735 0.0
8.09387755102041 0.0
8.09795918367347 174.596
8.10204081632653 0.0
8.10612244897959 0.0
8.11020408163265 0.0
8.11428571428571 0.0
8.11836734693878 0.0
8.12244897959184 0.0
8.1265306122449 0.0
8.13061224489796 0.0
8.13469387755102 0.0
8.13877551020408 0.0
8.14285714285714 0.0
8.1469387755102 0.0
8.15102040816327 0.0
8.15510204081633 0.0
8.15918367346939 0.0
8.16326530612245 0.0
8.16734693877551 0.0
8.17142857142857 0.0
8.17551020408163 0.0
8.17959183673469 0.0
8.18367346938776 0.0
8.18775510204082 0.0
8.19183673469388 0.0
8.19591836734694 0.0
8.2 0.0
8.20408163265306 0.0
8.20816326530612 0.0
8.21224489795918 0.0
8.21632653061224 0.0
8.22040816326531 0.0
8.22448979591837 0.0
8.22857142857143 0.0
8.23265306122449 0.0
8.23673469387755 0.0
8.24081632653061 0.0
8.24489795918367 0.0
8.24897959183673 0.0
8.2530612244898 0.0
8.25714285714286 0.0
8.26122448979592 0.0
8.26530612244898 0.0
8.26938775510204 0.0
8.2734693877551 0.0
8.27755102040816 0.0
8.28163265306122 0.0
8.28571428571429 0.0
8.28979591836735 0.0
8.29387755102041 0.0
8.29795918367347 0.0
8.30204081632653 0.0
8.30612244897959 0.0
8.31020408163265 0.0
8.31428571428571 0.0
8.31836734693877 2.92325
8.32244897959184 0.0
8.3265306122449 7.97927
8.33061224489796 8.9606
8.33469387755102 8.11267
8.33877551020408 17.8995
8.34285714285714 13.6622
8.3469387755102 9.07469
8.35102040816327 0.0
8.35510204081633 0.0
8.35918367346939 0.0
8.36326530612245 0.0
8.36734693877551 0.0
8.37142857142857 0.0
8.37551020408163 0.0
8.37959183673469 0.0
8.38367346938776 1.33884
8.38775510204082 1.36137
8.39183673469388 0.0
8.39591836734694 0.775933
8.4 2.78109
8.40408163265306 0.946999
8.40816326530612 5.6293
8.41224489795918 1.35767
8.41632653061225 0.0
8.42040816326531 0.0
8.42448979591837 0.0
8.42857142857143 0.0
8.43265306122449 0.0
8.43673469387755 0.0
8.44081632653061 0.0
8.44489795918367 0.0
8.44897959183673 0.0
8.4530612244898 0.0
8.45714285714286 0.0
8.46122448979592 0.0
8.46530612244898 0.0
8.46938775510204 0.0
8.4734693877551 0.0
8.47755102040816 0.0
8.48163265306122 1.21284
8.48571428571429 2.68281
8.48979591836735 1.56724
8.49387755102041 0.0
8.49795918367347 4.19176
8.50204081632653 1.42038
8.50612244897959 0.0
8.51020408163265 0.0
8.51428571428571 0.0
8.51836734693878 0.0
8.52244897959184 0.0
8.5265306122449 7.47013
8.53061224489796 4.686
8.53469387755102 0.0
8.53877551020408 0.0
8.54285714285714 0.0
8.5469387755102 0.0
8.55102040816327 0.0
8.55510204081633 0.0
8.55918367346939 0.0
8.56326530612245 0.0
8.56734693877551 0.0
8.57142857142857 0.0
8.57551020408163 0.0
8.57959183673469 0.248313
8.58367346938775 0.0
8.58775510204082 0.358105
8.59183673469388 0.0
8.59591836734694 0.0
8.6 0.0
8.60408163265306 0.0
8.60816326530612 0.0
8.61224489795918 0.0
8.61632653061224 0.0
8.62040816326531 0.0
8.62448979591837 0.0
8.62857142857143 0.0
8.63265306122449 1.61326
8.63673469387755 4.94361
8.64081632653061 5.33247
8.64489795918367 1.63412
8.64897959183673 0.0
8.6530612244898 0.0
8.65714285714286 0.0
8.66122448979592 0.0
8.66530612244898 0.0
8.66938775510204 0.0
8.6734693877551 12.2073
8.67755102040816 3160.27
8.68163265306123 284.591
8.68571428571429 375.254
8.68979591836735 281.468
8.69387755102041 316.298
8.69795918367347 269.003
8.70204081632653 222.271
8.70612244897959 180.962
8.71020408163265 140.54
8.71428571428571 103.269
8.71836734693878 68.9108
8.72244897959184 39.9011
8.7265306122449 9.3799
8.73061224489796 0.0
8.73469387755102 0.0
8.73877551020408 0.0
8.74285714285714 0.0
8.7469387755102 0.0
8.75102040816327 0.0
8.75510204081633 0.0
8.75918367346939 0.0
8.76326530612245 0.0
8.76734693877551 0.0
8.77142857142857 0.0
8.77551020408163 0.0
8.77959183673469 0.0
8.78367346938776 0.0
8.78775510204082 0.0
8.79183673469388 0.0
8.79591836734694 0.0
8.8 0.0
8.80408163265306 0.0
8.80816326530612 0.0
8.81224489795918 0.0
8.81632653061224 0.0
8.82040816326531 13.4367
8.82448979591837 0.0
8.82857142857143 0.0
8.83265306122449 0.0
8.83673469387755 0.0
8.84081632653061 0.0
8.84489795918367 0.0
8.84897959183673 0.0
8.8530612244898 0.0
8.85714285714286 0.0
8.86122448979592 0.0
8.86530612244898 0.0
8.86938775510204 0.0
8.8734693877551 0.0
8.87755102040816 0.0
8.88163265306122 0.0
8.88571428571429 0.0
8.88979591836735 0.0
8.89387755102041 0.0
8.89795918367347 0.0
8.90204081632653 0.0
8.90612244897959 0.0
8.91020408163265 0.0
8.91428571428571 0.0
8.91836734693878 0.0
8.92244897959184 0.0
8.9265306122449 0.0
8.93061224489796 0.0
8.93469387755102 0.0
8.93877551020408 0.0
8.94285714285714 0.0
8.9469387755102 0.0
8.95102040816326 0.0
8.95510204081633 0.0
8.95918367346939 0.0
8.96326530612245 0.0
8.96734693877551 0.0
8.97142857142857 0.0
8.97551020408163 0.0
8.97959183673469 0.0
8.98367346938775 0.0
8.98775510204082 0.0
8.99183673469388 0.0
8.99591836734694 0.0
9.0 0.0
9.00408163265306 0.0
9.00816326530612 0.0
9.01224489795918 0.0
9.01632653061225 0.0
9.02040816326531 0.0
9.02448979591837 0.0
9.02857142857143 0.0
9.03265306122449 0.0
9.03673469387755 0.0
9.04081632653061 0.0
9.04489795918367 0.0
9.04897959183674 0.0
9.0530612244898 0.169396
9.05714285714286 0.0
9.06122448979592 0.0
9.06530612244898 8.70156
9.06938775510204 1.16169
9.0734693877551 3.58415
9.07755102040816 3.39115
9.08163265306122 1.59287
9.08571428571429 1.77157
9.08979591836735 2.62117
9.09387755102041 0.00357628
9.09795918367347 0.0665188
9.10204081632653 2.92242
9.10612244897959 3.05796
9.11020408163265 0.151277
9.11428571428571 0.0
9.11836734693878 0.0
9.12244897959184 0.0
9.1265306122449 0.0
9.13061224489796 0.0
9.13469387755102 0.0
9.13877551020408 0.0
9.14285714285714 0.0
9.1469387755102 0.741959
9.15102040816327 1.10149
9.15510204081633 0.0
9.15918367346939 0.0
9.16326530612245 3.51357
9.16734693877551 4.35507
9.17142857142857 6.60205
9.17551020408163 0.0
9.17959183673469 0.920296
9.18367346938776 0.336528
9.18775510204082 1.10865
9.19183673469388 10.3952
9.19591836734694 2.68662
9.2 1.38092
9.20408163265306 0.116467
9.20816326530612 0.697851
9.21224489795918 0.0
9.21632653061224 0.0
9.22040816326531 2.90072
9.22448979591837 3.50308
9.22857142857143 4.14038
9.23265306122449 1.41644
9.23673469387755 0.512362
9.24081632653061 3.2866
9.24489795918367 1.3833
9.24897959183673 0.0
9.2530612244898 0.0
9.25714285714286 0.0
9.26122448979592 0.0
9.26530612244898 0.0
9.26938775510204 0.0
9.2734693877551 0.0
9.27755102040816 0.0
9.28163265306122 0.0
9.28571428571429 0.0
9.28979591836735 0.0
9.29387755102041 0.0
9.29795918367347 4.93181
9.30204081632653 1.74117
9.30612244897959 0.0
9.31020408163265 0.0
9.31428571428571 0.0
9.31836734693877 7.46226
9.32244897959184 11.9979
9.3265306122449 3.13985
9.33061224489796 0.0
9.33469387755102 0.0
9.33877551020408 0.0
9.34285714285714 0.0
9.3469387755102 0.0
9.35102040816327 0.0
9.35510204081633 5.49579
9.35918367346939 3186.03
9.36326530612245 46.5557
9.36734693877551 372.345
9.37142857142857 267.791
9.37551020408163 310.557
9.37959183673469 268.927
9.38367346938776 224.639
9.38775510204082 174.879
9.39183673469388 137.306
9.39591836734694 102.731
9.4 68.8899
9.40408163265306 39.0136
9.40816326530612 8.42702
9.41224489795918 0.0
9.41632653061225 0.0
9.42040816326531 0.0
9.42448979591837 0.0
9.42857142857143 0.0
9.43265306122449 0.0
9.43673469387755 0.0
9.44081632653061 0.0
9.44489795918367 0.0
9.44897959183673 0.0
9.4530612244898 0.0
9.45714285714286 0.0
9.46122448979592 0.0
9.46530612244898 0.0
9.46938775510204 0.0
9.4734693877551 0.0
9.47755102040816 0.0
9.48163265306122 0.0
9.48571428571429 0.0
9.48979591836735 0.0
9.49387755102041 35.5915
9.49795918367347 0.0
9.50204081632653 33.5715
9.50612244897959 0.0
9.51020408163265 0.0
9.51428571428571 12.5247
9.51836734693878 0.0
9.52244897959184 0.0
9.5265306122449 0.0
9.53061224489796 0.0811219
9.53469387755102 0.0
9.53877551020408 0.0
9.54285714285714 0.0
9.5469387755102 0.0
9.55102040816327 0.0
9.55510204081633 0.0
9.55918367346939 0.0
9.56326530612245 0.0
9.56734693877551 0.0
9.57142857142857 0.0
9.57551020408163 0.0
9.57959183673469 0.0
9.58367346938775 0.0
9.58775510204082 0.0
9.59183673469388 0.0
9.59591836734694 0.0
9.6 0.0
9.60408163265306 0.0
9.60816326530612 0.0
9.61224489795918 0.0
9.61632653061224 0.0
9.62040816326531 0.0
9.62448979591837 0.0
9.62857142857143 0.0
9.63265306122449 0.0
9.63673469387755 0.0
9.64081632653061 0.0
9.64489795918367 0.0
9.64897959183673 0.0
9.6530612244898 0.0
9.65714285714286 0.0
9.66122448979592 1.17052
9.66530612244898 1.10734
9.66938775510204 0.0
9.6734693877551 0.0
9.67755102040816 0.0
9.68163265306123 0.0
9.68571428571429 0.0
9.68979591836735 0.0
9.69387755102041 0.0
9.69795918367347 0.0
9.70204081632653 0.0
9.70612244897959 0.0
9.71020408163265 0.0
9.71428571428571 1.67596
9.71836734693878 1.58226
9.72244897959184 1.34516
9.7265306122449 5.3575
9.73061224489796 5.31733
9.73469387755102 4.53556
9.73877551020408 6.59633
9.74285714285714 5.9576
9.7469387755102 2.98548
9.75102040816327 0.0
9.75510204081633 0.0
9.75918367346939 0.0
9.76326530612245 0.0
9.76734693877551 0.0
9.77142857142857 0.0
9.77551020408163 0.0
9.77959183673469 0.0
9.78367346938776 0.0
9.78775510204082 0.0
9.79183673469388 0.0
9.79591836734694 0.0
9.8 0.0
9.80408163265306 0.0
9.80816326530612 0.158429
9.81224489795918 4.36378
9.81632653061224 7.86746
9.82040816326531 7.86602
9.82448979591837 6.84631
9.82857142857143 5.90813
9.83265306122449 8.5659
9.83673469387755 5.51987
9.84081632653061 7.424
9.84489795918367 4.076
9.84897959183673 2.35903
9.8530612244898 0.0
9.85714285714286 0.0
9.86122448979592 0.0
9.86530612244898 0.0
9.86938775510204 0.0
9.8734693877551 0.0
9.87755102040816 0.0
9.88163265306122 0.0
9.88571428571429 0.0
9.88979591836735 0.0
9.89387755102041 0.0
9.89795918367347 0.0
9.90204081632653 0.0
9.90612244897959 0.0
9.91020408163265 0.0
9.91428571428571 0.0
9.91836734693878 0.0
9.92244897959184 0.0
9.9265306122449 0.0
9.93061224489796 1.07491
9.93469387755102 0.0
9.93877551020408 0.0
9.94285714285714 0.0
9.9469387755102 0.0
9.95102040816326 0.0
9.95510204081633 0.0
9.95918367346939 0.0
9.96326530612245 0.0
9.96734693877551 0.534534
9.97142857142857 1.13058
9.97551020408163 0.0
9.97959183673469 1.02985
9.98367346938775 0.0
9.98775510204082 0.0
9.99183673469388 0.0
9.99591836734694 0.0
10.0 0.0
