0.00408163265306122 235.54
0.00816326530612245 201.053
0.0122448979591837 223.205
0.0163265306122449 201.373
0.0204081632653061 174.21
0.0244897959183673 157.287
0.0285714285714286 127.496
0.0326530612244898 112.253
0.036734693877551 81.8542
0.0408163265306122 63.3571
0.0448979591836735 38.9972
0.0489795918367347 27.874
0.0530612244897959 15.5001
0.0571428571428571 10.0802
0.0612244897959184 8.73017
0.0653061224489796 4.27663
0.0693877551020408 1.23918
0.073469387755102 0.0
0.0775510204081633 0.0
0.0816326530612245 0.0
0.0857142857142857 0.0
0.0897959183673469 0.0
0.0938775510204082 0.0
0.0979591836734694 0.0
0.102040816326531 0.0
0.106122448979592 0.0
0.110204081632653 0.0
0.114285714285714 0.0
0.118367346938776 0.0
0.122448979591837 0.0
0.126530612244898 0.0
0.130612244897959 0.0
0.13469387755102 0.0
0.138775510204082 0.0
0.142857142857143 0.0
0.146938775510204 0.0
0.151020408163265 0.0
0.155102040816327 0.0
0.159183673469388 0.0
0.163265306122449 0.0
0.16734693877551 0.0
0.171428571428571 0.0
0.175510204081633 0.0
0.179591836734694 0.0
0.183673469387755 0.0
0.187755102040816 0.0
0.191836734693878 0.0
0.195918367346939 0.0
0.2 0.0
0.204081632653061 0.0
0.208163265306122 0.0
0.212244897959184 0.0
0.216326530612245 0.0
0.220408163265306 0.0
0.224489795918367 0.0
0.228571428571429 0.0
0.23265306122449 0.0
0.236734693877551 0.0
0.240816326530612 0.0
0.244897959183673 0.0
0.248979591836735 0.0
0.253061224489796 0.0
0.257142857142857 0.0
0.261224489795918 0.0
0.26530612244898 0.0
0.269387755102041 0.0
0.273469387755102 0.0
0.277551020408163 0.0
0.281632653061224 0.0
0.285714285714286 0.0
0.289795918367347 0.0
0.293877551020408 0.0
0.297959183673469 0.0
0.302040816326531 0.0
0.306122448979592 0.0
0.310204081632653 0.0
0.314285714285714 0.0
0.318367346938775 0.0
0.322448979591837 0.0
0.326530612244898 0.0
0.330612244897959 0.0
0.33469387755102 0.0
0.338775510204082 0.0
0.342857142857143 0.112001
0.346938775510204 0.0
0.351020408163265 0.0
0.355102040816327 0.0
0.359183673469388 2.21506
0.363265306122449 0.0
0.36734693877551 1.41653
0.371428571428571 0.0
0.375510204081633 5.46378
0.379591836734694 2.91175
0.383673469387755 13.7624
0.387755102040816 10.4478
0.391836734693878 27.9789
0.395918367346939 31.2771
0.4 26.891
0.404081632653061 21.5042
0.408163265306122 12.8337
0.412244897959184 7.91422
0.416326530612245 0.0
0.420408163265306 0.0
0.424489795918367 0.0
0.428571428571429 0.0
0.43265306122449 0.0
0.436734693877551 0.0
0.440816326530612 0.0
0.444897959183673 0.0
0.448979591836735 0.0
0.453061224489796 0.0
0.457142857142857 0.0
0.461224489795918 0.0
0.46530612244898 0.0
0.469387755102041 0.0
0.473469387755102 0.0
0.477551020408163 0.0
0.481632653061224 0.0
0.485714285714286 0.0
0.489795918367347 0.0
0.493877551020408 0.0
0.497959183673469 0.0
0.502040816326531 0.0
0.506122448979592 1.63174
0.510204081632653 5.02896
0.514285714285714 10.5803
0.518367346938776 15.488
0.522448979591837 14.2441
0.526530612244898 35.6483
0.530612244897959 27.3847
0.53469387755102 43.3475
0.538775510204082 37.6035
0.542857142857143 40.3567
0.546938775510204 37.1737
0.551020408163265 23.9415
0.555102040816327 16.6345
0.559183673469388 11.0434
0.563265306122449 6.68669
0.56734693877551 2.32461
0.571428571428571 0.0
0.575510204081633 0.0
0.579591836734694 0.0
0.583673469387755 0.0
0.587755102040816 0.0
0.591836734693878 0.0
0.595918367346939 0.0
0.6 0.0
0.604081632653061 0.0
0.608163265306122 0.0
0.612244897959184 0.0
0.616326530612245 0.0
0.620408163265306 0.0
0.624489795918367 0.0
0.628571428571429 0.0
0.63265306122449 0.0
0.636734693877551 0.0
0.640816326530612 0.0
0.644897959183673 0.0
0.648979591836735 0.0
0.653061224489796 0.0
0.657142857142857 0.0
0.661224489795918 0.0
0.66530612244898 0.0
0.669387755102041 0.0
0.673469387755102 0.0
0.677551020408163 5.34779
0.681632653061224 10.655
0.685714285714286 18.6963
0.689795918367347 25.535
0.693877551020408 22.4594
0.697959183673469 21.629
0.702040816326531 21.5663
0.706122448979592 19.5141
0.710204081632653 15.5218
0.714285714285714 7.6957
0.718367346938775 3.02863
0.722448979591837 0.0
0.726530612244898 0.0
0.730612244897959 0.0
0.73469387755102 0.0
0.738775510204082 0.0
0.742857142857143 0.0
0.746938775510204 0.0
0.751020408163265 0.0
0.755102040816326 0.0
0.759183673469388 0.0
0.763265306122449 0.0
0.76734693877551 0.0
0.771428571428571 0.0
0.775510204081633 0.0
0.779591836734694 0.0
0.783673469387755 0.0
0.787755102040816 0.0
0.791836734693877 0.0
0.795918367346939 0.0
0.8 0.0
0.804081632653061 0.0
0.808163265306122 0.0
0.812244897959184 0.0
0.816326530612245 0.0
0.820408163265306 0.0
0.824489795918367 0.0
0.828571428571429 0.0
0.83265306122449 0.0
0.836734693877551 1.01328
0.840816326530612 0.0
0.844897959183673 0.0
0.848979591836735 0.0
0.853061224489796 0.250936
0.857142857142857 0.0
0.861224489795918 0.0
0.86530612244898 4.45464
0.869387755102041 7.94369
0.873469387755102 11.5364
0.877551020408163 15.641
0.881632653061225 19.4005
0.885714285714286 24.8769
0.889795918367347 20.961
0.893877551020408 10.8706
0.897959183673469 7.7424
0.902040816326531 7.31392
0.906122448979592 3.33744
0.910204081632653 1.68718
0.914285714285714 0.0
0.918367346938776 0.0
0.922448979591837 0.0
0.926530612244898 0.0
0.930612244897959 0.0
0.93469387755102 0.0
0.938775510204082 0.0
0.942857142857143 0.0
0.946938775510204 0.0
0.951020408163265 0.0
0.955102040816327 0.0
0.959183673469388 0.0
0.963265306122449 0.0
0.96734693877551 2.95031
0.971428571428571 9.97472
0.975510204081633 10.9783
0.979591836734694 12.6515
0.983673469387755 11.8364
0.987755102040816 16.2794
0.991836734693878 22.8441
0.995918367346939 47.9316
1.0 57.32
1.00408163265306 73.6999
1.00816326530612 86.8254
1.01224489795918 95.756
1.01632653061224 94.3119
1.02040816326531 82.7922
1.02448979591837 68.9895
1.02857142857143 49.2827
1.03265306122449 34.537
1.03673469387755 21.1675
1.04081632653061 20.9861
1.04489795918367 19.0002
1.04897959183673 11.2183
1.0530612244898 2.90245
1.05714285714286 0.0
1.06122448979592 0.0
1.06530612244898 0.0
1.06938775510204 0.0
1.0734693877551 0.0
1.07755102040816 0.0
1.08163265306122 0.0
1.08571428571429 0.0
1.08979591836735 0.0
1.09387755102041 0.0
1.09795918367347 0.0
1.10204081632653 0.0
1.10612244897959 0.0
1.11020408163265 0.0
1.11428571428571 0.0
1.11836734693878 0.0
1.12244897959184 0.0
1.1265306122449 0.0
1.13061224489796 0.0
1.13469387755102 0.0
1.13877551020408 0.0
1.14285714285714 0.0
1.1469387755102 0.0
1.15102040816327 3.01179
1.15510204081633 4.40913
1.15918367346939 2.01577
1.16326530612245 3.3294
1.16734693877551 2.85435
1.17142857142857 1.38538
1.17551020408163 0.296582
1.17959183673469 0.0669435
1.18367346938776 0.27021
1.18775510204082 0.557229
1.19183673469388 0.460058
1.19591836734694 0.0
1.2 0.0
1.20408163265306 0.0
1.20816326530612 0.0
1.21224489795918 0.0
1.21632653061224 0.0
1.22040816326531 0.0
1.22448979591837 0.0
1.22857142857143 0.0
1.23265306122449 0.0
1.23673469387755 0.0
1.24081632653061 0.0
1.24489795918367 0.0
1.24897959183673 0.0
1.2530612244898 0.0
1.25714285714286 0.0
1.26122448979592 0.0
1.26530612244898 0.0
1.26938775510204 0.0
1.2734693877551 0.0
1.27755102040816 0.0
1.28163265306122 0.0
1.28571428571429 0.0
1.28979591836735 0.0
1.29387755102041 0.0
1.29795918367347 0.0
1.30204081632653 0.0
1.30612244897959 0.0
1.31020408163265 0.0
1.31428571428571 0.0
1.31836734693878 0.0
1.32244897959184 0.0
1.3265306122449 0.0
1.33061224489796 0.0
1.33469387755102 0.0
1.33877551020408 0.0
1.34285714285714 0.0
1.3469387755102 0.0
1.35102040816327 0.0
1.35510204081633 0.0
1.35918367346939 0.0
1.36326530612245 0.0
1.36734693877551 0.0
1.37142857142857 0.0
1.37551020408163 0.0
1.37959183673469 0.0
1.38367346938776 0.0
1.38775510204082 0.0
1.39183673469388 0.0
1.39591836734694 0.0
1.4 0.0
1.40408163265306 0.0
1.40816326530612 0.0
1.41224489795918 0.0
1.41632653061225 0.0
1.42040816326531 0.0
1.42448979591837 0.0
1.42857142857143 0.0
1.43265306122449 0.0
1.43673469387755 0.0
1.44081632653061 0.0
1.44489795918367 0.0
1.44897959183673 0.0
1.4530612244898 0.0
1.45714285714286 0.0
1.46122448979592 0.0
1.46530612244898 0.0
1.46938775510204 0.0
1.4734693877551 0.0
1.47755102040816 0.0
1.48163265306122 0.0
1.48571428571429 0.0
1.48979591836735 0.0
1.49387755102041 0.0
1.49795918367347 0.0
1.50204081632653 0.0
1.50612244897959 0.0
1.51020408163265 0.0
1.51428571428571 0.0
1.51836734693878 0.0
1.52244897959184 0.0
1.5265306122449 0.0
1.53061224489796 0.0
1.53469387755102 2.97841
1.53877551020408 0.795484
1.54285714285714 0.836492
1.5469387755102 1.44902
1.55102040816327 1.83584
1.55510204081633 9.0037
1.55918367346939 5.62465
1.56326530612245 8.98379
1.56734693877551 15.2135
1.57142857142857 12.1289
1.57551020408163 7.50374
1.57959183673469 11.7561
1.58367346938775 11.7486
1.58775510204082 7.54616
1.59183673469388 18.1482
1.59591836734694 13.7243
1.6 17.7461
1.60408163265306 17.3885
1.60816326530612 12.8872
1.61224489795918 34.1564
1.61632653061224 65.1597
1.62040816326531 112.573
1.62448979591837 126.452
1.62857142857143 136.522
1.63265306122449 110.392
1.63673469387755 98.4096
1.64081632653061 77.9152
1.64489795918367 61.9655
1.64897959183673 47.3747
1.6530612244898 35.5294
1.65714285714286 32.9295
1.66122448979592 25.6284
1.66530612244898 17.0919
1.66938775510204 9.23221
1.6734693877551 4.04641
1.67755102040816 0.332654
1.68163265306122 0.0
1.68571428571429 0.0
1.68979591836735 0.0
1.69387755102041 0.0
1.69795918367347 0.0
1.70204081632653 0.0
1.70612244897959 0.0
1.71020408163265 0.0
1.71428571428571 0.0
1.71836734693878 0.0
1.72244897959184 0.0
1.7265306122449 0.0
1.73061224489796 0.0
1.73469387755102 0.0
1.73877551020408 0.0
1.74285714285714 0.0
1.7469387755102 0.0
1.75102040816327 0.0
1.75510204081633 0.0
1.75918367346939 0.0
1.76326530612245 0.0
1.76734693877551 0.0
1.77142857142857 0.271201
1.77551020408163 0.0
1.77959183673469 0.113249
1.78367346938776 0.0
1.78775510204082 0.0
1.79183673469388 0.573874
1.79591836734694 0.0
1.8 0.0
1.80408163265306 0.0
1.80816326530612 0.0
1.81224489795918 0.0
1.81632653061224 0.0
1.82040816326531 0.0
1.82448979591837 0.0
1.82857142857143 0.0
1.83265306122449 0.0
1.83673469387755 0.0
1.84081632653061 0.0
1.84489795918367 0.190467
1.84897959183673 0.0
1.8530612244898 0.0
1.85714285714286 0.0
1.86122448979592 0.0
1.86530612244898 0.0
1.86938775510204 0.0
1.8734693877551 0.0
1.87755102040816 0.0
1.88163265306122 0.0
1.88571428571429 0.0
1.88979591836735 0.0
1.89387755102041 0.0
1.89795918367347 0.0
1.90204081632653 0.0
1.90612244897959 0.0
1.91020408163265 0.0
1.91428571428571 0.0
1.91836734693878 0.0
1.92244897959184 0.0
1.9265306122449 0.0
1.93061224489796 0.0
1.93469387755102 0.0
1.93877551020408 0.0
1.94285714285714 0.0
1.9469387755102 0.0
1.95102040816327 0.0
1.95510204081633 0.0
1.95918367346939 0.0
1.96326530612245 3.57416
1.96734693877551 32.8005
1.97142857142857 82.9203
1.97551020408163 100.209
1.97959183673469 116.401
1.98367346938776 109.6
1.98775510204082 95.8385
1.99183673469388 77.6452
1.99591836734694 62.7306
2.0 52.08
2.00408163265306 40.3005
2.00816326530612 29.341
2.01224489795918 26.0158
2.01632653061225 18.5201
2.02040816326531 10.3936
2.02448979591837 1.64825
2.02857142857143 0.0
2.03265306122449 0.0
2.03673469387755 0.0
2.04081632653061 0.0
2.04489795918367 0.0
2.04897959183673 0.0
2.0530612244898 0.0
2.05714285714286 0.0
2.06122448979592 0.0
2.06530612244898 0.0
2.06938775510204 0.0
2.0734693877551 0.0
2.07755102040816 0.0
2.08163265306122 0.0
2.08571428571429 0.0
2.08979591836735 0.0
2.09387755102041 0.0
2.09795918367347 0.0
2.10204081632653 0.0
2.10612244897959 0.0
2.11020408163265 0.0
2.11428571428571 0.0
2.11836734693878 0.0
2.12244897959184 0.0
2.1265306122449 0.0
2.13061224489796 0.0
2.13469387755102 0.0
2.13877551020408 0.0
2.14285714285714 0.0
2.1469387755102 0.0
2.15102040816327 0.0
2.15510204081633 0.0
2.15918367346939 0.0
2.16326530612245 0.0
2.16734693877551 0.0
2.17142857142857 0.0
2.17551020408163 0.0
2.17959183673469 0.0
2.18367346938776 0.0
2.18775510204082 0.0
2.19183673469388 0.0
2.19591836734694 0.0
2.2 0.0
2.20408163265306 0.0
2.20816326530612 0.0
2.21224489795918 0.0
2.21632653061224 0.0
2.22040816326531 0.0
2.22448979591837 0.0
2.22857142857143 0.0
2.23265306122449 0.0
2.23673469387755 0.0
2.24081632653061 0.0
2.24489795918367 0.0
2.24897959183673 0.0
2.2530612244898 0.0
2.25714285714286 0.0
2.26122448979592 0.0
2.26530612244898 0.0
2.26938775510204 0.0
2.2734693877551 0.0
2.27755102040816 0.0
2.28163265306122 0.0
2.28571428571429 0.0
2.28979591836735 0.720859
2.29387755102041 1.05143
2.29795918367347 0.0
2.30204081632653 0.756025
2.30612244897959 2.10845
2.31020408163265 0.0
2.31428571428571 0.222683
2.31836734693878 0.0
2.32244897959184 0.0
2.3265306122449 1.01626
2.33061224489796 0.0
2.33469387755102 0.0
2.33877551020408 0.0
2.34285714285714 0.0
2.3469387755102 0.0
2.35102040816327 0.0
2.35510204081633 0.0
2.35918367346939 0.0
2.36326530612245 0.0
2.36734693877551 0.0
2.37142857142857 0.0
2.37551020408163 0.0
2.37959183673469 0.0
2.38367346938776 0.0
2.38775510204082 0.0
2.39183673469388 0.0
2.39591836734694 0.0
2.4 0.0
2.40408163265306 0.0
2.40816326530612 0.0
2.41224489795918 0.0
2.41632653061225 0.0
2.42040816326531 0.0
2.42448979591837 0.0
2.42857142857143 3.99572
2.43265306122449 2.64782
2.43673469387755 8.97044
2.44081632653061 9.72265
2.44489795918367 10.5534
2.44897959183673 10.8154
2.4530612244898 18.1571
2.45714285714286 14.7818
2.46122448979592 39.4504
2.46530612244898 56.4755
2.46938775510204 84.3311
2.4734693877551 96.175
2.47755102040816 92.3934
2.48163265306122 106.224
2.48571428571429 85.58
2.48979591836735 95.7917
2.49387755102041 81.9338
2.49795918367347 65.9725
2.50204081632653 56.2637
2.50612244897959 41.8476
2.51020408163265 28.2319
2.51428571428571 16.5063
2.51836734693878 9.50663
2.52244897959184 10.0916
2.5265306122449 9.95747
2.53061224489796 3.23395
2.53469387755102 0.457145
2.53877551020408 0.0
2.54285714285714 0.0
2.5469387755102 0.0
2.55102040816327 0.0
2.55510204081633 0.0
2.55918367346939 0.0
2.56326530612245 0.0
2.56734693877551 0.0
2.57142857142857 0.0
2.57551020408163 0.0
2.57959183673469 0.0
2.58367346938775 0.0
2.58775510204082 2.23327
2.59183673469388 1.88868
2.59591836734694 5.85841
2.6 12.7745
2.60408163265306 17.291
2.60816326530612 20.4386
2.61224489795918 16.7564
2.61632653061224 15.3354
2.62040816326531 11.8033
2.62448979591837 10.0612
2.62857142857143 4.13764
2.63265306122449 1.20908
2.63673469387755 0.0
2.64081632653061 0.0
2.64489795918367 0.0
2.64897959183673 0.0
2.6530612244898 0.0
2.65714285714286 0.0
2.66122448979592 0.0
2.66530612244898 0.0
2.66938775510204 0.0
2.6734693877551 0.0
2.67755102040816 0.0
2.68163265306122 0.0
2.68571428571429 0.0
2.68979591836735 0.0
2.69387755102041 0.0
2.69795918367347 0.0
2.70204081632653 0.0
2.70612244897959 0.0
2.71020408163265 0.0
2.71428571428571 0.0
2.71836734693878 0.0
2.72244897959184 0.0
2.7265306122449 0.0
2.73061224489796 0.0
2.73469387755102 0.0
2.73877551020408 0.0
2.74285714285714 0.0
2.7469387755102 0.0
2.75102040816327 0.0
2.75510204081633 0.0
2.75918367346939 0.0
2.76326530612245 0.0
2.76734693877551 0.0
2.77142857142857 0.0
2.77551020408163 0.0
2.77959183673469 0.0
2.78367346938776 0.0
2.78775510204082 0.0
2.79183673469388 0.0
2.79591836734694 0.0
2.8 0.0
2.80408163265306 0.0
2.80816326530612 0.0
2.81224489795918 0.0
2.81632653061224 0.0
2.82040816326531 0.0
2.82448979591837 0.0
2.82857142857143 0.0
2.83265306122449 0.0
2.83673469387755 0.0
2.84081632653061 0.0
2.84489795918367 0.0
2.84897959183673 0.0
2.8530612244898 0.0
2.85714285714286 0.0
2.86122448979592 0.0
2.86530612244898 0.945568
2.86938775510204 0.0
2.8734693877551 0.0
2.87755102040816 0.874758
2.88163265306122 0.0
2.88571428571429 0.0
2.88979591836735 0.0
2.89387755102041 0.0
2.89795918367347 0.0
2.90204081632653 1.33894
2.90612244897959 16.548
2.91020408163265 26.5518
2.91428571428571 31.2651
2.91836734693878 27.8791
2.92244897959184 16.5049
2.9265306122449 7.77197
2.93061224489796 0.0
2.93469387755102 0.0
2.93877551020408 0.0
2.94285714285714 0.0
2.9469387755102 0.0
2.95102040816327 4.89223
2.95510204081633 45.6462
2.95918367346939 105.633
2.96326530612245 126.121
2.96734693877551 136.279
2.97142857142857 134.204
2.97551020408163 119.174
2.97959183673469 100.67
2.98367346938775 83.6578
2.98775510204082 59.4195
2.99183673469388 41.8775
2.99591836734694 23.4668
3.0 9.45032
3.00408163265306 0.0641942
3.00816326530612 0.0
3.01224489795918 0.0
3.01632653061225 0.0
3.02040816326531 0.0
3.02448979591837 0.0
3.02857142857143 0.0
3.03265306122449 0.0
3.03673469387755 0.0
3.04081632653061 0.0
3.04489795918367 0.0
3.04897959183673 0.0
3.0530612244898 0.0
3.05714285714286 0.0
3.06122448979592 0.0
3.06530612244898 0.0
3.06938775510204 0.0
3.0734693877551 0.0
3.07755102040816 0.0
3.08163265306122 0.0
3.08571428571429 0.0
3.08979591836735 0.0
3.09387755102041 0.0
3.09795918367347 0.0
3.10204081632653 0.0
3.10612244897959 0.0
3.11020408163265 0.0
3.11428571428571 0.0
3.11836734693878 0.0
3.12244897959184 0.0
3.1265306122449 0.0
3.13061224489796 0.0
3.13469387755102 0.0
3.13877551020408 0.0
3.14285714285714 0.0
3.1469387755102 0.0
3.15102040816327 0.0
3.15510204081633 0.0
3.15918367346939 0.0
3.16326530612245 0.0
3.16734693877551 0.0
3.17142857142857 0.0
3.17551020408163 0.0
3.17959183673469 0.0
3.18367346938776 0.0
3.18775510204082 0.0
3.19183673469388 0.0
3.19591836734694 0.0
3.2 0.0
3.20408163265306 0.342667
3.20816326530612 1.58274
3.21224489795918 0.0
3.21632653061224 0.0
3.22040816326531 0.0
3.22448979591837 0.0
3.22857142857143 1.28259
3.23265306122449 6.08137
3.23673469387755 0.0
3.24081632653061 2.89723
3.24489795918367 2.13024
3.24897959183673 0.0
3.2530612244898 0.0
3.25714285714286 0.0
3.26122448979592 0.0
3.26530612244898 0.0
3.26938775510204 0.0
3.2734693877551 0.0
3.27755102040816 0.0
3.28163265306122 30.4031
3.28571428571429 54.4471
3.28979591836735 102.578
3.29387755102041 140.014
3.29795918367347 148.627
3.30204081632653 137.742
3.30612244897959 124.744
3.31020408163265 100.138
3.31428571428571 80.794
3.31836734693878 62.0154
3.32244897959184 40.7758
3.3265306122449 25.0012
3.33061224489796 8.55593
3.33469387755102 1.55744
3.33877551020408 0.0
3.34285714285714 0.0
3.3469387755102 0.0
3.35102040816327 0.0
3.35510204081633 0.0
3.35918367346939 0.0
3.36326530612245 0.0
3.36734693877551 0.0
3.37142857142857 0.0
3.37551020408163 0.0
3.37959183673469 0.0
3.38367346938776 0.0
3.38775510204082 0.0
3.39183673469388 0.0
3.39591836734694 0.0
3.4 0.0
3.40408163265306 0.0
3.40816326530612 0.0
3.41224489795918 0.0
3.41632653061225 0.0
3.42040816326531 0.0
3.42448979591837 0.0
3.42857142857143 0.0
3.43265306122449 0.0
3.43673469387755 0.0
3.44081632653061 0.0
3.44489795918367 0.0
3.44897959183673 0.0
3.4530612244898 0.0
3.45714285714286 0.0
3.46122448979592 0.0
3.46530612244898 0.0
3.46938775510204 0.0
3.4734693877551 0.0
3.47755102040816 0.0
3.48163265306122 0.0
3.48571428571429 0.0
3.48979591836735 0.0
3.49387755102041 0.0
3.49795918367347 0.0
3.50204081632653 0.0
3.50612244897959 0.0
3.51020408163265 0.0
3.51428571428571 0.0
3.51836734693878 0.0
3.52244897959184 0.0
3.5265306122449 0.0
3.53061224489796 0.0
3.53469387755102 0.0
3.53877551020408 0.0
3.54285714285714 1.46675
3.5469387755102 0.279784
3.55102040816327 3.61945
3.55510204081633 1.08337
3.55918367346939 0.636011
3.56326530612245 0.0641942
3.56734693877551 0.657141
3.57142857142857 0.299782
3.57551020408163 0.601888
3.57959183673469 2.40058
3.58367346938775 10.5685
3.58775510204082 16.6863
3.59183673469388 31.7975
3.59591836734694 46.131
3.6 58.0796
3.60408163265306 65.7924
3.60816326530612 74.7611
3.61224489795918 60.658
3.61632653061224 59.5259
3.62040816326531 45.5993
3.62448979591837 32.127
3.62857142857143 23.3155
3.63265306122449 4.69124
3.63673469387755 0.0
3.64081632653061 0.0
3.64489795918367 0.0
3.64897959183673 0.0
3.6530612244898 0.0
3.65714285714286 0.0
3.66122448979592 0.0
3.66530612244898 0.0
3.66938775510204 0.0
3.6734693877551 0.0
3.67755102040816 0.0
3.68163265306122 0.0
3.68571428571429 0.0
3.68979591836735 0.0
3.69387755102041 0.0
3.69795918367347 0.0
3.70204081632653 0.0
3.70612244897959 0.0
3.71020408163265 0.0
3.71428571428571 0.0
3.71836734693878 0.0
3.72244897959184 0.0
3.7265306122449 0.0
3.73061224489796 0.0
3.73469387755102 0.572257
3.73877551020408 0.0
3.74285714285714 0.0
3.7469387755102 0.0
3.75102040816327 0.0
3.75510204081633 0.0
3.75918367346939 0.0
3.76326530612245 0.0
3.76734693877551 0.0
3.77142857142857 0.0
3.77551020408163 0.0
3.77959183673469 0.0
3.78367346938776 0.0
3.78775510204082 0.0
3.79183673469388 0.0
3.79591836734694 0.0
3.8 0.0
3.80408163265306 0.0
3.80816326530612 0.0
3.81224489795918 0.0
3.81632653061224 0.0
3.82040816326531 0.0
3.82448979591837 2.04402
3.82857142857143 1.87892
3.83265306122449 1.22452
3.83673469387755 0.0
3.84081632653061 1.20516
3.84489795918367 1.36321
3.84897959183673 0.946041
3.8530612244898 0.938714
3.85714285714286 1.10563
3.86122448979592 1.88246
3.86530612244898 0.0
3.86938775510204 0.0
3.8734693877551 0.0
3.87755102040816 0.0
3.88163265306122 0.0
3.88571428571429 0.0
3.88979591836735 0.0
3.89387755102041 0.0
3.89795918367347 0.0
3.90204081632653 0.0
3.90612244897959 0.0
3.91020408163265 0.0
3.91428571428571 0.0
3.91836734693878 6.04373
3.92244897959184 3.50542
3.9265306122449 11.3498
3.93061224489796 41.2126
3.93469387755102 69.5557
3.93877551020408 108.331
3.94285714285714 139.144
3.9469387755102 151.17
3.95102040816327 147.712
3.95510204081633 139.659
3.95918367346939 128.855
3.96326530612245 109.756
3.96734693877551 85.7497
3.97142857142857 69.4163
3.97551020408163 55.3289
3.97959183673469 39.7127
3.98367346938775 24.3714
3.98775510204082 8.56587
3.99183673469388 1.59067
3.99591836734694 0.0
4.0 0.0
4.00408163265306 0.0
4.00816326530612 0.0
4.01224489795918 0.0
4.01632653061225 0.0
4.02040816326531 0.0
4.02448979591837 0.0
4.02857142857143 0.0
4.03265306122449 0.0
4.03673469387755 0.0
4.04081632653061 0.0
4.04489795918367 0.0
4.04897959183673 0.0
4.0530612244898 0.0
4.05714285714286 0.0
4.06122448979592 0.0
4.06530612244898 0.0
4.06938775510204 0.657022
4.0734693877551 0.265121
4.07755102040816 0.260592
4.08163265306122 0.0
4.08571428571429 0.278592
4.08979591836735 0.12219
4.09387755102041 0.0
4.09795918367347 0.0
4.10204081632653 0.0
4.10612244897959 0.0
4.11020408163265 0.0
4.11428571428571 0.0
4.11836734693878 0.0
4.12244897959184 0.0
4.1265306122449 2.0901
4.13061224489796 1.21316
4.13469387755102 0.974536
4.13877551020408 0.0
4.14285714285714 1.59895
4.1469387755102 2.14621
4.15102040816326 2.77126
4.15510204081633 0.0
4.15918367346939 0.0
4.16326530612245 1.44452
4.16734693877551 2.74518
4.17142857142857 2.63661
4.17551020408163 9.26483
4.17959183673469 9.15968
4.18367346938776 3.60143
4.18775510204082 3.19535
4.19183673469388 0.223756
4.19591836734694 0.0
4.2 0.939012
4.20408163265306 1.80435
4.20816326530612 0.0
4.21224489795918 0.0
4.21632653061225 0.0
4.22040816326531 0.0
4.22448979591837 0.0
4.22857142857143 0.0
4.23265306122449 0.0
4.23673469387755 0.0
4.24081632653061 0.0
4.24489795918367 0.0
4.24897959183673 0.0
4.2530612244898 0.0
4.25714285714286 0.0
4.26122448979592 0.0
4.26530612244898 0.0
4.26938775510204 0.0
4.2734693877551 0.0
4.27755102040816 0.0
4.28163265306122 0.0
4.28571428571429 0.0
4.28979591836735 0.0
4.29387755102041 0.0
4.29795918367347 0.0
4.30204081632653 0.0
4.30612244897959 0.0
4.31020408163265 0.0
4.31428571428571 0.0
4.31836734693878 0.0
4.32244897959184 0.0
4.3265306122449 0.0
4.33061224489796 0.0
4.33469387755102 0.0
4.33877551020408 0.0
4.34285714285714 0.0
4.3469387755102 0.0
4.35102040816327 0.0
4.35510204081633 0.0
4.35918367346939 0.0
4.36326530612245 0.0
4.36734693877551 0.0
4.37142857142857 0.0
4.37551020408163 0.0
4.37959183673469 0.0
4.38367346938776 0.0
4.38775510204082 0.0
4.39183673469388 0.0
4.39591836734694 0.0
4.4 0.0
4.40408163265306 0.0
4.40816326530612 0.0
4.41224489795918 0.0
4.41632653061224 0.0
4.42040816326531 0.0
4.42448979591837 0.0
4.42857142857143 1.87027
4.43265306122449 3.6552
4.43673469387755 5.77602
4.44081632653061 22.2716
4.44489795918367 25.1518
4.44897959183673 45.4717
4.4530612244898 48.9594
4.45714285714286 53.0552
4.46122448979592 53.7393
4.46530612244898 50.2174
4.46938775510204 43.204
4.4734693877551 30.1955
4.47755102040816 19.8209
4.48163265306122 22.9409
4.48571428571429 16.873
4.48979591836735 3.16182
4.49387755102041 0.0
4.49795918367347 0.0
4.50204081632653 0.0
4.50612244897959 0.0
4.51020408163265 0.0
4.51428571428571 0.0
4.51836734693878 0.0
4.52244897959184 0.0
4.5265306122449 0.0
4.53061224489796 0.0
4.53469387755102 0.0
4.53877551020408 0.0
4.54285714285714 0.0
4.5469387755102 0.0
4.55102040816327 0.0
4.55510204081633 0.0
4.55918367346939 0.0
4.56326530612245 0.0
4.56734693877551 0.0
4.57142857142857 0.0
4.57551020408163 0.0
4.57959183673469 1.72453
4.58367346938776 1.53801
4.58775510204082 26.5356
4.59183673469388 21.113
4.59591836734694 46.2841
4.6 59.073
4.60408163265306 69.0459
4.60816326530612 63.91
4.61224489795918 57.9812
4.61632653061224 51.1841
4.62040816326531 35.1456
4.62448979591837 23.2146
4.62857142857143 7.26415
4.63265306122449 0.0
4.63673469387755 0.0
4.64081632653061 0.0
4.64489795918367 0.0
4.64897959183673 0.0
4.6530612244898 0.0
4.65714285714286 0.0
4.66122448979592 0.0
4.66530612244898 0.0
4.66938775510204 0.0
4.6734693877551 0.0
4.67755102040816 0.0
4.68163265306122 0.0
4.68571428571429 0.0
4.68979591836735 0.0
4.69387755102041 0.0
4.69795918367347 0.0
4.70204081632653 0.0
4.70612244897959 0.0
4.71020408163265 0.0
4.71428571428571 0.0
4.71836734693878 0.0
4.72244897959184 0.0
4.7265306122449 0.0
4.73061224489796 0.0
4.73469387755102 0.0
4.73877551020408 0.0
4.74285714285714 0.0
4.7469387755102 0.0
4.75102040816327 0.0
4.75510204081633 0.0
4.75918367346939 0.0
4.76326530612245 0.0
4.76734693877551 0.0
4.77142857142857 0.0
4.77551020408163 0.0
4.77959183673469 0.0
4.78367346938775 0.0
4.78775510204082 0.0
4.79183673469388 0.0
4.79591836734694 0.0
4.8 0.475883
4.80408163265306 0.707567
4.80816326530612 3.41225
4.81224489795918 0.47341
4.81632653061224 1.9511
4.82040816326531 0.0
4.82448979591837 0.0
4.82857142857143 0.0
4.83265306122449 0.0
4.83673469387755 0.0
4.84081632653061 0.0
4.84489795918367 0.0
4.84897959183674 0.0
4.8530612244898 0.0
4.85714285714286 0.0
4.86122448979592 0.0
4.86530612244898 0.0
4.86938775510204 0.0
4.8734693877551 0.0
4.87755102040816 0.0
4.88163265306122 0.0
4.88571428571429 0.0
4.88979591836735 0.0
4.89387755102041 0.0
4.89795918367347 11.7607
4.90204081632653 58.2491
4.90612244897959 143.15
4.91020408163265 173.849
4.91428571428571 185.173
4.91836734693878 203.004
4.92244897959184 189.344
4.9265306122449 162.334
4.93061224489796 135.067
4.93469387755102 106.578
4.93877551020408 86.144
4.94285714285714 62.6007
4.9469387755102 39.12
4.95102040816327 24.1346
4.95510204081633 12.2801
4.95918367346939 2.32148
4.96326530612245 0.0
4.96734693877551 0.0
4.97142857142857 0.0
4.97551020408163 0.0
4.97959183673469 0.0
4.98367346938775 0.0
4.98775510204082 0.0
4.99183673469388 0.0
4.99591836734694 0.0
5.0 0.0
5.00408163265306 0.0
5.00816326530612 0.0
5.01224489795918 0.0
5.01632653061225 0.0
5.02040816326531 0.0
5.02448979591837 0.0
5.02857142857143 0.0
5.03265306122449 0.0
5.03673469387755 0.0
5.04081632653061 0.0
5.04489795918367 0.0
5.04897959183673 0.0
5.0530612244898 0.0
5.05714285714286 0.0
5.06122448979592 0.0
5.06530612244898 0.0
5.06938775510204 0.0
5.0734693877551 0.0
5.07755102040816 0.0
5.08163265306122 0.0
5.08571428571429 0.0
5.08979591836735 0.0
5.09387755102041 0.0
5.09795918367347 0.0
5.10204081632653 0.0
5.10612244897959 0.0
5.11020408163265 0.0
5.11428571428571 0.0
5.11836734693878 0.0
5.12244897959184 0.0
5.1265306122449 0.0
5.13061224489796 0.0
5.13469387755102 0.0
5.13877551020408 0.0
5.14285714285714 0.0
5.1469387755102 0.0
5.15102040816326 0.0
5.15510204081633 0.0
5.15918367346939 0.0
5.16326530612245 0.0
5.16734693877551 0.0
5.17142857142857 5.96088
5.17551020408163 5.45055
5.17959183673469 10.7719
5.18367346938776 11.7198
5.18775510204082 17.7477
5.19183673469388 20.3131
5.19591836734694 9.42428
5.2 8.96595
5.20408163265306 8.23663
5.20816326530612 4.88982
5.21224489795918 11.9806
5.21632653061225 20.6136
5.22040816326531 80.0665
5.22448979591837 111.434
5.22857142857143 129.272
5.23265306122449 133.616
5.23673469387755 133.453
5.24081632653061 127.984
5.24489795918367 113.018
5.24897959183673 94.2945
5.2530612244898 79.9476
5.25714285714286 65.1619
5.26122448979592 53.3432
5.26530612244898 36.7337
5.26938775510204 24.8547
5.2734693877551 12.2866
5.27755102040816 1.22249
5.28163265306122 0.0
5.28571428571429 0.0
5.28979591836735 0.0
5.29387755102041 0.0
5.29795918367347 0.0
5.30204081632653 0.0
5.30612244897959 0.0
5.31020408163265 0.0
5.31428571428571 0.0
5.31836734693878 0.0
5.32244897959184 0.0
5.3265306122449 0.0
5.33061224489796 0.0
5.33469387755102 0.0
5.33877551020408 0.0
5.34285714285714 0.0
5.3469387755102 0.0
5.35102040816327 0.0
5.35510204081633 0.0
5.35918367346939 1.05739
5.36326530612245 2.08795
5.36734693877551 0.0
5.37142857142857 0.0
5.37551020408163 0.0
5.37959183673469 0.0
5.38367346938776 0.0
5.38775510204082 0.0
5.39183673469388 0.0
5.39591836734694 0.0
5.4 0.0
5.40408163265306 0.0
5.40816326530612 0.0
5.41224489795918 0.0
5.41632653061224 0.0
5.42040816326531 0.0
5.42448979591837 0.0
5.42857142857143 0.0
5.43265306122449 0.0
5.43673469387755 2.38132
5.44081632653061 0.0
5.44489795918367 0.0
5.44897959183673 0.0
5.4530612244898 0.0
5.45714285714286 0.0
5.46122448979592 0.0
5.46530612244898 0.0
5.46938775510204 0.0
5.4734693877551 0.0
5.47755102040816 0.0
5.48163265306122 0.0
5.48571428571429 0.0
5.48979591836735 0.0
5.49387755102041 0.0
5.49795918367347 0.0
5.50204081632653 0.0
5.50612244897959 0.0
5.51020408163265 2.35392
5.51428571428571 0.0
5.51836734693878 0.0
5.52244897959184 0.0
5.5265306122449 0.0
5.53061224489796 0.0
5.53469387755102 0.433803
5.53877551020408 0.0
5.54285714285714 4.0437
5.5469387755102 17.8511
5.55102040816327 37.5579
5.55510204081633 67.5536
5.55918367346939 96.4126
5.56326530612245 121.904
5.56734693877551 129.655
5.57142857142857 121.93
5.57551020408163 105.881
5.57959183673469 82.5378
5.58367346938776 62.0124
5.58775510204082 40.0641
5.59183673469388 24.8474
5.59591836734694 10.6054
5.6 0.0
5.60408163265306 0.0
5.60816326530612 0.0
5.61224489795918 0.0
5.61632653061224 0.0
5.62040816326531 0.0
5.62448979591837 0.0
5.62857142857143 0.0
5.63265306122449 0.0
5.63673469387755 0.0
5.64081632653061 0.0
5.64489795918367 0.0
5.64897959183673 0.0
5.6530612244898 0.0
5.65714285714286 0.0
5.66122448979592 0.0
5.66530612244898 0.0
5.66938775510204 0.0
5.6734693877551 0.0
5.67755102040816 0.0
5.68163265306122 0.0
5.68571428571429 0.0
5.68979591836735 0.0
5.69387755102041 0.143588
5.69795918367347 1.55604
5.70204081632653 0.0
5.70612244897959 0.0
5.71020408163265 0.0
5.71428571428571 0.0
5.71836734693878 0.0
5.72244897959184 0.0
5.7265306122449 0.0
5.73061224489796 0.0
5.73469387755102 0.0
5.73877551020408 0.0
5.74285714285714 0.0
5.7469387755102 0.0
5.75102040816327 0.0
5.75510204081633 0.0
5.75918367346939 0.0
5.76326530612245 0.0
5.76734693877551 0.0
5.77142857142857 0.0
5.77551020408163 0.0
5.77959183673469 0.0
5.78367346938775 0.0
5.78775510204082 0.0
5.79183673469388 0.0
5.79591836734694 0.0
5.8 0.0
5.80408163265306 0.0
5.80816326530612 0.0
5.81224489795918 1.69861
5.81632653061224 0.139594
5.82040816326531 0.0
5.82448979591837 0.0
5.82857142857143 0.0
5.83265306122449 0.0
5.83673469387755 0.0
5.84081632653061 0.0
5.84489795918367 0.0
5.84897959183674 0.0
5.8530612244898 0.0
5.85714285714286 0.0
5.86122448979592 0.0
5.86530612244898 9.08437
5.86938775510204 8.12429
5.8734693877551 39.389
5.87755102040816 82.3702
5.88163265306122 114.737
5.88571428571429 135.605
5.88979591836735 132.42
5.89387755102041 122.956
5.89795918367347 107.101
5.90204081632653 94.0504
5.90612244897959 74.4023
5.91020408163265 58.2637
5.91428571428571 43.0818
5.91836734693878 27.7708
5.92244897959184 9.2389
5.9265306122449 4.63259
5.93061224489796 0.0
5.93469387755102 0.0
5.93877551020408 0.0
5.94285714285714 0.0
5.9469387755102 0.0
5.95102040816327 0.0
5.95510204081633 0.0
5.95918367346939 0.0
5.96326530612245 0.0
5.96734693877551 0.0
5.97142857142857 0.0
5.97551020408163 0.0
5.97959183673469 0.0
5.98367346938775 0.0
5.98775510204082 0.0
5.99183673469388 0.0
5.99591836734694 0.0
6.0 0.0
6.00408163265306 0.0
6.00816326530612 0.0
6.01224489795918 0.0
6.01632653061225 0.0
6.02040816326531 0.0
6.02448979591837 0.0
6.02857142857143 0.0
6.03265306122449 0.0
6.03673469387755 0.213981
6.04081632653061 2.94799
6.04489795918367 0.604272
6.04897959183673 0.0
6.0530612244898 0.0
6.05714285714286 0.0
6.06122448979592 0.769138
6.06530612244898 1.14822
6.06938775510204 0.0
6.0734693877551 0.0
6.07755102040816 0.0
6.08163265306122 0.0
6.08571428571429 0.0
6.08979591836735 0.0
6.09387755102041 0.0
6.09795918367347 0.931442
6.10204081632653 3.42661
6.10612244897959 5.70863
6.11020408163265 9.12905
6.11428571428571 7.31421
6.11836734693878 8.85052
6.12244897959184 5.36835
6.1265306122449 2.4699
6.13061224489796 0.0
6.13469387755102 0.0
6.13877551020408 0.0
6.14285714285714 0.0
6.1469387755102 0.0
6.15102040816326 0.0
6.15510204081633 0.0
6.15918367346939 0.0
6.16326530612245 0.0
6.16734693877551 0.0
6.17142857142857 0.0
6.17551020408163 0.0
6.17959183673469 0.0
6.18367346938776 0.0
6.18775510204082 0.0
6.19183673469388 0.0
6.19591836734694 0.0
6.2 0.0
6.20408163265306 0.0
6.20816326530612 0.0
6.21224489795918 0.0
6.21632653061225 1.09676
6.22040816326531 1.1857
6.22448979591837 3.90594
6.22857142857143 8.6835
6.23265306122449 5.04544
6.23673469387755 12.9097
6.24081632653061 20.6656
6.24489795918367 13.7052
6.24897959183673 11.5251
6.2530612244898 5.88572
6.25714285714286 4.6742
6.26122448979592 3.95972
6.26530612244898 0.0
6.26938775510204 0.0
6.2734693877551 0.0
6.27755102040816 0.0
6.28163265306122 0.0
6.28571428571429 0.0
6.28979591836735 0.0
6.29387755102041 0.0
6.29795918367347 0.0
6.30204081632653 0.0
6.30612244897959 0.0
6.31020408163265 0.0
6.31428571428571 0.0
6.31836734693878 0.0
6.32244897959184 0.0
6.3265306122449 0.0
6.33061224489796 0.0
6.33469387755102 0.0
6.33877551020408 0.0
6.34285714285714 0.0
6.3469387755102 0.0
6.35102040816327 0.0
6.35510204081633 0.0
6.35918367346939 0.0
6.36326530612245 0.0
6.36734693877551 0.0
6.37142857142857 0.0
6.37551020408163 0.0
6.37959183673469 0.0
6.38367346938776 0.0
6.38775510204082 0.0
6.39183673469388 0.0
6.39591836734694 0.0
6.4 11.0623
6.40408163265306 29.3181
6.40816326530612 39.8447
6.41224489795918 45.7802
6.41632653061224 54.7779
6.42040816326531 54.7294
6.42448979591837 57.5891
6.42857142857143 58.5485
6.43265306122449 54.8606
6.43673469387755 51.0017
6.44081632653061 43.6212
6.44489795918367 38.9547
6.44897959183673 33.4034
6.4530612244898 21.8546
6.45714285714286 10.1402
6.46122448979592 2.25121
6.46530612244898 0.0
6.46938775510204 0.0
6.4734693877551 0.0
6.47755102040816 0.0
6.48163265306122 0.0
6.48571428571429 0.0
6.48979591836735 0.0
6.49387755102041 0.0
6.49795918367347 0.0
6.50204081632653 0.0
6.50612244897959 0.0
6.51020408163265 0.0
6.51428571428571 0.0
6.51836734693878 0.0
6.52244897959184 0.0
6.5265306122449 0.0
6.53061224489796 0.0
6.53469387755102 0.356108
6.53877551020408 0.0
6.54285714285714 0.0
6.5469387755102 2.08241
6.55102040816327 11.1441
6.55510204081633 7.22547
6.55918367346939 10.8128
6.56326530612245 17.0485
6.56734693877551 13.8284
6.57142857142857 24.8799
6.57551020408163 23.0909
6.57959183673469 17.0326
6.58367346938776 11.844
6.58775510204082 7.11118
6.59183673469388 0.0
6.59591836734694 0.0
6.6 0.0
6.60408163265306 0.0
6.60816326530612 0.0
6.61224489795918 0.0
6.61632653061224 0.0
6.62040816326531 0.0
6.62448979591837 0.0
6.62857142857143 0.0
6.63265306122449 0.0
6.63673469387755 0.0
6.64081632653061 0.0
6.64489795918367 0.0
6.64897959183673 0.0
6.6530612244898 0.0
6.65714285714286 0.0
6.66122448979592 0.0
6.66530612244898 0.0
6.66938775510204 0.0
6.6734693877551 0.0
6.67755102040816 0.0
6.68163265306122 0.0
6.68571428571429 0.0
6.68979591836735 0.0
6.69387755102041 0.0
6.69795918367347 0.0
6.70204081632653 0.0
6.70612244897959 0.0
6.71020408163265 0.0
6.71428571428571 0.0
6.71836734693878 0.0
6.72244897959184 0.0
6.7265306122449 0.0
6.73061224489796 0.0
6.73469387755102 0.0
6.73877551020408 0.0
6.74285714285714 0.0
6.7469387755102 4.06418
6.75102040816327 7.51583
6.75510204081633 11.5331
6.75918367346939 6.83124
6.76326530612245 3.89594
6.76734693877551 1.98203
6.77142857142857 3.26282
6.77551020408163 0.0
6.77959183673469 0.0
6.78367346938775 0.0
6.78775510204082 0.204742
6.79183673469388 0.0
6.79591836734694 0.0
6.8 0.0
6.80408163265306 0.0
6.80816326530612 0.0
6.81224489795918 0.0
6.81632653061224 0.0
6.82040816326531 0.0
6.82448979591837 0.0
6.82857142857143 0.0
6.83265306122449 0.0
6.83673469387755 1.60474
6.84081632653061 0.322469
6.84489795918367 0.0
6.84897959183674 4.69816
6.8530612244898 0.0
6.85714285714286 6.49644
6.86122448979592 13.5377
6.86530612244898 23.564
6.86938775510204 31.2914
6.8734693877551 53.3889
6.87755102040816 82.7926
6.88163265306122 129.087
6.88571428571429 117.756
6.88979591836735 127.457
6.89387755102041 116.979
6.89795918367347 109.015
6.90204081632653 92.2879
6.90612244897959 81.1442
6.91020408163265 72.7434
6.91428571428571 67.6439
6.91836734693878 64.7224
6.92244897959184 44.1567
6.9265306122449 33.4443
6.93061224489796 24.9557
6.93469387755102 17.9913
6.93877551020408 11.1438
6.94285714285714 4.32104
6.9469387755102 0.436902
6.95102040816327 0.0
6.95510204081633 0.0
6.95918367346939 0.0
6.96326530612245 0.0
6.96734693877551 0.0
6.97142857142857 0.0
6.97551020408163 0.0
6.97959183673469 0.0
6.98367346938775 0.0
6.98775510204082 0.0
6.99183673469388 0.0
6.99591836734694 0.0
7.0 0.0
7.00408163265306 0.0
7.00816326530612 0.227451
7.01224489795918 2.81906
7.01632653061225 0.183992
7.02040816326531 0.462472
7.02448979591837 0.0
7.02857142857143 0.0
7.03265306122449 0.0
7.03673469387755 0.0
7.04081632653061 0.0
7.04489795918367 0.0
7.04897959183673 0.0
7.0530612244898 0.0
7.05714285714286 0.0
7.06122448979592 0.0
7.06530612244898 0.0
7.06938775510204 0.0
7.0734693877551 0.0
7.07755102040816 0.307262
7.08163265306122 0.0
7.08571428571429 0.2243
7.08979591836735 0.0
7.09387755102041 0.0
7.09795918367347 0.0
7.10204081632653 0.0
7.10612244897959 0.0
7.11020408163265 0.0
7.11428571428571 0.0
7.11836734693878 0.0
7.12244897959184 0.16588
7.1265306122449 0.0
7.13061224489796 0.0
7.13469387755102 0.0
7.13877551020408 0.0
7.14285714285714 0.0
7.1469387755102 0.0
7.15102040816326 0.0
7.15510204081633 0.0
7.15918367346939 0.0
7.16326530612245 0.0
7.16734693877551 0.0
7.17142857142857 0.0
7.17551020408163 0.0
7.17959183673469 0.0
7.18367346938776 0.0
7.18775510204082 0.0
7.19183673469388 0.0
7.19591836734694 0.0
7.2 0.0
7.20408163265306 0.0
7.20816326530612 0.0
7.21224489795918 0.412107
7.21632653061225 3.6729
7.22040816326531 7.7582
7.22448979591837 15.4912
7.22857142857143 15.2815
7.23265306122449 11.642
7.23673469387755 7.3663
7.24081632653061 20.0706
7.24489795918367 22.1492
7.24897959183673 9.72393
7.2530612244898 1.91118
7.25714285714286 0.0
7.26122448979592 0.0
7.26530612244898 0.0
7.26938775510204 1.30439
7.2734693877551 0.0
7.27755102040816 0.0
7.28163265306122 0.0
7.28571428571429 0.0
7.28979591836735 0.0
7.29387755102041 0.0
7.29795918367347 0.0
7.30204081632653 0.0
7.30612244897959 0.0
7.31020408163265 0.0
7.31428571428571 0.0
7.31836734693878 0.0
7.32244897959184 0.0
7.3265306122449 0.0
7.33061224489796 0.0
7.33469387755102 0.0
7.33877551020408 0.0
7.34285714285714 0.0
7.3469387755102 0.0
7.35102040816327 0.0
7.35510204081633 0.0
7.35918367346939 0.0
7.36326530612245 0.0
7.36734693877551 0.0574589
7.37142857142857 0.117272
7.37551020408163 1.00634
7.37959183673469 2.38323
7.38367346938776 1.86324
7.38775510204082 3.20177
7.39183673469388 5.90099
7.39591836734694 14.4979
7.4 28.6507
7.40408163265306 41.5928
7.40816326530612 69.6355
7.41224489795918 71.8458
7.41632653061224 81.0736
7.42040816326531 83.1425
7.42448979591837 78.8204
7.42857142857143 75.5112
7.43265306122449 66.2031
7.43673469387755 57.7387
7.44081632653061 46.0941
7.44489795918367 30.1751
7.44897959183673 14.5599
7.4530612244898 10.5489
7.45714285714286 2.4128
7.46122448979592 2.48599
7.46530612244898 0.0
7.46938775510204 0.0
7.4734693877551 0.0
7.47755102040816 0.0
7.48163265306122 0.0
7.48571428571429 0.0
7.48979591836735 0.0
7.49387755102041 0.0
7.49795918367347 0.0
7.50204081632653 0.0
7.50612244897959 0.0
7.51020408163265 0.0
7.51428571428571 0.0
7.51836734693878 0.0
7.52244897959184 0.0
7.5265306122449 0.0
7.53061224489796 0.0
7.53469387755102 0.0
7.53877551020408 0.0
7.54285714285714 0.0
7.5469387755102 0.0
7.55102040816327 0.0
7.55510204081633 1.6917
7.55918367346939 9.28712
7.56326530612245 8.43489
7.56734693877551 6.19346
7.57142857142857 8.31908
7.57551020408163 7.75349
7.57959183673469 12.5514
7.58367346938776 9.83182
7.58775510204082 4.54015
7.59183673469388 2.54226
7.59591836734694 0.0
7.6 0.0
7.60408163265306 0.0
7.60816326530612 0.0
7.61224489795918 0.50962
7.61632653061224 1.445
7.62040816326531 0.0
7.62448979591837 0.0
7.62857142857143 0.0
7.63265306122449 0.0
7.63673469387755 0.0
7.64081632653061 0.0
7.64489795918367 0.0
7.64897959183673 0.0
7.6530612244898 0.0
7.65714285714286 0.0
7.66122448979592 0.0
7.66530612244898 0.0
7.66938775510204 0.0
7.6734693877551 0.0
7.67755102040816 0.0
7.68163265306122 0.0
7.68571428571429 0.0
7.68979591836735 0.0
7.69387755102041 0.0
7.69795918367347 0.0
7.70204081632653 0.0
7.70612244897959 0.0
7.71020408163265 0.0
7.71428571428571 0.0
7.71836734693878 0.0
7.72244897959184 0.0
7.7265306122449 0.0
7.73061224489796 0.0
7.73469387755102 0.0
7.73877551020408 0.0
7.74285714285714 0.0
7.7469387755102 0.0
7.75102040816327 0.0
7.75510204081633 0.0
7.75918367346939 0.0
7.76326530612245 0.0
7.76734693877551 0.0
7.77142857142857 0.0
7.77551020408163 3.31482
7.77959183673469 0.0
7.78367346938775 4.27768
7.78775510204082 7.93421
7.79183673469388 9.17894
7.79591836734694 4.89849
7.8 3.72177
7.80408163265306 2.66415
7.80816326530612 3.57151
7.81224489795918 2.50739
7.81632653061224 2.79164
7.82040816326531 1.7817
7.82448979591837 0.431776
7.82857142857143 8.70323
7.83265306122449 3.41779
7.83673469387755 7.08783
7.84081632653061 5.32317
7.84489795918367 24.6016
7.84897959183674 40.438
7.8530612244898 40.2164
7.85714285714286 54.3311
7.86122448979592 69.6518
7.86530612244898 71.4401
7.86938775510204 69.9798
7.8734693877551 57.9915
7.87755102040816 44.4513
7.88163265306122 36.2349
7.88571428571429 26.8417
7.88979591836735 22.959
7.89387755102041 15.2852
7.89795918367347 1.98209
7.90204081632653 0.992775
7.90612244897959 0.751615
7.91020408163265 2.04015
7.91428571428571 3.39073
7.91836734693878 0.0
7.92244897959184 0.0
7.9265306122449 0.0
7.93061224489796 0.0
7.93469387755102 0.0
7.93877551020408 0.0
7.94285714285714 0.0
7.9469387755102 0.0
7.95102040816327 0.0
7.95510204081633 0.0
7.95918367346939 0.0
7.96326530612245 0.0
7.96734693877551 0.0
7.97142857142857 0.0
7.97551020408163 0.0
7.97959183673469 0.0
7.98367346938775 0.0
7.98775510204082 0.0
7.99183673469388 5.06765
7.99591836734694 0.0
8.0 6.60133
8.00408163265306 4.43053
8.00816326530612 0.777483
8.01224489795918 0.0
8.01632653061225 1.34575
8.02040816326531 0.0
8.02448979591837 0.0
8.02857142857143 0.0
8.03265306122449 0.0
8.03673469387755 0.0
8.04081632653061 0.0
8.04489795918367 0.0
8.04897959183674 1.65033
8.0530612244898 0.0
8.05714285714286 0.0
8.06122448979592 0.0
8.06530612244898 0.708669
8.06938775510204 0.535876
8.0734693877551 0.0
8.07755102040816 0.0
8.08163265306122 1.44482
8.08571428571429 0.0
8.08979591836735 0.0
8.09387755102041 0.0
8.09795918367347 0.0
8.10204081632653 0.0
8.10612244897959 0.0
8.11020408163265 0.0
8.11428571428571 0.0
8.11836734693878 0.0
8.12244897959184 0.0
8.1265306122449 0.0
8.13061224489796 2.6536
8.13469387755102 0.0
8.13877551020408 0.25931
8.14285714285714 1.48118
8.1469387755102 0.0
8.15102040816327 0.0
8.15510204081633 3.68413
8.15918367346939 1.02329
8.16326530612245 1.58703
8.16734693877551 2.49922
8.17142857142857 2.41935
8.17551020408163 0.0
8.17959183673469 0.0
8.18367346938776 0.0
8.18775510204082 0.0
8.19183673469388 0.0
8.19591836734694 1.47128
8.2 0.0
8.20408163265306 0.0
8.20816326530612 0.0
8.21224489795918 0.0
8.21632653061224 0.0
8.22040816326531 0.0
8.22448979591837 0.0
8.22857142857143 0.0
8.23265306122449 0.0
8.23673469387755 0.0599623
8.24081632653061 0.0
8.24489795918367 1.20121
8.24897959183673 0.0
8.2530612244898 0.0
8.25714285714286 0.0
8.26122448979592 0.0
8.26530612244898 0.0
8.26938775510204 0.0
8.2734693877551 0.0
8.27755102040816 0.0
8.28163265306122 0.0
8.28571428571429 0.0
8.28979591836735 0.0
8.29387755102041 0.668883
8.29795918367347 0.0
8.30204081632653 0.0
8.30612244897959 0.0
8.31020408163265 0.0
8.31428571428571 0.0
8.31836734693877 0.0
8.32244897959184 0.0
8.3265306122449 0.0
8.33061224489796 0.0
8.33469387755102 0.0
8.33877551020408 0.0
8.34285714285714 0.0
8.3469387755102 0.0
8.35102040816327 0.055775
8.35510204081633 3.91686
8.35918367346939 5.64855
8.36326530612245 12.0676
8.36734693877551 27.9668
8.37142857142857 42.9447
8.37551020408163 49.2242
8.37959183673469 55.5262
8.38367346938776 52.7199
8.38775510204082 52.3926
8.39183673469388 47.517
8.39591836734694 39.2004
8.4 34.6665
8.40408163265306 29.6213
8.40816326530612 24.3581
8.41224489795918 12.3952
8.41632653061225 8.45337
8.42040816326531 6.04823
8.42448979591837 2.72942
8.42857142857143 0.0
8.43265306122449 0.513285
8.43673469387755 0.0
8.44081632653061 0.0
8.44489795918367 2.58002
8.44897959183673 0.0
8.4530612244898 2.17628
8.45714285714286 4.66818
8.46122448979592 0.0
8.46530612244898 0.246882
8.46938775510204 1.67584
8.4734693877551 0.0
8.47755102040816 0.0
8.48163265306122 0.0
8.48571428571429 0.0
8.48979591836735 0.0
8.49387755102041 5.18775
8.49795918367347 0.0
8.50204081632653 0.0
8.50612244897959 0.0
8.51020408163265 0.0
8.51428571428571 1.62911
8.51836734693878 1.57869
8.52244897959184 3.232
8.5265306122449 2.81227
8.53061224489796 3.19028
8.53469387755102 2.13337
8.53877551020408 0.0
8.54285714285714 0.0
8.5469387755102 5.8032
8.55102040816327 1.62351
8.55510204081633 0.0
8.55918367346939 0.0
8.56326530612245 0.0
8.56734693877551 0.0
8.57142857142857 0.0
8.57551020408163 0.0
8.57959183673469 0.0
8.58367346938775 0.571966
8.58775510204082 0.0
8.59183673469388 0.0
8.59591836734694 0.0
8.6 0.0
8.60408163265306 0.0
8.60816326530612 0.0
8.61224489795918 0.0
8.61632653061224 0.989377
8.62040816326531 0.0
8.62448979591837 0.0
8.62857142857143 0.0
8.63265306122449 0.0
8.63673469387755 0.0
8.64081632653061 0.0
8.64489795918367 0.0
8.64897959183673 0.0
8.6530612244898 0.0
8.65714285714286 0.0
8.66122448979592 0.0
8.66530612244898 0.0
8.66938775510204 0.0
8.6734693877551 0.0
8.67755102040816 0.0
8.68163265306123 0.0
8.68571428571429 0.0
8.68979591836735 0.0
8.69387755102041 0.0
8.69795918367347 0.0
8.70204081632653 0.0
8.70612244897959 0.0
8.71020408163265 0.0
8.71428571428571 0.0
8.71836734693878 0.0
8.72244897959184 0.0
8.7265306122449 0.0
8.73061224489796 0.0
8.73469387755102 0.0
8.73877551020408 0.0
8.74285714285714 0.0
8.7469387755102 0.0
8.75102040816327 2.05278
8.75510204081633 14.8937
8.75918367346939 27.1346
8.76326530612245 18.6124
8.76734693877551 15.9729
8.77142857142857 6.72501
8.77551020408163 7.64643
8.77959183673469 4.56965
8.78367346938776 0.0
8.78775510204082 5.71486
8.79183673469388 1.3985
8.79591836734694 0.460267
8.8 10.9004
8.80408163265306 22.1212
8.80816326530612 24.8876
8.81224489795918 42.6995
8.81632653061224 43.8342
8.82040816326531 54.0761
8.82448979591837 60.1366
8.82857142857143 56.5542
8.83265306122449 53.86
8.83673469387755 47.7557
8.84081632653061 34.0182
8.84489795918367 42.6529
8.84897959183673 37.6602
8.8530612244898 29.7185
8.85714285714286 18.0458
8.86122448979592 16.6186
8.86530612244898 16.6667
8.86938775510204 20.8788
8.8734693877551 19.568
8.87755102040816 23.7554
8.88163265306122 28.2182
8.88571428571429 27.456
8.88979591836735 17.2821
8.89387755102041 11.7145
8.89795918367347 5.87469
8.90204081632653 0.0
8.90612244897959 0.0
8.91020408163265 0.00751019
8.91428571428571 0.0
8.91836734693878 1.39827
8.92244897959184 0.662506
8.9265306122449 0.0
8.93061224489796 0.0
8.93469387755102 0.0
8.93877551020408 0.0
8.94285714285714 0.25171
8.9469387755102 0.0
8.95102040816326 0.0
8.95510204081633 2.88153
8.95918367346939 2.43706
8.96326530612245 4.79531
8.96734693877551 3.00914
8.97142857142857 2.44749
8.97551020408163 1.66568
8.97959183673469 0.0
8.98367346938775 0.0
8.98775510204082 0.0
8.99183673469388 0.0
8.99591836734694 0.0
9.0 0.0
9.00408163265306 0.0
9.00816326530612 0.0
9.01224489795918 0.0
9.01632653061225 0.0
9.02040816326531 0.0
9.02448979591837 0.939846
9.02857142857143 0.199199
9.03265306122449 0.0
9.03673469387755 0.0
9.04081632653061 0.0
9.04489795918367 0.0
9.04897959183674 0.0
9.0530612244898 0.0
9.05714285714286 0.0
9.06122448979592 0.0
9.06530612244898 0.0
9.06938775510204 0.0
9.0734693877551 0.0
9.07755102040816 0.0
9.08163265306122 0.0
9.08571428571429 0.0
9.08979591836735 1.44362
9.09387755102041 0.0
9.09795918367347 0.0
9.10204081632653 0.0
9.10612244897959 0.0
9.11020408163265 0.0
9.11428571428571 0.0
9.11836734693878 0.0
9.12244897959184 0.0
9.1265306122449 0.0
9.13061224489796 0.0
9.13469387755102 0.0
9.13877551020408 0.0
9.14285714285714 0.0
9.1469387755102 0.0
9.15102040816327 0.0
9.15510204081633 0.0
9.15918367346939 0.0
9.16326530612245 0.0
9.16734693877551 0.0
9.17142857142857 5.83899
9.17551020408163 6.86581
9.17959183673469 22.2442
9.18367346938776 51.0747
9.18775510204082 67.9797
9.19183673469388 56.289
9.19591836734694 62.582
9.2 65.2112
9.20408163265306 59.6859
9.20816326530612 50.7023
9.21224489795918 40.9944
9.21632653061224 31.0775
9.22040816326531 21.7616
9.22448979591837 14.0762
9.22857142857143 11.914
9.23265306122449 11.0621
9.23673469387755 4.52435
9.24081632653061 1.00666
9.24489795918367 0.0
9.24897959183673 0.0
9.2530612244898 0.0
9.25714285714286 0.0
9.26122448979592 0.0
9.26530612244898 0.0
9.26938775510204 0.0
9.2734693877551 0.0
9.27755102040816 0.0
9.28163265306122 0.0
9.28571428571429 0.0
9.28979591836735 0.0
9.29387755102041 0.0
9.29795918367347 0.0
9.30204081632653 0.0
9.30612244897959 0.0
9.31020408163265 0.0
9.31428571428571 0.0
9.31836734693877 0.0
9.32244897959184 0.0
9.3265306122449 0.0
9.33061224489796 0.0
9.33469387755102 0.0
9.33877551020408 0.0
9.34285714285714 0.0
9.3469387755102 0.0
9.35102040816327 0.0
9.35510204081633 0.0
9.35918367346939 0.0
9.36326530612245 0.0
9.36734693877551 0.0
9.37142857142857 0.0
9.37551020408163 0.0
9.37959183673469 0.0
9.38367346938776 0.0
9.38775510204082 0.0
9.39183673469388 0.0
9.39591836734694 0.0
9.4 0.0
9.40408163265306 0.0
9.40816326530612 0.0
9.41224489795918 0.0
9.41632653061225 0.0
9.42040816326531 0.0
9.42448979591837 0.0
9.42857142857143 0.0
9.43265306122449 0.0
9.43673469387755 0.0
9.44081632653061 0.0
9.44489795918367 0.0
9.44897959183673 0.0
9.4530612244898 0.0
9.45714285714286 0.0
9.46122448979592 0.0
9.46530612244898 0.0
9.46938775510204 0.0
9.4734693877551 0.0
9.47755102040816 0.0
9.48163265306122 0.0
9.48571428571429 6.36901
9.48979591836735 35.8372
9.49387755102041 96.3969
9.49795918367347 128.996
9.50204081632653 131.44
9.50612244897959 134.173
9.51020408163265 124.663
9.51428571428571 116.076
9.51836734693878 103.642
9.52244897959184 82.6427
9.5265306122449 63.5898
9.53061224489796 44.0196
9.53469387755102 27.2255
9.53877551020408 13.5389
9.54285714285714 0.0128746
9.5469387755102 0.0
9.55102040816327 0.0
9.55510204081633 0.0
9.55918367346939 0.0
9.56326530612245 0.0
9.56734693877551 0.0
9.57142857142857 0.0
9.57551020408163 0.0
9.57959183673469 0.0
9.58367346938775 0.0
9.58775510204082 0.0
9.59183673469388 0.0
9.59591836734694 0.0
9.6 0.0
9.60408163265306 0.0
9.60816326530612 0.0
9.61224489795918 0.0
9.61632653061224 0.0
9.62040816326531 0.204086
9.62448979591837 1.84417
9.62857142857143 0.48691
9.63265306122449 0.0
9.63673469387755 0.0
9.64081632653061 0.0
9.64489795918367 0.0
9.64897959183673 0.0
9.6530612244898 0.0
9.65714285714286 0.0
9.66122448979592 0.0
9.66530612244898 0.0
9.66938775510204 0.0
9.6734693877551 0.0
9.67755102040816 3.84617
9.68163265306123 1.02878
9.68571428571429 0.0
9.68979591836735 0.0
9.69387755102041 0.0
9.69795918367347 0.0
9.70204081632653 0.0
9.70612244897959 0.0
9.71020408163265 0.0
9.71428571428571 0.0
9.71836734693878 0.0
9.72244897959184 0.0
9.7265306122449 0.0
9.73061224489796 0.0
9.73469387755102 0.0
9.73877551020408 0.0
9.74285714285714 0.0
9.7469387755102 0.0
9.75102040816327 0.0
9.75510204081633 0.0
9.75918367346939 0.0
9.76326530612245 0.0
9.76734693877551 0.0
9.77142857142857 0.0
9.77551020408163 0.0
9.77959183673469 0.0
9.78367346938776 0.0
9.78775510204082 0.0
9.79183673469388 0.0
9.79591836734694 0.0
9.8 0.0
9.80408163265306 0.0
9.80816326530612 0.0
9.81224489795918 0.0
9.81632653061224 0.0
9.82040816326531 0.0
9.82448979591837 12.6443
9.82857142857143 43.0867
9.83265306122449 69.4146
9.83673469387755 101.37
9.84081632653061 131.464
9.84489795918367 123.4
9.84897959183673 119.632
9.8530612244898 113.705
9.85714285714286 101.135
9.86122448979592 79.1598
9.86530612244898 61.1804
9.86938775510204 43.784
9.8734693877551 25.1717
9.87755102040816 7.1556
9.88163265306122 0.0
9.88571428571429 0.0
9.88979591836735 0.0
9.89387755102041 0.0
9.89795918367347 0.0
9.90204081632653 0.0
9.90612244897959 0.0
9.91020408163265 0.0
9.91428571428571 0.0
9.91836734693878 0.0
9.92244897959184 0.0
9.9265306122449 0.0
9.93061224489796 0.0
9.93469387755102 0.0
9.93877551020408 1.59869
9.94285714285714 4.59313
9.9469387755102 9.76163
9.95102040816326 2.34008
9.95510204081633 0.803828
9.95918367346939 1.92371
9.96326530612245 0.637531
9.96734693877551 6.03569
9.97142857142857 6.59567
9.97551020408163 7.63512
9.97959183673469 3.40563
9.98367346938775 9.44471
9.98775510204082 1.34093
9.99183673469388 2.04509
9.99591836734694 2.10512
10.0 0.0
10.0040816326531 0.0
10.0081632653061 0.0
10.0122448979592 0.0
10.0163265306122 0.0
10.0204081632653 0.0
10.0244897959184 0.0
10.0285714285714 0.0
10.0326530612245 0.0
10.0367346938776 0.0
10.0408163265306 0.0
10.0448979591837 0.0
10.0489795918367 0.0
10.0530612244898 0.0
10.0571428571429 0.0
10.0612244897959 0.0
10.065306122449 0.0
10.069387755102 0.0
10.0734693877551 0.0
10.0775510204082 0.0
10.0816326530612 0.0
10.0857142857143 0.0
10.0897959183673 0.0
10.0938775510204 2.64215
10.0979591836735 0.0
10.1020408163265 1.68675
10.1061224489796 4.09749
10.1102040816327 4.53591
10.1142857142857 0.0
10.1183673469388 19.4996
10.1224489795918 0.0
10.1265306122449 0.0
10.130612244898 12.2833
10.134693877551 0.0
10.1387755102041 0.0
10.1428571428571 3.42771
10.1469387755102 0.0
10.1510204081633 0.0
10.1551020408163 0.0468493
10.1591836734694 0.0
10.1632653061224 0.0
10.1673469387755 0.0
10.1714285714286 0.0
10.1755102040816 0.0
10.1795918367347 0.0
10.1836734693878 0.0
10.1877551020408 0.0
10.1918367346939 1.50865
10.1959183673469 0.0295639
10.2 0.0
10.2040816326531 3.97235
10.2081632653061 0.0
10.2122448979592 0.0
10.2163265306122 0.0
10.2204081632653 0.0
10.2244897959184 0.0
10.2285714285714 0.0
10.2326530612245 0.0
10.2367346938776 0.0
10.2408163265306 0.0
10.2448979591837 0.0
10.2489795918367 0.0
10.2530612244898 0.357568
10.2571428571429 0.0
10.2612244897959 0.610948
10.265306122449 3.09789
10.269387755102 1.24872
10.2734693877551 0.727177
10.2775510204082 1.02949
10.2816326530612 0.191092
10.2857142857143 0.257254
10.2897959183673 0.0
10.2938775510204 0.0
10.2979591836735 0.0
10.3020408163265 1.90455
10.3061224489796 0.0
10.3102040816327 0.439465
10.3142857142857 0.278011
10.3183673469388 0.0
10.3224489795918 0.0
10.3265306122449 0.0
10.330612244898 0.0
10.334693877551 0.0
10.3387755102041 0.0
10.3428571428571 0.0
10.3469387755102 2.62591
10.3510204081633 8.01876
10.3551020408163 0.0631809
10.3591836734694 1.37067
10.3632653061224 16.2516
10.3673469387755 1.64962
10.3714285714286 0.154138
10.3755102040816 4.50873
10.3795918367347 0.0
10.3836734693878 0.0
10.3877551020408 0.123024
10.3918367346939 0.0
10.3959183673469 0.0
10.4 0.0
10.4040816326531 0.0
10.4081632653061 0.269204
10.4122448979592 2.98917
10.4163265306122 0.0
10.4204081632653 2.65181
10.4244897959184 6.52353
10.4285714285714 0.214458
10.4326530612245 1.76644
10.4367346938776 2.8218
10.4408163265306 0.0
10.4448979591837 0.0
10.4489795918367 0.602007
10.4530612244898 0.0
10.4571428571429 0.0
10.4612244897959 0.0
10.465306122449 0.0
10.469387755102 0.0
10.4734693877551 0.0
10.4775510204082 0.0
10.4816326530612 0.0
10.4857142857143 0.0
10.4897959183673 0.0
10.4938775510204 0.0
10.4979591836735 0.0
10.5020408163265 0.0
10.5061224489796 0.0
10.5102040816327 14.0155
10.5142857142857 27.3765
10.5183673469388 31.3799
10.5224489795918 46.9785
10.5265306122449 36.6479
10.530612244898 35.8451
10.534693877551 37.2999
10.5387755102041 20.6812
10.5428571428571 14.6989
10.5469387755102 17.0133
10.5510204081633 8.74534
10.5551020408163 0.0
10.5591836734694 0.0
10.5632653061224 0.0
10.5673469387755 0.0
10.5714285714286 0.0743866
10.5755102040816 0.0
10.5795918367347 0.0
10.5836734693878 0.0
10.5877551020408 0.0
10.5918367346939 0.0
10.5959183673469 0.0
10.6 0.0
10.6040816326531 0.0
10.6081632653061 0.0
10.6122448979592 0.0
10.6163265306122 0.0
10.6204081632653 0.0
10.6244897959184 0.0
10.6285714285714 0.0
10.6326530612245 0.0
10.6367346938776 0.0
10.6408163265306 0.0
10.6448979591837 0.0
10.6489795918367 0.767827
10.6530612244898 0.0
10.6571428571429 0.0
10.6612244897959 0.0
10.665306122449 0.0
10.669387755102 0.0
10.6734693877551 0.0
10.6775510204082 0.0
10.6816326530612 0.0
10.6857142857143 0.0
10.6897959183673 0.0
10.6938775510204 0.0
10.6979591836735 0.0
10.7020408163265 1.56629
10.7061224489796 17.3855
10.7102040816327 16.6922
10.7142857142857 16.3763
10.7183673469388 9.82393
10.7224489795918 21.5081
10.7265306122449 11.3785
10.730612244898 0.0
10.734693877551 0.0
10.7387755102041 0.0
10.7428571428571 0.0
10.7469387755102 0.0
10.7510204081633 0.0
10.7551020408163 0.0
10.7591836734694 0.0
10.7632653061224 0.0
10.7673469387755 0.0
10.7714285714286 0.0
10.7755102040816 0.0
10.7795918367347 0.0
10.7836734693878 0.0
10.7877551020408 0.0
10.7918367346939 0.0
10.7959183673469 0.0
10.8 3.02374
10.8040816326531 17.9941
10.8081632653061 30.4675
10.8122448979592 29.2327
10.8163265306122 60.3847
10.8204081632653 83.1063
10.8244897959184 81.787
10.8285714285714 99.0787
10.8326530612245 107.853
10.8367346938776 92.4672
10.8408163265306 86.9434
10.8448979591837 77.884
10.8489795918367 71.0433
10.8530612244898 71.7286
10.8571428571429 64.6571
10.8612244897959 59.6791
10.865306122449 55.6973
10.869387755102 51.2677
10.8734693877551 38.199
10.8775510204082 31.9568
10.8816326530612 23.8409
10.8857142857143 6.06704
10.8897959183673 0.138283
10.8938775510204 0.0
10.8979591836735 0.0
10.9020408163265 0.0
10.9061224489796 0.0
10.9102040816327 0.0
10.9142857142857 0.0
10.9183673469388 0.0
10.9224489795918 0.0
10.9265306122449 0.0
10.930612244898 0.0
10.934693877551 0.0
10.9387755102041 0.0
10.9428571428571 0.0
10.9469387755102 0.0
10.9510204081633 0.0
10.9551020408163 0.0
10.9591836734694 1.16235
10.9632653061224 0.0
10.9673469387755 0.0577569
10.9714285714286 0.0
10.9755102040816 0.0
10.9795918367347 0.0
10.9836734693878 0.0
10.9877551020408 0.0
10.9918367346939 0.0
10.9959183673469 0.0
11.0 0.0
11.0040816326531 0.0
11.0081632653061 0.0
11.0122448979592 0.0
11.0163265306122 0.0
11.0204081632653 0.0
11.0244897959184 0.0
11.0285714285714 0.0
11.0326530612245 0.0
11.0367346938776 0.0
11.0408163265306 0.0
11.0448979591837 0.0
11.0489795918367 0.0
11.0530612244898 0.0
11.0571428571429 0.0
11.0612244897959 0.0
11.065306122449 0.0
11.069387755102 0.917196
11.0734693877551 0.0
11.0775510204082 0.0
11.0816326530612 0.783443
11.0857142857143 0.0
11.0897959183673 0.0
11.0938775510204 0.0
11.0979591836735 0.0
11.1020408163265 0.0
11.1061224489796 0.0
11.1102040816327 0.0
11.1142857142857 0.0
11.1183673469388 0.0
11.1224489795918 0.0
11.1265306122449 0.0
11.130612244898 0.0
11.134693877551 0.0
11.1387755102041 62.508
11.1428571428571 118.095
11.1469387755102 164.977
11.1510204081633 201.941
11.1551020408163 166.093
11.1591836734694 158.484
11.1632653061224 132.883
11.1673469387755 103.769
11.1714285714286 84.6322
11.1755102040816 64.1901
11.1795918367347 44.3681
11.1836734693878 26.8148
11.1877551020408 11.7532
11.1918367346939 0.048697
11.1959183673469 0.0
11.2 0.0
11.2040816326531 0.0
11.2081632653061 0.0
11.2122448979592 0.0
11.2163265306122 0.0
11.2204081632653 0.0
11.2244897959184 0.0
11.2285714285714 0.0
11.2326530612245 0.0
11.2367346938776 0.0
11.2408163265306 0.0
11.2448979591837 0.0
11.2489795918367 0.0
11.2530612244898 0.0
11.2571428571429 0.0
11.2612244897959 0.0
11.265306122449 0.0
11.269387755102 0.0
11.2734693877551 0.0
11.2775510204082 0.0
11.2816326530612 0.0
11.2857142857143 0.0
11.2897959183673 0.0
11.2938775510204 0.0
11.2979591836735 0.0
11.3020408163265 0.0
11.3061224489796 0.0
11.3102040816327 0.0
11.3142857142857 0.547469
11.3183673469388 4.41182
11.3224489795918 8.29196
11.3265306122449 10.1407
11.330612244898 2.94948
11.334693877551 5.60808
11.3387755102041 0.371605
11.3428571428571 0.820398
11.3469387755102 1.20229
11.3510204081633 0.0
11.3551020408163 0.0
11.3591836734694 0.0
11.3632653061224 0.0
11.3673469387755 0.113964
11.3714285714286 0.0
11.3755102040816 0.0
11.3795918367347 0.0
11.3836734693878 0.0
11.3877551020408 0.0
11.3918367346939 0.0
11.3959183673469 0.0
11.4 0.0
11.4040816326531 0.412345
11.4081632653061 1.72532
11.4122448979592 0.997782
11.4163265306122 0.0
11.4204081632653 0.0
11.4244897959184 0.0
11.4285714285714 0.0
11.4326530612245 0.0
11.4367346938776 0.0
11.4408163265306 0.0
11.4448979591837 0.0
11.4489795918367 0.0
11.4530612244898 0.0
11.4571428571429 0.0
11.4612244897959 9.27857
11.465306122449 31.1161
11.469387755102 65.9419
11.4734693877551 106.676
11.4775510204082 131.04
11.4816326530612 128.382
11.4857142857143 105.989
11.4897959183673 83.6351
11.4938775510204 71.9483
11.4979591836735 42.0135
11.5020408163265 30.8762
11.5061224489796 11.7056
11.5102040816327 6.82288
11.5142857142857 9.23896
11.5183673469388 3.71885
11.5224489795918 0.0
11.5265306122449 0.0
11.530612244898 0.0
11.534693877551 0.0
11.5387755102041 0.0
11.5428571428571 0.0
11.5469387755102 0.0
11.5510204081633 0.0
11.5551020408163 0.0
11.5591836734694 0.0
11.5632653061224 0.0
11.5673469387755 0.0
11.5714285714286 0.0
11.5755102040816 0.0
11.5795918367347 0.0
11.5836734693878 0.0
11.5877551020408 0.0
11.5918367346939 0.0
11.5959183673469 0.0
11.6 0.0
11.6040816326531 0.0
11.6081632653061 0.0
11.6122448979592 0.0
11.6163265306122 0.0
11.6204081632653 0.0
11.6244897959184 0.0
11.6285714285714 0.0
11.6326530612245 0.0
11.6367346938776 12.2561
11.6408163265306 4.29076
11.6448979591837 16.9385
11.6489795918367 12.9324
11.6530612244898 3.57801
11.6571428571429 1.9238
11.6612244897959 0.147998
11.665306122449 0.0
11.669387755102 0.0
11.6734693877551 0.0
11.6775510204082 0.0
11.6816326530612 0.0
11.6857142857143 0.0
11.6897959183673 0.0
11.6938775510204 0.0
11.6979591836735 0.0
11.7020408163265 0.0
11.7061224489796 0.0
11.7102040816327 0.0
11.7142857142857 0.0
11.7183673469388 0.0
11.7224489795918 0.0
11.7265306122449 0.0
11.730612244898 0.0
11.734693877551 0.0
11.7387755102041 0.0
11.7428571428571 0.0
11.7469387755102 0.0
11.7510204081633 0.73459
11.7551020408163 0.0
11.7591836734694 0.0
11.7632653061224 0.0
11.7673469387755 0.0
11.7714285714286 0.0
11.7755102040816 0.0
11.7795918367347 0.0
11.7836734693878 0.0
11.7877551020408 0.0
11.7918367346939 0.0
11.7959183673469 0.0
11.8 0.0
11.8040816326531 44.4646
11.8081632653061 63.5604
11.8122448979592 94.1869
11.8163265306122 118.304
11.8204081632653 123.898
11.8244897959184 116.99
11.8285714285714 109.334
11.8326530612245 123.133
11.8367346938776 92.1265
11.8408163265306 77.0905
11.8448979591837 64.3652
11.8489795918367 44.9841
11.8530612244898 33.6676
11.8571428571429 24.2143
11.8612244897959 15.1879
11.865306122449 9.17709
11.869387755102 7.37941
11.8734693877551 2.42782
11.8775510204082 0.0
11.8816326530612 0.0
11.8857142857143 0.0
11.8897959183673 2.39551
11.8938775510204 0.0
11.8979591836735 5.71871
11.9020408163265 0.0
11.9061224489796 0.0
11.9102040816327 0.0
11.9142857142857 0.0
11.9183673469388 0.0
11.9224489795918 0.0
11.9265306122449 0.0
11.930612244898 0.0
11.934693877551 0.0
11.9387755102041 0.0
11.9428571428571 0.0
11.9469387755102 0.0
11.9510204081633 0.0
11.9551020408163 0.0
11.9591836734694 0.0
11.9632653061224 0.0
11.9673469387755 0.0
11.9714285714286 0.0
11.9755102040816 0.0
11.9795918367347 0.0
11.9836734693878 0.0
11.9877551020408 0.0
11.9918367346939 0.0
11.9959183673469 0.0
12.0 0.0
12.0040816326531 0.0
12.0081632653061 0.0
12.0122448979592 0.0
12.0163265306122 0.0
12.0204081632653 0.0
12.0244897959184 0.0
12.0285714285714 0.122309
12.0326530612245 0.0
12.0367346938776 6.90478
12.0408163265306 5.96005
12.0448979591837 5.24312
12.0489795918367 13.2601
12.0530612244898 7.56195
12.0571428571429 10.0861
12.0612244897959 12.5922
12.065306122449 10.3114
12.069387755102 2.91049
12.0734693877551 7.0923
12.0775510204082 3.32868
12.0816326530612 0.0
12.0857142857143 0.0
12.0897959183673 0.0
12.0938775510204 0.0
12.0979591836735 0.0
12.1020408163265 0.282764
12.1061224489796 0.0
12.1102040816327 0.206947
12.1142857142857 0.0
12.1183673469388 0.0
12.1224489795918 0.0
12.1265306122449 0.0
12.130612244898 0.0
12.134693877551 0.0
12.1387755102041 0.0
12.1428571428571 0.0
12.1469387755102 0.0
12.1510204081633 0.259757
12.1551020408163 0.0
12.1591836734694 0.0
12.1632653061224 0.0
12.1673469387755 0.0
12.1714285714286 0.0
12.1755102040816 0.0
12.1795918367347 0.0
12.1836734693878 0.0
12.1877551020408 0.0
12.1918367346939 0.0
12.1959183673469 0.0
12.2 0.0
12.2040816326531 0.0497103
12.2081632653061 3.08096
12.2122448979592 6.44088
12.2163265306122 2.22921
12.2204081632653 2.46441
12.2244897959184 0.0
12.2285714285714 0.0
12.2326530612245 0.0
12.2367346938776 0.0
12.2408163265306 0.0
12.2448979591837 0.0
12.2489795918367 0.0
12.2530612244898 0.0
12.2571428571429 0.57371
12.2612244897959 0.969172
12.265306122449 1.15263
12.269387755102 2.70736
12.2734693877551 0.0
12.2775510204082 0.0
12.2816326530612 0.0
12.2857142857143 0.0
12.2897959183673 0.0
12.2938775510204 0.0
12.2979591836735 0.0
12.3020408163265 0.0
12.3061224489796 1.04964
12.3102040816327 0.0
12.3142857142857 0.892371
12.3183673469388 7.50682
12.3224489795918 7.90033
12.3265306122449 15.6541
12.330612244898 19.5103
12.334693877551 26.545
12.3387755102041 23.4635
12.3428571428571 25.8201
12.3469387755102 16.7181
12.3510204081633 13.1645
12.3551020408163 17.9237
12.3591836734694 5.24789
12.3632653061224 0.26571
12.3673469387755 0.702739
12.3714285714286 0.0
12.3755102040816 0.0
12.3795918367347 0.149459
12.3836734693878 0.0
12.3877551020408 0.0
12.3918367346939 0.0
12.3959183673469 0.0
12.4 0.0
12.4040816326531 0.0
12.4081632653061 0.0
12.4122448979592 0.0
12.4163265306122 0.0
12.4204081632653 0.0
12.4244897959184 0.0
12.4285714285714 0.347733
12.4326530612245 0.0
12.4367346938776 0.0
12.4408163265306 0.418782
12.4448979591837 0.253797
12.4489795918367 0.0
12.4530612244898 0.0
12.4571428571429 0.0
12.4612244897959 0.0
12.465306122449 0.0
12.469387755102 0.0
12.4734693877551 0.0
12.4775510204082 0.0
12.4816326530612 0.0
12.4857142857143 4.69327
12.4897959183673 0.0
12.4938775510204 5.86116
12.4979591836735 1.28531
12.5020408163265 0.947267
12.5061224489796 5.67415
12.5102040816327 2.1975
12.5142857142857 0.0
12.5183673469388 0.0
12.5224489795918 0.0
12.5265306122449 1.02929
12.530612244898 0.953078
12.534693877551 0.0
12.5387755102041 0.0
12.5428571428571 0.0
12.5469387755102 0.0
12.5510204081633 0.0
12.5551020408163 0.0
12.5591836734694 0.0
12.5632653061224 0.0
12.5673469387755 0.0
12.5714285714286 0.0
12.5755102040816 0.0
12.5795918367347 0.288248
12.5836734693878 0.0
12.5877551020408 0.0
12.5918367346939 0.0
12.5959183673469 0.0
12.6 0.0
12.6040816326531 0.0
12.6081632653061 0.0
12.6122448979592 0.0
12.6163265306122 0.0
12.6204081632653 0.0
12.6244897959184 0.0
12.6285714285714 0.0
12.6326530612245 0.0
12.6367346938776 0.0
12.6408163265306 0.0
12.6448979591837 0.0
12.6489795918367 0.0
12.6530612244898 0.0
12.6571428571429 0.0
12.6612244897959 2.81885
12.665306122449 5.81937
12.669387755102 6.45143
12.6734693877551 12.5377
12.6775510204082 21.3824
12.6816326530612 22.2773
12.6857142857143 16.6034
12.6897959183673 13.5845
12.6938775510204 7.55244
12.6979591836735 1.45668
12.7020408163265 0.0
12.7061224489796 0.0
12.7102040816327 0.0
12.7142857142857 0.0
12.7183673469388 0.0
12.7224489795918 0.0
12.7265306122449 0.0
12.730612244898 12.2829
12.734693877551 35.9184
12.7387755102041 36.9047
12.7428571428571 70.2302
12.7469387755102 81.7852
12.7510204081633 75.2745
12.7551020408163 77.3802
12.7591836734694 66.5632
12.7632653061224 47.1659
12.7673469387755 47.7973
12.7714285714286 34.8906
12.7755102040816 18.772
12.7795918367347 13.4905
12.7836734693878 16.1644
12.7877551020408 0.0
12.7918367346939 0.0437498
12.7959183673469 6.15996
12.8 0.522435
12.8040816326531 9.31984
12.8081632653061 19.7676
12.8122448979592 24.0376
12.8163265306122 32.0304
12.8204081632653 28.6026
12.8244897959184 22.3023
12.8285714285714 14.8683
12.8326530612245 9.41813
12.8367346938776 4.47404
12.8408163265306 0.0
12.8448979591837 0.0
12.8489795918367 0.0
12.8530612244898 0.0
12.8571428571429 0.0
12.8612244897959 0.0
12.865306122449 0.0
12.869387755102 0.437081
12.8734693877551 0.0
12.8775510204082 0.0
12.8816326530612 0.0
12.8857142857143 0.0
12.8897959183673 0.0
12.8938775510204 0.0
12.8979591836735 0.0
12.9020408163265 0.0
12.9061224489796 0.0
12.9102040816327 0.0
12.9142857142857 0.0
12.9183673469388 0.0
12.9224489795918 0.0
12.9265306122449 0.0
12.930612244898 0.0
12.934693877551 0.0
12.9387755102041 0.0
12.9428571428571 0.0
12.9469387755102 0.0
12.9510204081633 0.0
12.9551020408163 0.0
12.9591836734694 0.0417233
12.9632653061224 0.0
12.9673469387755 0.0
12.9714285714286 0.0
12.9755102040816 0.0
12.9795918367347 0.0
12.9836734693878 0.0
12.9877551020408 0.0
12.9918367346939 0.0
12.9959183673469 0.0
13.0 0.0
13.0040816326531 0.0
13.0081632653061 0.0
13.0122448979592 0.0
13.0163265306122 0.0
13.0204081632653 0.0
13.0244897959184 0.0
13.0285714285714 0.0
13.0326530612245 0.0
13.0367346938776 0.0
13.0408163265306 2.43963
13.0448979591837 2.72796
13.0489795918367 3.47175
13.0530612244898 4.54009
13.0571428571429 0.132859
13.0612244897959 3.63988
13.065306122449 9.02194
13.069387755102 1.14933
13.0734693877551 8.01215
13.0775510204082 7.94178
13.0816326530612 0.339203
13.0857142857143 0.0
13.0897959183673 0.0
13.0938775510204 4.14349
13.0979591836735 25.8111
13.1020408163265 55.2511
13.1061224489796 85.492
13.1102040816327 100.843
13.1142857142857 115.148
13.1183673469388 113.254
13.1224489795918 105.157
13.1265306122449 85.9663
13.130612244898 73.0619
13.134693877551 58.0485
13.1387755102041 39.6751
13.1428571428571 37.9484
13.1469387755102 18.5181
13.1510204081633 6.35815
13.1551020408163 0.0
13.1591836734694 0.0
13.1632653061224 0.0
13.1673469387755 0.0
13.1714285714286 0.0
13.1755102040816 0.0
13.1795918367347 0.0
13.1836734693878 0.0
13.1877551020408 0.0
13.1918367346939 0.0
13.1959183673469 0.0
13.2 0.0
13.2040816326531 0.0
13.2081632653061 0.0495911
13.2122448979592 3.80468
13.2163265306122 0.0
13.2204081632653 0.0
13.2244897959184 0.0
13.2285714285714 0.0
13.2326530612245 0.0
13.2367346938776 0.0
13.2408163265306 0.0
13.2448979591837 0.0
13.2489795918367 0.0
13.2530612244898 3.28261
13.2571428571429 6.76709
13.2612244897959 5.57822
13.265306122449 6.95872
13.269387755102 10.2962
13.2734693877551 5.5362
13.2775510204082 6.2415
13.2816326530612 4.72039
13.2857142857143 1.68622
13.2897959183673 0.998437
13.2938775510204 0.0
13.2979591836735 0.0
13.3020408163265 0.0
13.3061224489796 0.0
13.3102040816327 0.0
13.3142857142857 0.0
13.3183673469388 0.0
13.3224489795918 0.762165
13.3265306122449 1.24109
13.330612244898 0.0
13.334693877551 0.0
13.3387755102041 0.0
13.3428571428571 0.0
13.3469387755102 0.0
13.3510204081633 0.0
13.3551020408163 0.0
13.3591836734694 0.0
13.3632653061224 0.0
13.3673469387755 0.0
13.3714285714286 0.0
13.3755102040816 0.0
13.3795918367347 0.0
13.3836734693878 0.0
13.3877551020408 0.0
13.3918367346939 0.0
13.3959183673469 0.0
13.4 0.0
13.4040816326531 0.0
13.4081632653061 0.0
13.4122448979592 0.0
13.4163265306122 0.0
13.4204081632653 0.0
13.4244897959184 0.0
13.4285714285714 0.0
13.4326530612245 0.0
13.4367346938776 3.5077
13.4408163265306 18.4008
13.4448979591837 30.113
13.4489795918367 42.3305
13.4530612244898 55.9064
13.4571428571429 67.4586
13.4612244897959 71.6062
13.465306122449 69.6963
13.469387755102 62.8928
13.4734693877551 54.368
13.4775510204082 43.8147
13.4816326530612 38.1869
13.4857142857143 26.0057
13.4897959183673 16.9809
13.4938775510204 14.3054
13.4979591836735 7.33274
13.5020408163265 0.0
13.5061224489796 0.0
13.5102040816327 0.0
13.5142857142857 2.59823
13.5183673469388 3.25185
13.5224489795918 2.2983
13.5265306122449 1.82009
13.530612244898 0.515103
13.534693877551 0.0
13.5387755102041 0.0
13.5428571428571 0.0
13.5469387755102 0.0
13.5510204081633 0.0
13.5551020408163 0.0
13.5591836734694 0.0
13.5632653061224 0.0
13.5673469387755 0.0
13.5714285714286 0.0
13.5755102040816 0.0
13.5795918367347 0.0
13.5836734693878 0.0
13.5877551020408 0.0
13.5918367346939 0.0
13.5959183673469 0.0
13.6 0.0
13.6040816326531 0.0
13.6081632653061 0.0
13.6122448979592 0.0
13.6163265306122 0.0
13.6204081632653 0.0
13.6244897959184 0.0
13.6285714285714 0.0
13.6326530612245 0.0
13.6367346938776 0.0
13.6408163265306 0.0
13.6448979591837 0.0
13.6489795918367 0.0
13.6530612244898 0.0
13.6571428571429 0.0
13.6612244897959 0.0
13.665306122449 0.0
13.669387755102 0.0
13.6734693877551 0.0
13.6775510204082 0.0
13.6816326530612 0.0
13.6857142857143 0.0
13.6897959183673 0.0
13.6938775510204 0.0
13.6979591836735 0.0
13.7020408163265 0.0
13.7061224489796 0.0
13.7102040816327 0.0
13.7142857142857 0.0
13.7183673469388 0.0
13.7224489795918 0.0
13.7265306122449 0.0
13.730612244898 0.0
13.734693877551 0.0
13.7387755102041 0.0
13.7428571428571 0.0
13.7469387755102 0.0
13.7510204081633 0.0
13.7551020408163 0.0
13.7591836734694 0.0
13.7632653061224 0.0
13.7673469387755 23.4768
13.7714285714286 68.5385
13.7755102040816 77.4083
13.7795918367347 114.19
13.7836734693878 161.626
13.7877551020408 120.909
13.7918367346939 133.992
13.7959183673469 120.748
13.8 100.143
13.8040816326531 82.2453
13.8081632653061 68.7634
13.8122448979592 60.7173
13.8163265306122 44.5558
13.8204081632653 27.541
13.8244897959184 11.128
13.8285714285714 1.29873
13.8326530612245 0.0
13.8367346938776 0.0
13.8408163265306 0.0
13.8448979591837 0.0
13.8489795918367 0.0
13.8530612244898 0.0
13.8571428571429 0.0
13.8612244897959 0.0
13.865306122449 0.0
13.869387755102 7.55781
13.8734693877551 5.72592
13.8775510204082 3.27432
13.8816326530612 3.02172
13.8857142857143 0.732183
13.8897959183673 1.53661
13.8938775510204 0.0
13.8979591836735 0.0
13.9020408163265 0.0
13.9061224489796 0.0878572
13.9102040816327 0.211716
13.9142857142857 0.0
13.9183673469388 0.0
13.9224489795918 0.0
13.9265306122449 0.0
13.930612244898 0.0
13.934693877551 0.0
13.9387755102041 0.0
13.9428571428571 0.0
13.9469387755102 0.0
13.9510204081633 0.0
13.9551020408163 0.0
13.9591836734694 0.0
13.9632653061224 0.0
13.9673469387755 0.0
13.9714285714286 0.0
13.9755102040816 0.202
13.9795918367347 1.41275
13.9836734693878 0.0
13.9877551020408 1.39076
13.9918367346939 0.0
13.9959183673469 0.0
14.0 0.8187
14.0040816326531 1.30099
14.0081632653061 0.0
14.0122448979592 0.0
14.0163265306122 0.0
14.0204081632653 0.0
14.0244897959184 0.139356
14.0285714285714 0.0155568
14.0326530612245 0.268817
14.0367346938776 0.171363
14.0408163265306 0.0
14.0448979591837 0.0
14.0489795918367 0.0
14.0530612244898 1.43135
14.0571428571429 0.0
14.0612244897959 0.0
14.065306122449 0.0
14.069387755102 0.0
14.0734693877551 0.0
14.0775510204082 0.0
14.0816326530612 0.0
14.0857142857143 0.0
14.0897959183673 0.0
14.0938775510204 0.0
14.0979591836735 0.0
14.1020408163265 0.0
14.1061224489796 0.0
14.1102040816327 0.0
14.1142857142857 0.0
14.1183673469388 0.0
14.1224489795918 0.0
14.1265306122449 0.0
14.130612244898 0.0
14.134693877551 0.0
14.1387755102041 0.0
14.1428571428571 0.0
14.1469387755102 0.0
14.1510204081633 0.0
14.1551020408163 0.0
14.1591836734694 0.0
14.1632653061224 0.0
14.1673469387755 0.0
14.1714285714286 0.0
14.1755102040816 0.0
14.1795918367347 0.0
14.1836734693878 0.0
14.1877551020408 0.0
14.1918367346939 0.0
14.1959183673469 0.0
14.2 0.0
14.2040816326531 0.0
14.2081632653061 0.0
14.2122448979592 2.25469
14.2163265306122 0.0
14.2204081632653 0.0
14.2244897959184 0.0
14.2285714285714 0.0
14.2326530612245 0.0
14.2367346938776 0.0
14.2408163265306 0.0
14.2448979591837 0.0
14.2489795918367 0.0
14.2530612244898 0.0
14.2571428571429 0.0
14.2612244897959 0.0
14.265306122449 0.0
14.269387755102 0.0
14.2734693877551 0.0
14.2775510204082 0.0
14.2816326530612 0.0
14.2857142857143 0.0
14.2897959183673 0.0
14.2938775510204 0.0
14.2979591836735 0.0
14.3020408163265 0.0
14.3061224489796 0.0
14.3102040816327 5.18566
14.3142857142857 14.7651
14.3183673469388 26.543
14.3224489795918 42.8666
14.3265306122449 58.0344
14.330612244898 66.4644
14.334693877551 63.4966
14.3387755102041 60.3428
14.3428571428571 55.8996
14.3469387755102 46.0333
14.3510204081633 30.7871
14.3551020408163 19.6177
14.3591836734694 17.1533
14.3632653061224 7.46629
14.3673469387755 4.43137
14.3714285714286 1.39463
14.3755102040816 2.90889
14.3795918367347 0.748396
14.3836734693878 0.0
14.3877551020408 0.0
14.3918367346939 0.0
14.3959183673469 0.0
14.4 0.0
14.4040816326531 0.0
14.4081632653061 0.0
14.4122448979592 0.0
14.4163265306122 0.0
14.4204081632653 0.0
14.4244897959184 0.0
14.4285714285714 0.0
14.4326530612245 0.0
14.4367346938776 0.0
14.4408163265306 0.0
14.4448979591837 0.0
14.4489795918367 0.0
14.4530612244898 1.52394
14.4571428571429 0.0
14.4612244897959 0.0
14.465306122449 0.925064
14.469387755102 0.0
14.4734693877551 0.0
14.4775510204082 0.0
14.4816326530612 0.0
14.4857142857143 0.0
14.4897959183673 0.0
14.4938775510204 0.0
14.4979591836735 0.0
14.5020408163265 0.0
14.5061224489796 0.0
14.5102040816327 0.0
14.5142857142857 0.0
14.5183673469388 0.0
14.5224489795918 0.0
14.5265306122449 0.0
14.530612244898 2.34342
14.534693877551 0.0
14.5387755102041 0.0
14.5428571428571 0.0
14.5469387755102 0.0
14.5510204081633 0.0
14.5551020408163 0.0
14.5591836734694 0.0
14.5632653061224 0.0
14.5673469387755 0.0
14.5714285714286 0.0
14.5755102040816 0.0
14.5795918367347 0.0
14.5836734693878 0.0
