0.00408163265306122 3.26017
0.00816326530612245 0.0
0.0122448979591837 0.0
0.0163265306122449 0.0
0.0204081632653061 0.0
0.0244897959183673 0.0
0.0285714285714286 0.0
0.0326530612244898 0.0
0.036734693877551 0.0
0.0408163265306122 0.0
0.0448979591836735 0.0
0.0489795918367347 0.0
0.0530612244897959 0.0
0.0571428571428571 1.36864
0.0612244897959184 2.78366
0.0653061224489796 5.67663
0.0693877551020408 14.3828
0.073469387755102 22.7551
0.0775510204081633 25.5739
0.0816326530612245 35.6691
0.0857142857142857 53.4249
0.0897959183673469 67.0426
0.0938775510204082 74.7374
0.0979591836734694 83.0131
0.102040816326531 87.5936
0.106122448979592 86.0152
0.110204081632653 80.3776
0.114285714285714 76.0785
0.118367346938776 65.1603
0.122448979591837 58.8092
0.126530612244898 46.7773
0.130612244897959 33.62
0.13469387755102 20.5246
0.138775510204082 9.62222
0.142857142857143 6.48512
0.146938775510204 0.65311
0.151020408163265 0.0
0.155102040816327 0.0
0.159183673469388 0.0
0.163265306122449 0.0
0.16734693877551 0.0
0.171428571428571 0.0
0.175510204081633 0.0
0.179591836734694 0.0
0.183673469387755 0.0
0.187755102040816 0.0
0.191836734693878 0.0
0.195918367346939 0.0
0.2 0.0
0.204081632653061 0.0
0.208163265306122 0.0
0.212244897959184 0.0
0.216326530612245 0.0
0.220408163265306 0.0
0.224489795918367 0.0
0.228571428571429 0.0
0.23265306122449 0.555575
0.236734693877551 4.60875
0.240816326530612 12.2043
0.244897959183673 15.9764
0.248979591836735 24.6521
0.253061224489796 37.4951
0.257142857142857 43.2433
0.261224489795918 55.1474
0.26530612244898 73.9838
0.269387755102041 77.6349
0.273469387755102 73.0111
0.277551020408163 65.0688
0.281632653061224 56.95
0.285714285714286 40.055
0.289795918367347 23.4671
0.293877551020408 10.3964
0.297959183673469 3.7387
0.302040816326531 0.0
0.306122448979592 0.0
0.310204081632653 0.0
0.314285714285714 0.0
0.318367346938775 0.0
0.322448979591837 0.0
0.326530612244898 0.0
0.330612244897959 0.0
0.33469387755102 0.0
0.338775510204082 0.0
0.342857142857143 0.0
0.346938775510204 0.0
0.351020408163265 0.0
0.355102040816327 0.0
0.359183673469388 0.0
0.363265306122449 0.0
0.36734693877551 0.0
0.371428571428571 0.0
0.375510204081633 0.0
0.379591836734694 0.0
0.383673469387755 0.0
0.387755102040816 0.0
0.391836734693878 0.0
0.395918367346939 0.0
0.4 0.0
0.404081632653061 0.0
0.408163265306122 0.0
0.412244897959184 0.0
0.416326530612245 0.0
0.420408163265306 0.0
0.424489795918367 0.0
0.428571428571429 0.0
0.43265306122449 0.0
0.436734693877551 0.0
0.440816326530612 0.0
0.444897959183673 2.68927
0.448979591836735 11.7615
0.453061224489796 22.6412
0.457142857142857 19.9908
0.461224489795918 27.0151
0.46530612244898 37.023
0.469387755102041 33.4355
0.473469387755102 33.0085
0.477551020408163 31.6246
0.481632653061224 24.9554
0.485714285714286 37.2334
0.489795918367347 32.5874
0.493877551020408 20.6001
0.497959183673469 15.1043
0.502040816326531 7.76431
0.506122448979592 2.63676
0.510204081632653 0.0
0.514285714285714 0.0
0.518367346938776 0.0
0.522448979591837 0.0
0.526530612244898 0.0
0.530612244897959 0.0
0.53469387755102 0.0
0.538775510204082 0.0
0.542857142857143 0.0
0.546938775510204 0.0
0.551020408163265 0.0
0.555102040816327 0.0
0.559183673469388 0.0
0.563265306122449 0.0
0.56734693877551 0.0
0.571428571428571 0.0
0.575510204081633 0.0
0.579591836734694 0.0
0.583673469387755 0.0
0.587755102040816 0.0
0.591836734693878 0.0
0.595918367346939 0.0
0.6 0.0
0.604081632653061 0.0
0.608163265306122 5.73644
0.612244897959184 8.2587
0.616326530612245 59.3541
0.620408163265306 97.3151
0.624489795918367 137.449
0.628571428571429 157.637
0.63265306122449 152.234
0.636734693877551 138.85
0.640816326530612 126.993
0.644897959183673 112.137
0.648979591836735 104.02
0.653061224489796 77.1561
0.657142857142857 67.4269
0.661224489795918 53.402
0.66530612244898 49.6244
0.669387755102041 38.906
0.673469387755102 38.5919
0.677551020408163 28.2468
0.681632653061224 11.8184
0.685714285714286 4.15558
0.689795918367347 0.313848
0.693877551020408 0.0
0.697959183673469 0.0
0.702040816326531 0.0
0.706122448979592 0.0
0.710204081632653 0.0
0.714285714285714 0.0
0.718367346938775 0.0
0.722448979591837 0.0
0.726530612244898 0.0
0.730612244897959 0.0
0.73469387755102 0.0
0.738775510204082 0.0
0.742857142857143 0.0
0.746938775510204 0.0
0.751020408163265 0.0
0.755102040816326 0.0
0.759183673469388 0.0
0.763265306122449 0.0
0.76734693877551 0.0
0.771428571428571 0.0
0.775510204081633 0.0
0.779591836734694 0.0
0.783673469387755 0.0
0.787755102040816 0.0
0.791836734693877 0.0
0.795918367346939 0.0
0.8 0.0
0.804081632653061 0.0
0.808163265306122 0.0
0.812244897959184 0.0
0.816326530612245 0.0
0.820408163265306 0.0
0.824489795918367 2.23678
0.828571428571429 18.7324
0.83265306122449 40.3711
0.836734693877551 48.1398
0.840816326530612 59.5336
0.844897959183673 67.5499
0.848979591836735 63.112
0.853061224489796 51.8804
0.857142857142857 46.6951
0.861224489795918 36.8297
0.86530612244898 25.9747
0.869387755102041 20.9677
0.873469387755102 16.5583
0.877551020408163 5.9366
0.881632653061225 0.0
0.885714285714286 0.0
0.889795918367347 0.0
0.893877551020408 0.0
0.897959183673469 0.0
0.902040816326531 0.0
0.906122448979592 0.0
0.910204081632653 0.0
0.914285714285714 0.0
0.918367346938776 0.0
0.922448979591837 0.0
0.926530612244898 0.0
0.930612244897959 0.0
0.93469387755102 0.0
0.938775510204082 0.0
0.942857142857143 0.0
0.946938775510204 0.0
0.951020408163265 0.0
0.955102040816327 0.0
0.959183673469388 0.0
0.963265306122449 0.0
0.96734693877551 0.0
0.971428571428571 0.0
0.975510204081633 0.0
0.979591836734694 0.0
0.983673469387755 0.0
0.987755102040816 0.0
0.991836734693878 0.600696
0.995918367346939 1.86756
1.0 1.07732
1.00408163265306 3.31596
1.00816326530612 7.68456
1.01224489795918 25.4292
1.01632653061224 76.8576
1.02040816326531 76.2585
1.02448979591837 74.774
1.02857142857143 66.0164
1.03265306122449 61.3309
1.03673469387755 71.6
1.04081632653061 74.5187
1.04489795918367 72.5034
1.04897959183673 69.0018
1.0530612244898 56.1249
1.05714285714286 43.0642
1.06122448979592 29.6413
1.06530612244898 19.4722
1.06938775510204 12.0454
1.0734693877551 0.11766
1.07755102040816 0.0
1.08163265306122 0.0
1.08571428571429 0.0
1.08979591836735 0.0
1.09387755102041 0.0
1.09795918367347 0.0
1.10204081632653 0.0
1.10612244897959 0.0
1.11020408163265 0.0
1.11428571428571 0.0
1.11836734693878 0.0
1.12244897959184 0.0
1.1265306122449 0.0
1.13061224489796 0.0
1.13469387755102 0.0
1.13877551020408 0.0
1.14285714285714 0.0
1.1469387755102 0.0
1.15102040816327 0.0
1.15510204081633 0.0
1.15918367346939 0.0
1.16326530612245 0.0
1.16734693877551 0.0
1.17142857142857 0.0
1.17551020408163 0.0
1.17959183673469 0.0
1.18367346938776 0.0
1.18775510204082 0.0
1.19183673469388 0.0
1.19591836734694 0.0
1.2 0.0
1.20408163265306 2.22891
1.20816326530612 7.16901
1.21224489795918 10.1413
1.21632653061224 22.9154
1.22040816326531 18.8763
1.22448979591837 20.9581
1.22857142857143 27.7398
1.23265306122449 36.5638
1.23673469387755 35.971
1.24081632653061 25.3281
1.24489795918367 16.0736
1.24897959183673 8.5263
1.2530612244898 3.38358
1.25714285714286 0.0
1.26122448979592 0.0
1.26530612244898 0.0
1.26938775510204 0.0
1.2734693877551 0.0
1.27755102040816 0.0
1.28163265306122 0.0
1.28571428571429 0.0
1.28979591836735 0.0
1.29387755102041 0.0
1.29795918367347 0.0
1.30204081632653 0.0
1.30612244897959 0.0
1.31020408163265 0.0
1.31428571428571 0.0
1.31836734693878 0.0
1.32244897959184 0.0
1.3265306122449 0.0
1.33061224489796 0.0
1.33469387755102 0.0
1.33877551020408 0.0
1.34285714285714 0.0
1.3469387755102 0.0
1.35102040816327 1.24961
1.35510204081633 5.55688
1.35918367346939 5.21716
1.36326530612245 7.76914
1.36734693877551 16.9626
1.37142857142857 32.8234
1.37551020408163 78.3695
1.37959183673469 87.4893
1.38367346938776 112.588
1.38775510204082 111.046
1.39183673469388 119.648
1.39591836734694 113.568
1.4 101.436
1.40408163265306 87.0773
1.40816326530612 71.2515
1.41224489795918 52.521
1.41632653061225 42.2067
1.42040816326531 26.596
1.42448979591837 13.4381
1.42857142857143 4.79073
1.43265306122449 0.0
1.43673469387755 0.0
1.44081632653061 0.0
1.44489795918367 0.0
1.44897959183673 0.0
1.4530612244898 0.0
1.45714285714286 0.0
1.46122448979592 0.0
1.46530612244898 0.0
1.46938775510204 0.0
1.4734693877551 0.0
1.47755102040816 0.0
1.48163265306122 0.0
1.48571428571429 0.0
1.48979591836735 0.0
1.49387755102041 0.0
1.49795918367347 0.0
1.50204081632653 0.0
1.50612244897959 0.0
1.51020408163265 0.0
1.51428571428571 0.0
1.51836734693878 0.0
1.52244897959184 0.0
1.5265306122449 0.0
1.53061224489796 0.0
1.53469387755102 0.0
1.53877551020408 0.0
1.54285714285714 0.0
1.5469387755102 0.0
1.55102040816327 0.0
1.55510204081633 0.0
1.55918367346939 0.0
1.56326530612245 0.0
1.56734693877551 0.0
1.57142857142857 0.0
1.57551020408163 0.0
1.57959183673469 0.0
1.58367346938775 0.0
1.58775510204082 4.45959
1.59183673469388 3.43619
1.59591836734694 24.5868
1.6 38.1657
1.60408163265306 65.6602
1.60816326530612 66.3608
1.61224489795918 67.6492
1.61632653061224 67.0363
1.62040816326531 78.9902
1.62448979591837 83.2394
1.62857142857143 89.7162
1.63265306122449 76.7956
1.63673469387755 71.7737
1.64081632653061 54.8933
1.64489795918367 39.963
1.64897959183673 25.5291
1.6530612244898 12.2017
1.65714285714286 4.66466
1.66122448979592 1.8599
1.66530612244898 0.0
1.66938775510204 0.0
1.6734693877551 0.0
1.67755102040816 0.0
1.68163265306122 0.0
1.68571428571429 0.0
1.68979591836735 0.0
1.69387755102041 0.0
1.69795918367347 0.0
1.70204081632653 0.0
1.70612244897959 0.0
1.71020408163265 0.0
1.71428571428571 0.0
1.71836734693878 0.0
1.72244897959184 0.0
1.7265306122449 0.0
1.73061224489796 0.0
1.73469387755102 0.0
1.73877551020408 0.0
1.74285714285714 0.0
1.7469387755102 0.0
1.75102040816327 0.0
1.75510204081633 0.0
1.75918367346939 0.0
1.76326530612245 0.0
1.76734693877551 3.70175
1.77142857142857 29.0511
1.77551020408163 45.7288
1.77959183673469 59.518
1.78367346938776 73.7127
1.78775510204082 75.7659
1.79183673469388 74.0152
1.79591836734694 62.7789
1.8 52.4438
1.80408163265306 46.2333
1.80816326530612 37.7693
1.81224489795918 34.0597
1.81632653061224 20.3411
1.82040816326531 6.70573
1.82448979591837 0.0
1.82857142857143 0.0
1.83265306122449 0.0
1.83673469387755 0.0
1.84081632653061 0.0
1.84489795918367 0.0
1.84897959183673 0.0
1.8530612244898 0.0
1.85714285714286 0.0
1.86122448979592 0.0
1.86530612244898 0.0
1.86938775510204 0.0
1.8734693877551 0.0
1.87755102040816 0.0
1.88163265306122 0.0
1.88571428571429 0.0
1.88979591836735 0.0
1.89387755102041 0.0
1.89795918367347 0.0
1.90204081632653 0.0
1.90612244897959 0.0
1.91020408163265 0.0
1.91428571428571 0.0
1.91836734693878 0.0
1.92244897959184 0.0
1.9265306122449 0.0
1.93061224489796 0.0
1.93469387755102 0.0
1.93877551020408 0.0
1.94285714285714 0.0
1.9469387755102 0.0
1.95102040816327 0.0
1.95510204081633 1.92553
1.95918367346939 17.1998
1.96326530612245 27.902
1.96734693877551 47.977
1.97142857142857 76.007
1.97551020408163 94.0961
1.97959183673469 104.55
1.98367346938776 117.832
1.98775510204082 116.758
1.99183673469388 128.432
1.99591836734694 115.535
2.0 95.6124
2.00408163265306 82.7372
2.00816326530612 64.7792
2.01224489795918 41.2295
2.01632653061225 19.2899
2.02040816326531 2.4358
2.02448979591837 0.0
2.02857142857143 0.0
2.03265306122449 0.0
2.03673469387755 0.0
2.04081632653061 0.0
2.04489795918367 0.0
2.04897959183673 0.0
2.0530612244898 0.0
2.05714285714286 0.0
2.06122448979592 0.0
2.06530612244898 0.0
2.06938775510204 0.0
2.0734693877551 0.0
2.07755102040816 0.0
2.08163265306122 0.0
2.08571428571429 0.0
2.08979591836735 0.0
2.09387755102041 0.0
2.09795918367347 0.0
2.10204081632653 0.0
2.10612244897959 0.0
2.11020408163265 11.6466
2.11428571428571 16.945
2.11836734693878 31.1672
2.12244897959184 55.108
2.1265306122449 73.4491
2.13061224489796 105.001
2.13469387755102 139.252
2.13877551020408 172.804
2.14285714285714 160.902
2.1469387755102 143.918
2.15102040816327 122.692
2.15510204081633 123.51
2.15918367346939 104.468
2.16326530612245 81.807
2.16734693877551 60.4568
2.17142857142857 43.0399
2.17551020408163 25.6661
2.17959183673469 8.20611
2.18367346938776 2.32196
2.18775510204082 0.0
2.19183673469388 0.0
2.19591836734694 0.0
2.2 0.0
2.20408163265306 0.0
2.20816326530612 0.0
2.21224489795918 0.0
2.21632653061224 0.0
2.22040816326531 0.0
2.22448979591837 0.0
2.22857142857143 0.0
2.23265306122449 0.0
2.23673469387755 0.0
2.24081632653061 0.0
2.24489795918367 0.0
2.24897959183673 0.0
2.2530612244898 0.0
2.25714285714286 0.0
2.26122448979592 0.0
2.26530612244898 0.0
2.26938775510204 0.0
2.2734693877551 0.0
2.27755102040816 0.0
2.28163265306122 0.0
2.28571428571429 0.0
2.28979591836735 0.0406206
2.29387755102041 0.0
2.29795918367347 0.0
2.30204081632653 0.0
2.30612244897959 0.0
2.31020408163265 0.0
2.31428571428571 0.0
2.31836734693878 0.0
2.32244897959184 0.0
2.3265306122449 0.0
2.33061224489796 0.0
2.33469387755102 0.0
2.33877551020408 0.0
2.34285714285714 0.0
2.3469387755102 0.0
2.35102040816327 0.0
2.35510204081633 0.0
2.35918367346939 0.0
2.36326530612245 0.0
2.36734693877551 0.0
2.37142857142857 0.0
2.37551020408163 0.0
2.37959183673469 0.0
2.38367346938776 9.0866
2.38775510204082 8.61312
2.39183673469388 10.2214
2.39591836734694 21.7921
2.4 39.9917
2.40408163265306 53.5437
2.40816326530612 48.3078
2.41224489795918 35.2399
2.41632653061225 21.6175
2.42040816326531 13.3464
2.42448979591837 1.37866
2.42857142857143 0.0
2.43265306122449 0.0
2.43673469387755 0.0
2.44081632653061 0.0
2.44489795918367 0.0
2.44897959183673 0.0
2.4530612244898 0.0
2.45714285714286 0.0
2.46122448979592 0.0
2.46530612244898 0.0
2.46938775510204 2.72214
2.4734693877551 14.038
2.47755102040816 12.8245
2.48163265306122 15.1522
2.48571428571429 22.4851
2.48979591836735 38.2228
2.49387755102041 42.5957
2.49795918367347 51.5717
2.50204081632653 46.6192
2.50612244897959 55.3918
2.51020408163265 46.9053
2.51428571428571 38.8501
2.51836734693878 33.0248
2.52244897959184 29.4201
2.5265306122449 36.8284
2.53061224489796 29.0311
2.53469387755102 31.7708
2.53877551020408 58.2066
2.54285714285714 97.1368
2.5469387755102 110.501
2.55102040816327 108.871
2.55510204081633 117.126
2.55918367346939 115.841
2.56326530612245 97.2033
2.56734693877551 81.021
2.57142857142857 77.079
2.57551020408163 65.7876
2.57959183673469 49.2865
2.58367346938775 36.1798
2.58775510204082 28.6464
2.59183673469388 11.8141
2.59591836734694 0.874281
2.6 0.0
2.60408163265306 0.0
2.60816326530612 0.0
2.61224489795918 0.0
2.61632653061224 0.0
2.62040816326531 0.0
2.62448979591837 0.0
2.62857142857143 0.0
2.63265306122449 0.0
2.63673469387755 0.0
2.64081632653061 0.0
2.64489795918367 0.0
2.64897959183673 0.0
2.6530612244898 0.0
2.65714285714286 0.0
2.66122448979592 0.0
2.66530612244898 0.0
2.66938775510204 0.0
2.6734693877551 0.0
2.67755102040816 0.0
2.68163265306122 0.0
2.68571428571429 0.0
2.68979591836735 0.0
2.69387755102041 0.0
2.69795918367347 0.0
2.70204081632653 0.0
2.70612244897959 0.0
2.71020408163265 0.0
2.71428571428571 0.0
2.71836734693878 0.0
2.72244897959184 0.0
2.7265306122449 0.0
2.73061224489796 0.0
2.73469387755102 0.0
2.73877551020408 0.0
2.74285714285714 0.0
2.7469387755102 0.0
2.75102040816327 0.0
2.75510204081633 6.12926
2.75918367346939 8.46064
2.76326530612245 22.5956
2.76734693877551 16.773
2.77142857142857 10.7691
2.77551020408163 8.60333
2.77959183673469 4.31979
2.78367346938776 0.0
2.78775510204082 0.0
2.79183673469388 0.0
2.79591836734694 0.0
2.8 0.0
2.80408163265306 0.0
2.80816326530612 0.0
2.81224489795918 0.0
2.81632653061224 0.0
2.82040816326531 0.0
2.82448979591837 0.0
2.82857142857143 0.0
2.83265306122449 0.0
2.83673469387755 0.0
2.84081632653061 0.0
2.84489795918367 0.0
2.84897959183673 0.0
2.8530612244898 0.0
2.85714285714286 0.0
2.86122448979592 0.0
2.86530612244898 0.0
2.86938775510204 0.0
2.8734693877551 0.0
2.87755102040816 8.26567
2.88163265306122 49.3947
2.88571428571429 107.205
2.88979591836735 124.198
2.89387755102041 151.89
2.89795918367347 146.932
2.90204081632653 137.422
2.90612244897959 136.214
2.91020408163265 119.913
2.91428571428571 102.663
2.91836734693878 95.1699
2.92244897959184 79.8812
2.9265306122449 61.0436
2.93061224489796 51.9255
2.93469387755102 46.1147
2.93877551020408 33.4135
2.94285714285714 23.3793
2.9469387755102 13.7177
2.95102040816327 0.543952
2.95510204081633 0.0
2.95918367346939 0.0
2.96326530612245 0.0
2.96734693877551 0.0
2.97142857142857 0.0
2.97551020408163 0.0
2.97959183673469 0.0
2.98367346938775 0.0
2.98775510204082 0.0
2.99183673469388 0.0
2.99591836734694 0.0
3.0 0.0
3.00408163265306 0.0
3.00816326530612 0.0
3.01224489795918 0.0
3.01632653061225 0.0
3.02040816326531 0.0
3.02448979591837 0.0
3.02857142857143 0.0
3.03265306122449 0.0
3.03673469387755 5.15209
3.04081632653061 5.64688
3.04489795918367 0.0104904
3.04897959183673 0.036478
3.0530612244898 0.0
3.05714285714286 0.0
3.06122448979592 0.0
3.06530612244898 0.0
3.06938775510204 0.0
3.0734693877551 0.0
3.07755102040816 0.0
3.08163265306122 0.0
3.08571428571429 0.0
3.08979591836735 0.0
3.09387755102041 0.0
3.09795918367347 0.0
3.10204081632653 0.0
3.10612244897959 0.0
3.11020408163265 0.0
3.11428571428571 0.0
3.11836734693878 0.0
3.12244897959184 15.5207
3.1265306122449 40.731
3.13061224489796 76.4595
3.13469387755102 84.4919
3.13877551020408 79.0124
3.14285714285714 64.4882
3.1469387755102 43.7363
3.15102040816327 27.3234
3.15510204081633 19.5479
3.15918367346939 13.6327
3.16326530612245 11.9568
3.16734693877551 3.12638
3.17142857142857 0.0
3.17551020408163 0.0
3.17959183673469 0.0
3.18367346938776 0.0
3.18775510204082 0.0
3.19183673469388 0.0
3.19591836734694 0.0
3.2 0.0
3.20408163265306 0.0
3.20816326530612 0.0
3.21224489795918 0.0
3.21632653061224 0.0
3.22040816326531 0.0
3.22448979591837 0.0
3.22857142857143 0.0
3.23265306122449 0.0
3.23673469387755 0.0
3.24081632653061 0.0
3.24489795918367 0.0
3.24897959183673 0.0
3.2530612244898 0.0
3.25714285714286 0.0
3.26122448979592 1.91253
3.26530612244898 16.4748
3.26938775510204 23.9765
3.2734693877551 38.8045
3.27755102040816 59.4942
3.28163265306122 91.5774
3.28571428571429 121.533
3.28979591836735 143.414
3.29387755102041 146.328
3.29795918367347 140.706
3.30204081632653 130.848
3.30612244897959 117.084
3.31020408163265 97.1365
3.31428571428571 83.2003
3.31836734693878 69.7935
3.32244897959184 51.23
3.3265306122449 33.703
3.33061224489796 18.4031
3.33469387755102 2.16293
3.33877551020408 0.0
3.34285714285714 0.0
3.3469387755102 0.0
3.35102040816327 0.0
3.35510204081633 0.0
3.35918367346939 0.0
3.36326530612245 0.0
3.36734693877551 0.0
3.37142857142857 0.0
3.37551020408163 0.0
3.37959183673469 0.0
3.38367346938776 0.0
3.38775510204082 0.0
3.39183673469388 0.0
3.39591836734694 0.0
3.4 0.0
3.40408163265306 0.0
3.40816326530612 0.0
3.41224489795918 0.0
3.41632653061225 0.0
3.42040816326531 0.0
3.42448979591837 0.0
3.42857142857143 0.0
3.43265306122449 0.0
3.43673469387755 0.0
3.44081632653061 0.0
3.44489795918367 0.0
3.44897959183673 0.0
3.4530612244898 0.0
3.45714285714286 0.0
3.46122448979592 0.0
3.46530612244898 0.0
3.46938775510204 0.0
3.4734693877551 0.0
3.47755102040816 0.0
3.48163265306122 0.0
3.48571428571429 0.0
3.48979591836735 0.0
3.49387755102041 0.0
3.49795918367347 0.0
3.50204081632653 0.0
3.50612244897959 0.0
3.51020408163265 0.0
3.51428571428571 0.0
3.51836734693878 0.0
3.52244897959184 3.68661
3.5265306122449 4.63158
3.53061224489796 0.0
3.53469387755102 0.0
3.53877551020408 0.0
3.54285714285714 0.0
3.5469387755102 0.0
3.55102040816327 0.0
3.55510204081633 0.0
3.55918367346939 0.0
3.56326530612245 0.0
3.56734693877551 0.0
3.57142857142857 0.0
3.57551020408163 0.0
3.57959183673469 0.0
3.58367346938775 0.0
3.58775510204082 0.0
3.59183673469388 0.0
3.59591836734694 0.0
3.6 0.0
3.60408163265306 0.0
3.60816326530612 0.0
3.61224489795918 0.0
3.61632653061224 0.0
3.62040816326531 0.0
3.62448979591837 0.0
3.62857142857143 0.0
3.63265306122449 0.0
3.63673469387755 0.0
3.64081632653061 0.0
3.64489795918367 0.621766
3.64897959183673 7.54074
3.6530612244898 24.5025
3.65714285714286 65.2535
3.66122448979592 101.375
3.66530612244898 124.876
3.66938775510204 140.565
3.6734693877551 144.503
3.67755102040816 149.622
3.68163265306122 142.845
3.68571428571429 140.44
3.68979591836735 127.644
3.69387755102041 111.573
3.69795918367347 93.9905
3.70204081632653 78.3434
3.70612244897959 58.3502
3.71020408163265 40.9982
3.71428571428571 25.8914
3.71836734693878 16.8188
3.72244897959184 2.91961
3.7265306122449 0.0
3.73061224489796 0.0
3.73469387755102 0.0
3.73877551020408 0.0
3.74285714285714 0.0
3.7469387755102 0.0
3.75102040816327 0.0
3.75510204081633 0.0
3.75918367346939 0.0
3.76326530612245 0.0
3.76734693877551 0.0
3.77142857142857 0.0
3.77551020408163 0.0
3.77959183673469 0.0
3.78367346938776 0.0
3.78775510204082 0.0
3.79183673469388 0.0
3.79591836734694 0.0
3.8 0.0
3.80408163265306 0.0
3.80816326530612 0.0
3.81224489795918 0.0
3.81632653061224 0.0
3.82040816326531 0.0
3.82448979591837 0.0
3.82857142857143 0.0
3.83265306122449 0.0
3.83673469387755 0.0
3.84081632653061 0.0
3.84489795918367 0.0
3.84897959183673 0.0
3.8530612244898 0.0
3.85714285714286 0.0
3.86122448979592 0.0
3.86530612244898 1.77798
3.86938775510204 17.9636
3.8734693877551 17.8177
3.87755102040816 28.0423
3.88163265306122 31.5358
3.88571428571429 32.3624
3.88979591836735 37.2906
3.89387755102041 37.0142
3.89795918367347 35.0405
3.90204081632653 30.234
3.90612244897959 26.9821
3.91020408163265 32.1707
3.91428571428571 27.3285
3.91836734693878 13.8047
3.92244897959184 0.396818
3.9265306122449 0.0
3.93061224489796 0.0
3.93469387755102 0.0
3.93877551020408 0.0
3.94285714285714 0.0
3.9469387755102 0.0
3.95102040816327 0.0
3.95510204081633 0.0
3.95918367346939 0.0
3.96326530612245 0.0
3.96734693877551 0.0
3.97142857142857 0.0
3.97551020408163 0.0
3.97959183673469 0.0
3.98367346938775 0.0
3.98775510204082 0.0
3.99183673469388 0.0
3.99591836734694 0.0
4.0 0.0
4.00408163265306 0.592291
4.00816326530612 0.466868
4.01224489795918 0.0
4.01632653061225 0.0
4.02040816326531 0.0
4.02448979591837 6.98784
4.02857142857143 19.3219
4.03265306122449 45.8439
4.03673469387755 87.2068
4.04081632653061 131.642
4.04489795918367 175.899
4.04897959183673 177.94
4.0530612244898 173.163
4.05714285714286 161.04
4.06122448979592 147.337
4.06530612244898 125.24
4.06938775510204 104.246
4.0734693877551 88.5503
4.07755102040816 72.9781
4.08163265306122 55.1617
4.08571428571429 35.1371
4.08979591836735 13.0948
4.09387755102041 1.54507
4.09795918367347 0.0
4.10204081632653 0.0
4.10612244897959 0.0
4.11020408163265 0.0
4.11428571428571 0.0
4.11836734693878 0.0
4.12244897959184 0.0
4.1265306122449 0.0
4.13061224489796 0.0
4.13469387755102 0.0
4.13877551020408 0.0
4.14285714285714 0.0
4.1469387755102 0.0
4.15102040816326 0.0
4.15510204081633 0.0
4.15918367346939 0.0
4.16326530612245 0.0
4.16734693877551 0.0
4.17142857142857 0.0
4.17551020408163 0.0
4.17959183673469 0.0
4.18367346938776 0.0
4.18775510204082 0.0
4.19183673469388 0.0
4.19591836734694 0.0
4.2 0.0
4.20408163265306 0.0
4.20816326530612 0.0
4.21224489795918 0.0
4.21632653061225 0.0
4.22040816326531 0.0
4.22448979591837 0.0
4.22857142857143 0.0
4.23265306122449 0.0
4.23673469387755 0.0
4.24081632653061 0.0
4.24489795918367 1.91167
4.24897959183673 3.01838
4.2530612244898 6.49774
4.25714285714286 12.3832
4.26122448979592 22.1942
4.26530612244898 19.37
4.26938775510204 21.3448
4.2734693877551 30.4998
4.27755102040816 25.9059
4.28163265306122 23.7202
4.28571428571429 19.3022
4.28979591836735 10.6816
4.29387755102041 13.1858
4.29795918367347 10.4241
4.30204081632653 12.4268
4.30612244897959 1.7426
4.31020408163265 0.0
4.31428571428571 0.0
4.31836734693878 0.0
4.32244897959184 0.0
4.3265306122449 0.0
4.33061224489796 0.0
4.33469387755102 0.0
4.33877551020408 0.0
4.34285714285714 0.0
4.3469387755102 0.0
4.35102040816327 0.0
4.35510204081633 0.0
4.35918367346939 0.0
4.36326530612245 0.0
4.36734693877551 0.0
4.37142857142857 0.0
4.37551020408163 0.0
4.37959183673469 0.0
4.38367346938776 0.0
4.38775510204082 0.0
4.39183673469388 0.0
4.39591836734694 0.0
4.4 0.0
4.40408163265306 0.0
4.40816326530612 0.0
4.41224489795918 21.174
4.41632653061224 0.0
4.42040816326531 48.0822
4.42448979591837 64.621
4.42857142857143 102.657
4.43265306122449 137.829
4.43673469387755 148.997
4.44081632653061 153.208
4.44489795918367 135.32
4.44897959183673 114.736
4.4530612244898 97.3323
4.45714285714286 77.4394
4.46122448979592 57.0804
4.46530612244898 40.1485
4.46938775510204 20.1247
4.4734693877551 4.85694
4.47755102040816 0.0
4.48163265306122 0.0
4.48571428571429 0.0
4.48979591836735 0.0
4.49387755102041 0.0
4.49795918367347 0.0
4.50204081632653 0.0
4.50612244897959 0.0
4.51020408163265 0.0
4.51428571428571 0.0
4.51836734693878 0.0
4.52244897959184 0.0
4.5265306122449 0.0
4.53061224489796 0.0
4.53469387755102 0.0
4.53877551020408 0.0
4.54285714285714 0.0
4.5469387755102 0.0
4.55102040816327 0.0
4.55510204081633 0.0
4.55918367346939 0.0
4.56326530612245 0.0
4.56734693877551 0.0
4.57142857142857 0.0
4.57551020408163 0.0
4.57959183673469 0.0
4.58367346938776 0.0
4.58775510204082 0.0
4.59183673469388 0.0
4.59591836734694 0.0
4.6 0.0
4.60408163265306 0.0
4.60816326530612 0.0
4.61224489795918 0.0
4.61632653061224 0.0
4.62040816326531 2.83914
4.62448979591837 8.05469
4.62857142857143 17.1851
4.63265306122449 43.3909
4.63673469387755 53.9136
4.64081632653061 70.1902
4.64489795918367 83.5118
4.64897959183673 84.2624
4.6530612244898 76.6776
4.65714285714286 70.5811
4.66122448979592 64.6039
4.66530612244898 57.4608
4.66938775510204 44.3912
4.6734693877551 33.3583
4.67755102040816 24.1264
4.68163265306122 11.8005
4.68571428571429 1.64962
4.68979591836735 0.0
4.69387755102041 0.0
4.69795918367347 0.0
4.70204081632653 0.0
4.70612244897959 0.0
4.71020408163265 0.0
4.71428571428571 0.0
4.71836734693878 0.0
4.72244897959184 0.0
4.7265306122449 0.0
4.73061224489796 0.0
4.73469387755102 0.0
4.73877551020408 0.0
4.74285714285714 0.0
4.7469387755102 0.0
4.75102040816327 0.0
4.75510204081633 0.0
4.75918367346939 0.0
4.76326530612245 0.0
4.76734693877551 0.0
4.77142857142857 0.0
4.77551020408163 4.91118
4.77959183673469 20.0038
4.78367346938775 61.6841
4.78775510204082 71.7164
4.79183673469388 76.6323
4.79591836734694 118.57
4.8 115.807
4.80408163265306 123.213
4.80816326530612 116.851
4.81224489795918 112.892
4.81632653061224 102.594
4.82040816326531 93.7856
4.82448979591837 79.4268
4.82857142857143 64.0864
4.83265306122449 47.8212
4.83673469387755 28.0556
4.84081632653061 13.2725
4.84489795918367 1.24836
4.84897959183674 0.0
4.8530612244898 0.0
4.85714285714286 0.0
4.86122448979592 0.0
4.86530612244898 0.0
4.86938775510204 0.0
4.8734693877551 0.0
4.87755102040816 0.0
4.88163265306122 0.0
4.88571428571429 0.0
4.88979591836735 0.0
4.89387755102041 0.0
4.89795918367347 0.0
4.90204081632653 0.0
4.90612244897959 0.0
4.91020408163265 0.0
4.91428571428571 0.0
4.91836734693878 0.0
4.92244897959184 0.0
4.9265306122449 0.0
4.93061224489796 0.0
4.93469387755102 0.0
4.93877551020408 0.0
4.94285714285714 0.0
4.9469387755102 0.0
4.95102040816327 0.0
4.95510204081633 0.0
4.95918367346939 0.0
4.96326530612245 0.0
4.96734693877551 0.0
4.97142857142857 0.0
4.97551020408163 0.0
4.97959183673469 0.0
4.98367346938775 0.0
4.98775510204082 0.0
4.99183673469388 0.0
4.99591836734694 0.0
5.0 0.0
5.00408163265306 2.49004
5.00816326530612 6.53267
5.01224489795918 19.5252
5.01632653061225 46.8956
5.02040816326531 64.7534
5.02448979591837 75.771
5.02857142857143 78.37
5.03265306122449 79.5192
5.03673469387755 71.515
5.04081632653061 60.9345
5.04489795918367 59.5075
5.04897959183673 51.0628
5.0530612244898 52.0669
5.05714285714286 43.8983
5.06122448979592 31.6394
5.06530612244898 13.8237
5.06938775510204 4.88913
5.0734693877551 0.0
5.07755102040816 0.0
5.08163265306122 0.0
5.08571428571429 0.0
5.08979591836735 0.0
5.09387755102041 0.0
5.09795918367347 0.0
5.10204081632653 0.0
5.10612244897959 0.0
5.11020408163265 0.0
5.11428571428571 0.0
5.11836734693878 0.0
5.12244897959184 0.0
5.1265306122449 0.0
5.13061224489796 0.0
5.13469387755102 0.0
5.13877551020408 0.0
5.14285714285714 0.0
5.1469387755102 0.0
5.15102040816326 0.760227
5.15510204081633 0.0
5.15918367346939 5.78666
5.16326530612245 0.0
5.16734693877551 2.36368
5.17142857142857 9.16916
5.17551020408163 22.4222
5.17959183673469 50.9409
5.18367346938776 80.3707
5.18775510204082 115.369
5.19183673469388 137.0
5.19591836734694 138.149
5.2 123.556
5.20408163265306 104.538
5.20816326530612 86.1679
5.21224489795918 70.0595
5.21632653061225 56.5646
5.22040816326531 44.4173
5.22448979591837 31.7007
5.22857142857143 22.6505
5.23265306122449 10.1359
5.23673469387755 0.865221
5.24081632653061 0.0
5.24489795918367 0.0
5.24897959183673 0.0
5.2530612244898 0.0
5.25714285714286 0.0
5.26122448979592 0.0
5.26530612244898 0.0
5.26938775510204 0.0
5.2734693877551 0.0
5.27755102040816 0.0
5.28163265306122 0.0
5.28571428571429 0.0
5.28979591836735 0.0
5.29387755102041 0.0
5.29795918367347 0.0
5.30204081632653 0.0
5.30612244897959 0.0
5.31020408163265 0.0
5.31428571428571 0.0
5.31836734693878 0.0
5.32244897959184 0.0
5.3265306122449 0.0
5.33061224489796 0.0
5.33469387755102 0.0
5.33877551020408 0.0
5.34285714285714 0.0
5.3469387755102 0.0
5.35102040816327 0.0
5.35510204081633 0.0
5.35918367346939 0.0
5.36326530612245 0.0
5.36734693877551 0.0
5.37142857142857 0.0
5.37551020408163 0.0
5.37959183673469 0.0
5.38367346938776 0.0
5.38775510204082 0.0
5.39183673469388 0.0
5.39591836734694 7.32411
5.4 21.8496
5.40408163265306 35.2095
5.40816326530612 53.6206
5.41224489795918 46.1735
5.41632653061224 59.6933
5.42040816326531 71.8297
5.42448979591837 95.7905
5.42857142857143 96.757
5.43265306122449 84.4725
5.43673469387755 68.272
5.44081632653061 51.3689
5.44489795918367 39.455
5.44897959183673 24.0206
5.4530612244898 6.73938
5.45714285714286 0.0
5.46122448979592 0.0
5.46530612244898 0.0
5.46938775510204 0.0
5.4734693877551 0.0
5.47755102040816 0.0
5.48163265306122 0.0
5.48571428571429 0.0
5.48979591836735 0.0
5.49387755102041 0.0
5.49795918367347 0.0
5.50204081632653 0.0
5.50612244897959 0.0
5.51020408163265 0.0
5.51428571428571 0.0
5.51836734693878 0.0
5.52244897959184 0.0
5.5265306122449 0.0
5.53061224489796 0.0
5.53469387755102 6.02064
5.53877551020408 7.2042
5.54285714285714 8.89725
5.5469387755102 14.5338
5.55102040816327 19.3361
5.55510204081633 24.2522
5.55918367346939 24.1365
5.56326530612245 20.6323
5.56734693877551 35.4771
5.57142857142857 60.303
5.57551020408163 92.7371
5.57959183673469 98.4629
5.58367346938776 103.737
5.58775510204082 113.45
5.59183673469388 100.252
5.59591836734694 103.906
5.6 90.8443
5.60408163265306 76.8391
5.60816326530612 68.1699
5.61224489795918 50.6065
5.61632653061224 28.4889
5.62040816326531 12.5084
5.62448979591837 0.0
5.62857142857143 0.0
5.63265306122449 0.0
5.63673469387755 0.0
5.64081632653061 0.0
5.64489795918367 0.0
5.64897959183673 0.0
5.6530612244898 0.0
5.65714285714286 0.0
5.66122448979592 0.0
5.66530612244898 0.0
5.66938775510204 0.0
5.6734693877551 0.0
5.67755102040816 0.0
5.68163265306122 0.0
5.68571428571429 0.0
5.68979591836735 0.0
5.69387755102041 0.0
5.69795918367347 0.0
5.70204081632653 0.0
5.70612244897959 0.0
5.71020408163265 0.0
5.71428571428571 0.0
5.71836734693878 0.0
5.72244897959184 0.0
5.7265306122449 0.0
5.73061224489796 0.0
5.73469387755102 0.0
5.73877551020408 0.0
5.74285714285714 0.0
5.7469387755102 0.0
5.75102040816327 0.0
5.75510204081633 0.0
5.75918367346939 0.0
5.76326530612245 0.0
5.76734693877551 0.0
5.77142857142857 1.05065
5.77551020408163 9.16198
5.77959183673469 28.6369
5.78367346938775 43.147
5.78775510204082 64.5954
5.79183673469388 77.9808
5.79591836734694 89.6002
5.8 76.8268
5.80408163265306 67.6941
5.80816326530612 51.6473
5.81224489795918 32.459
5.81632653061224 18.6665
5.82040816326531 12.8206
5.82448979591837 8.85375
5.82857142857143 2.39372
5.83265306122449 0.0
5.83673469387755 0.0
5.84081632653061 0.0
5.84489795918367 0.0
5.84897959183674 0.0
5.8530612244898 0.0
5.85714285714286 0.0
5.86122448979592 0.0
5.86530612244898 0.0
5.86938775510204 0.0
5.8734693877551 0.0
5.87755102040816 0.0
5.88163265306122 0.0
5.88571428571429 0.0
5.88979591836735 0.0
5.89387755102041 0.0
5.89795918367347 0.0
5.90204081632653 0.0
5.90612244897959 0.0
5.91020408163265 7.91675
5.91428571428571 9.45485
5.91836734693878 11.4492
5.92244897959184 44.3907
5.9265306122449 56.3708
5.93061224489796 62.2181
5.93469387755102 64.8375
5.93877551020408 63.2781
5.94285714285714 65.7389
5.9469387755102 69.8212
5.95102040816327 92.0988
5.95510204081633 93.7288
5.95918367346939 100.868
5.96326530612245 101.763
5.96734693877551 107.466
5.97142857142857 106.616
5.97551020408163 99.928
5.97959183673469 78.9734
5.98367346938775 55.4179
5.98775510204082 34.9675
5.99183673469388 22.9634
5.99591836734694 7.76583
6.0 0.0
6.00408163265306 0.0
6.00816326530612 0.0
6.01224489795918 0.0
6.01632653061225 0.0
6.02040816326531 0.0
6.02448979591837 0.0
6.02857142857143 0.0
6.03265306122449 0.0
6.03673469387755 0.0
6.04081632653061 0.0
6.04489795918367 0.0
6.04897959183673 0.0
6.0530612244898 0.0
6.05714285714286 0.0
6.06122448979592 0.0
6.06530612244898 0.0
6.06938775510204 0.0
6.0734693877551 0.0
6.07755102040816 0.0
6.08163265306122 0.0
6.08571428571429 0.0
6.08979591836735 0.0
6.09387755102041 0.0
6.09795918367347 0.0
6.10204081632653 0.0
6.10612244897959 0.0
6.11020408163265 0.0
6.11428571428571 0.0
6.11836734693878 0.0
6.12244897959184 0.0
6.1265306122449 0.0
6.13061224489796 0.0
6.13469387755102 0.0
6.13877551020408 0.0
6.14285714285714 0.0
6.1469387755102 9.2032
6.15102040816326 22.3406
6.15510204081633 36.6665
6.15918367346939 50.6923
6.16326530612245 67.3386
6.16734693877551 70.2344
6.17142857142857 64.1272
6.17551020408163 59.06
6.17959183673469 51.7067
6.18367346938776 39.8382
6.18775510204082 21.1116
6.19183673469388 13.1085
6.19591836734694 11.2678
6.2 2.61962
6.20408163265306 0.0
6.20816326530612 0.0
6.21224489795918 0.0
6.21632653061225 0.0
6.22040816326531 0.0
6.22448979591837 0.0
6.22857142857143 0.0
6.23265306122449 0.0
6.23673469387755 0.0
6.24081632653061 0.0
6.24489795918367 0.0
6.24897959183673 0.0
6.2530612244898 0.0
6.25714285714286 0.0
6.26122448979592 0.0
6.26530612244898 0.0
6.26938775510204 0.0
6.2734693877551 0.0
6.27755102040816 0.0
6.28163265306122 0.0
6.28571428571429 2.21635
6.28979591836735 0.245735
6.29387755102041 0.0
6.29795918367347 2.50822
6.30204081632653 16.3177
6.30612244897959 46.5608
6.31020408163265 55.8664
6.31428571428571 64.9986
6.31836734693878 74.1608
6.32244897959184 89.3212
6.3265306122449 88.1074
6.33061224489796 86.5589
6.33469387755102 91.5151
6.33877551020408 99.3254
6.34285714285714 98.362
6.3469387755102 90.5905
6.35102040816327 72.7477
6.35510204081633 59.1061
6.35918367346939 46.3083
6.36326530612245 32.6646
6.36734693877551 19.9142
6.37142857142857 6.68402
6.37551020408163 0.0
6.37959183673469 0.0
6.38367346938776 0.0
6.38775510204082 0.0
6.39183673469388 0.0
6.39591836734694 0.0
6.4 0.0
6.40408163265306 0.0
6.40816326530612 0.0
6.41224489795918 0.0
6.41632653061224 0.0
6.42040816326531 0.0
6.42448979591837 0.0
6.42857142857143 0.0
6.43265306122449 0.0
6.43673469387755 0.0
6.44081632653061 0.0
6.44489795918367 0.0
6.44897959183673 0.0
6.4530612244898 0.0
6.45714285714286 0.0
6.46122448979592 0.0
6.46530612244898 0.0
6.46938775510204 0.0
6.4734693877551 0.0
6.47755102040816 0.0
6.48163265306122 0.0
6.48571428571429 0.0
6.48979591836735 0.0
6.49387755102041 0.0
6.49795918367347 0.0
6.50204081632653 0.0
6.50612244897959 0.0
6.51020408163265 0.0
6.51428571428571 0.0
6.51836734693878 0.0
6.52244897959184 0.0
6.5265306122449 0.317127
6.53061224489796 3.64679
6.53469387755102 0.986129
6.53877551020408 18.3715
6.54285714285714 34.7115
6.5469387755102 49.5252
6.55102040816327 52.3205
6.55510204081633 50.2535
6.55918367346939 52.7503
6.56326530612245 51.8373
6.56734693877551 45.9629
6.57142857142857 39.0468
6.57551020408163 30.7323
6.57959183673469 21.6513
6.58367346938776 12.9255
6.58775510204082 2.47386
6.59183673469388 0.0
6.59591836734694 0.0
6.6 0.0
6.60408163265306 0.0
6.60816326530612 0.0
6.61224489795918 0.0
6.61632653061224 0.0
6.62040816326531 0.0
6.62448979591837 0.0
6.62857142857143 0.0
6.63265306122449 0.0
6.63673469387755 0.0
6.64081632653061 0.0
6.64489795918367 0.0
6.64897959183673 0.0
6.6530612244898 0.0
6.65714285714286 0.0
6.66122448979592 0.0
6.66530612244898 0.0
6.66938775510204 0.0
6.6734693877551 0.0
6.67755102040816 0.0
6.68163265306122 0.0
6.68571428571429 4.82202
6.68979591836735 23.0811
6.69387755102041 59.8043
6.69795918367347 75.0833
6.70204081632653 91.3316
6.70612244897959 83.1374
6.71020408163265 71.5707
6.71428571428571 76.8865
6.71836734693878 69.2521
6.72244897959184 58.5281
6.7265306122449 48.882
6.73061224489796 37.7117
6.73469387755102 20.7996
6.73877551020408 1.66833
6.74285714285714 0.0
6.7469387755102 0.0
6.75102040816327 0.0
6.75510204081633 0.0
6.75918367346939 0.0
6.76326530612245 0.0
6.76734693877551 0.0
6.77142857142857 0.0
6.77551020408163 0.0
6.77959183673469 0.0
6.78367346938775 0.0
6.78775510204082 0.0
6.79183673469388 0.0
6.79591836734694 0.0
6.8 0.0
6.80408163265306 0.0
6.80816326530612 0.0
6.81224489795918 0.0
6.81632653061224 0.0
6.82040816326531 0.0
6.82448979591837 0.0
6.82857142857143 0.0
6.83265306122449 0.0
6.83673469387755 0.0
6.84081632653061 0.0
6.84489795918367 0.0
6.84897959183674 0.0
6.8530612244898 0.0
6.85714285714286 0.0
6.86122448979592 0.0
6.86530612244898 0.0
6.86938775510204 0.0
6.8734693877551 0.0
6.87755102040816 0.0
6.88163265306122 0.0
6.88571428571429 0.0
6.88979591836735 1.4571
6.89387755102041 5.15014
6.89795918367347 21.2035
6.90204081632653 42.4478
6.90612244897959 77.3324
6.91020408163265 121.964
6.91428571428571 141.067
6.91836734693878 134.703
6.92244897959184 123.449
6.9265306122449 97.9905
6.93061224489796 83.2587
6.93469387755102 68.1672
6.93877551020408 54.9958
6.94285714285714 46.0595
6.9469387755102 35.5473
6.95102040816327 25.8751
6.95510204081633 16.1214
6.95918367346939 2.49791
6.96326530612245 0.0
6.96734693877551 0.0
6.97142857142857 0.0
6.97551020408163 0.0
6.97959183673469 0.0
6.98367346938775 0.0
6.98775510204082 0.0
6.99183673469388 0.0
6.99591836734694 0.0
7.0 0.0
7.00408163265306 0.0
7.00816326530612 0.0
7.01224489795918 0.0
7.01632653061225 0.0
7.02040816326531 0.0
7.02448979591837 0.0
7.02857142857143 0.0
7.03265306122449 0.0
7.03673469387755 0.0
7.04081632653061 0.0
7.04489795918367 0.0
7.04897959183673 0.0
7.0530612244898 1.45736
7.05714285714286 5.82144
7.06122448979592 22.4098
7.06530612244898 38.0092
7.06938775510204 54.8629
7.0734693877551 71.3265
7.07755102040816 71.734
7.08163265306122 66.284
7.08571428571429 68.1735
7.08979591836735 62.7073
7.09387755102041 55.644
7.09795918367347 53.466
7.10204081632653 55.58
7.10612244897959 55.2273
7.11020408163265 45.4893
7.11428571428571 36.4347
7.11836734693878 26.6506
7.12244897959184 17.5319
7.1265306122449 8.72207
7.13061224489796 1.61097
7.13469387755102 0.0
7.13877551020408 0.0
7.14285714285714 0.0
7.1469387755102 0.0
7.15102040816326 0.0
7.15510204081633 0.0
7.15918367346939 0.0
7.16326530612245 0.0
7.16734693877551 0.0
7.17142857142857 0.0
7.17551020408163 0.0
7.17959183673469 0.0
7.18367346938776 0.0
7.18775510204082 0.0
7.19183673469388 0.0
7.19591836734694 0.0
7.2 0.0
7.20408163265306 0.0
7.20816326530612 0.0
7.21224489795918 0.0
7.21632653061225 0.0
7.22040816326531 0.0
7.22448979591837 0.0
7.22857142857143 0.0
7.23265306122449 0.0
7.23673469387755 0.0
7.24081632653061 0.0
7.24489795918367 0.0
7.24897959183673 0.0
7.2530612244898 0.0
7.25714285714286 0.0
7.26122448979592 0.0
7.26530612244898 0.0
7.26938775510204 0.0
7.2734693877551 0.0
7.27755102040816 0.0
7.28163265306122 0.0
7.28571428571429 0.0
7.28979591836735 0.599325
7.29387755102041 11.27
7.29795918367347 19.2578
7.30204081632653 27.1099
7.30612244897959 31.2673
7.31020408163265 35.9669
7.31428571428571 35.792
7.31836734693878 28.0084
7.32244897959184 11.7054
7.3265306122449 3.5747
7.33061224489796 0.0
7.33469387755102 0.0
7.33877551020408 0.0
7.34285714285714 0.0
7.3469387755102 0.0
7.35102040816327 0.0
7.35510204081633 0.0
7.35918367346939 0.0
7.36326530612245 0.0
7.36734693877551 0.0
7.37142857142857 0.0
7.37551020408163 0.0
7.37959183673469 0.0
7.38367346938776 0.0
7.38775510204082 0.0
7.39183673469388 0.0
7.39591836734694 0.0
7.4 0.0
7.40408163265306 0.904867
7.40816326530612 9.4236
7.41224489795918 37.544
7.41632653061224 50.8747
7.42040816326531 62.9536
7.42448979591837 68.6871
7.42857142857143 65.1878
7.43265306122449 59.1258
7.43673469387755 55.2772
7.44081632653061 48.0628
7.44489795918367 39.2841
7.44897959183673 26.2488
7.4530612244898 23.6255
7.45714285714286 26.5975
7.46122448979592 29.742
7.46530612244898 34.702
7.46938775510204 49.2505
7.4734693877551 58.6988
7.47755102040816 63.1346
7.48163265306122 66.3727
7.48571428571429 62.8553
7.48979591836735 57.5818
7.49387755102041 45.4696
7.49795918367347 30.1741
7.50204081632653 16.4356
7.50612244897959 2.25508
7.51020408163265 0.0
7.51428571428571 0.0
7.51836734693878 0.0
7.52244897959184 0.0
7.5265306122449 0.0
7.53061224489796 0.0
7.53469387755102 0.0
7.53877551020408 0.0
7.54285714285714 0.0
7.5469387755102 0.0
7.55102040816327 0.0
7.55510204081633 0.0
7.55918367346939 0.0
7.56326530612245 0.0
7.56734693877551 0.0
7.57142857142857 0.0
7.57551020408163 0.0
7.57959183673469 0.0
7.58367346938776 0.0
7.58775510204082 0.0
7.59183673469388 0.0
7.59591836734694 0.0
7.6 0.0
7.60408163265306 0.0
7.60816326530612 0.0
7.61224489795918 0.0
7.61632653061224 0.0
7.62040816326531 0.0
7.62448979591837 0.0
7.62857142857143 0.0
7.63265306122449 0.0
7.63673469387755 0.0
7.64081632653061 0.0
7.64489795918367 0.0
7.64897959183673 0.0
7.6530612244898 0.0
7.65714285714286 0.0
7.66122448979592 0.0
7.66530612244898 0.0
7.66938775510204 0.0
7.6734693877551 0.0
7.67755102040816 0.0
7.68163265306122 0.0
7.68571428571429 0.0
7.68979591836735 0.824511
7.69387755102041 0.0
7.69795918367347 0.0
7.70204081632653 0.0
7.70612244897959 0.0
7.71020408163265 0.0
7.71428571428571 0.0
7.71836734693878 0.0
7.72244897959184 0.0
7.7265306122449 0.0
7.73061224489796 0.0
7.73469387755102 0.0
7.73877551020408 0.0
7.74285714285714 0.0
7.7469387755102 0.0
7.75102040816327 2.635
7.75510204081633 1.36
7.75918367346939 8.23712
7.76326530612245 14.8948
7.76734693877551 10.4845
7.77142857142857 8.97244
7.77551020408163 9.3317
7.77959183673469 8.35752
7.78367346938775 0.818223
7.78775510204082 0.0
7.79183673469388 0.0
7.79591836734694 0.0
7.8 5.07605
7.80408163265306 18.105
7.80816326530612 32.5218
7.81224489795918 56.9267
7.81632653061224 71.9875
7.82040816326531 92.5166
7.82448979591837 98.7402
7.82857142857143 104.096
7.83265306122449 119.562
7.83673469387755 105.456
7.84081632653061 91.3327
7.84489795918367 84.773
7.84897959183674 62.9608
7.8530612244898 43.4695
7.85714285714286 23.9818
7.86122448979592 9.30765
7.86530612244898 3.07748
7.86938775510204 0.0
7.8734693877551 0.0
7.87755102040816 0.0
7.88163265306122 0.0
7.88571428571429 0.0
7.88979591836735 0.0
7.89387755102041 0.0
7.89795918367347 0.0
7.90204081632653 0.0
7.90612244897959 0.0
7.91020408163265 0.0
7.91428571428571 0.0
7.91836734693878 0.0
7.92244897959184 0.0
7.9265306122449 0.0
7.93061224489796 0.0
7.93469387755102 0.0
7.93877551020408 0.0
7.94285714285714 0.0
7.9469387755102 0.0
7.95102040816327 0.0
7.95510204081633 0.0
7.95918367346939 0.0
7.96326530612245 0.0
7.96734693877551 0.0
7.97142857142857 0.0
7.97551020408163 0.0
7.97959183673469 0.0
7.98367346938775 0.0
7.98775510204082 0.0
7.99183673469388 0.0
7.99591836734694 0.0
8.0 0.0
8.00408163265306 0.0
8.00816326530612 0.0
8.01224489795918 1.53343
8.01632653061225 9.74343
8.02040816326531 20.8332
8.02448979591837 29.1983
8.02857142857143 33.8842
8.03265306122449 31.469
8.03673469387755 28.6296
8.04081632653061 18.8763
8.04489795918367 6.70204
8.04897959183674 0.0
8.0530612244898 0.0
8.05714285714286 0.0
8.06122448979592 0.0
8.06530612244898 0.0
8.06938775510204 0.0
8.0734693877551 0.0
8.07755102040816 0.0
8.08163265306122 0.0
8.08571428571429 0.0
8.08979591836735 0.0
8.09387755102041 0.0
8.09795918367347 0.0
8.10204081632653 0.0
8.10612244897959 0.0
8.11020408163265 0.0
8.11428571428571 0.0
8.11836734693878 0.0
8.12244897959184 0.0
8.1265306122449 0.0
8.13061224489796 0.0
8.13469387755102 0.0
8.13877551020408 0.0
8.14285714285714 0.0
8.1469387755102 0.0
8.15102040816327 0.0
8.15510204081633 0.0
8.15918367346939 10.2738
8.16326530612245 38.5847
8.16734693877551 82.0368
8.17142857142857 148.286
8.17551020408163 154.788
8.17959183673469 158.534
8.18367346938776 164.792
8.18775510204082 156.408
8.19183673469388 143.619
8.19591836734694 120.86
8.2 95.6857
8.20408163265306 80.358
8.20816326530612 62.9261
8.21224489795918 51.9757
8.21632653061224 43.8033
8.22040816326531 28.9754
8.22448979591837 14.1439
8.22857142857143 2.88047
8.23265306122449 1.08141
8.23673469387755 6.78205
8.24081632653061 10.3602
8.24489795918367 11.9898
8.24897959183673 10.6941
8.2530612244898 10.8226
8.25714285714286 10.4606
8.26122448979592 8.56689
8.26530612244898 4.98343
8.26938775510204 1.89561
8.2734693877551 0.0
8.27755102040816 0.0
8.28163265306122 0.0
8.28571428571429 0.0
8.28979591836735 0.0
8.29387755102041 0.0
8.29795918367347 0.0
8.30204081632653 0.0
8.30612244897959 0.0
8.31020408163265 0.0
8.31428571428571 0.0
8.31836734693877 0.0
8.32244897959184 0.0
8.3265306122449 0.0
8.33061224489796 0.0
8.33469387755102 0.0
8.33877551020408 0.0
8.34285714285714 0.0
8.3469387755102 0.0
8.35102040816327 0.0
8.35510204081633 0.0
8.35918367346939 0.0
8.36326530612245 0.0
8.36734693877551 0.0
8.37142857142857 0.0
8.37551020408163 0.0
8.37959183673469 0.0
8.38367346938776 0.0
8.38775510204082 0.0
8.39183673469388 0.0
8.39591836734694 3.44545
8.4 7.86257
8.40408163265306 6.93226
8.40816326530612 10.0124
8.41224489795918 5.38836
8.41632653061225 10.8602
8.42040816326531 15.765
8.42448979591837 24.1532
8.42857142857143 35.6237
8.43265306122449 34.8079
8.43673469387755 31.7609
8.44081632653061 16.3475
8.44489795918367 1.76048
8.44897959183673 0.0
8.4530612244898 0.0
8.45714285714286 0.0
8.46122448979592 0.0
8.46530612244898 0.0
8.46938775510204 0.0
8.4734693877551 0.0
8.47755102040816 0.0
8.48163265306122 0.0
8.48571428571429 0.0
8.48979591836735 0.0
8.49387755102041 0.0
8.49795918367347 0.0
8.50204081632653 0.0
8.50612244897959 0.0
8.51020408163265 0.0
8.51428571428571 0.0
8.51836734693878 0.0
8.52244897959184 0.0
8.5265306122449 0.0
8.53061224489796 0.0
8.53469387755102 0.0
8.53877551020408 0.0
8.54285714285714 41.857
8.5469387755102 90.6814
8.55102040816327 148.361
8.55510204081633 175.902
8.55918367346939 182.656
8.56326530612245 150.214
8.56734693877551 125.79
8.57142857142857 97.0005
8.57551020408163 81.9261
8.57959183673469 71.2921
8.58367346938775 50.4145
8.58775510204082 29.7566
8.59183673469388 10.6673
8.59591836734694 0.0
8.6 0.0
8.60408163265306 0.0
8.60816326530612 0.0
8.61224489795918 0.0
8.61632653061224 0.0
8.62040816326531 0.0
8.62448979591837 0.0
8.62857142857143 0.0
8.63265306122449 0.0
8.63673469387755 0.0
8.64081632653061 0.0
8.64489795918367 0.0
8.64897959183673 0.0
8.6530612244898 0.0
8.65714285714286 0.0
8.66122448979592 0.0
8.66530612244898 0.0
8.66938775510204 0.0
8.6734693877551 0.0
8.67755102040816 0.0
8.68163265306123 9.1857
8.68571428571429 13.4176
8.68979591836735 9.32288
8.69387755102041 2.57397
8.69795918367347 2.37104
8.70204081632653 0.0
8.70612244897959 0.0
8.71020408163265 0.0
8.71428571428571 0.0
8.71836734693878 0.0
8.72244897959184 0.0
8.7265306122449 0.0
8.73061224489796 0.0
8.73469387755102 1.30904
8.73877551020408 1.12695
8.74285714285714 0.0
8.7469387755102 6.7361
8.75102040816327 19.3698
8.75510204081633 29.3057
8.75918367346939 38.0406
8.76326530612245 56.0688
8.76734693877551 56.3109
8.77142857142857 42.0464
8.77551020408163 48.0299
8.77959183673469 52.6186
8.78367346938776 46.9705
8.78775510204082 36.6477
8.79183673469388 27.1376
8.79591836734694 13.2836
8.8 4.55666
8.80408163265306 1.09828
8.80816326530612 0.0
8.81224489795918 0.0
8.81632653061224 0.0
8.82040816326531 0.0
8.82448979591837 0.0
8.82857142857143 0.0
8.83265306122449 0.0
8.83673469387755 0.0
8.84081632653061 0.0
8.84489795918367 1.19603
8.84897959183673 2.52694
8.8530612244898 0.0
8.85714285714286 2.11823
8.86122448979592 2.59718
8.86530612244898 3.99476
8.86938775510204 1.50263
8.8734693877551 1.127
8.87755102040816 0.0
8.88163265306122 0.0
8.88571428571429 0.0
8.88979591836735 0.0
8.89387755102041 0.0
8.89795918367347 0.0
8.90204081632653 0.0
8.90612244897959 0.0
8.91020408163265 0.0
8.91428571428571 0.0
8.91836734693878 0.0
8.92244897959184 0.0
8.9265306122449 0.0
8.93061224489796 0.0
8.93469387755102 0.0
8.93877551020408 0.0
8.94285714285714 10.801
8.9469387755102 6.9432
8.95102040816326 16.185
8.95510204081633 19.5341
8.95918367346939 6.99601
8.96326530612245 6.43471
8.96734693877551 0.429034
8.97142857142857 3.36432
8.97551020408163 1.52601
8.97959183673469 3.14169
8.98367346938775 8.38822
8.98775510204082 6.74059
8.99183673469388 6.11816
8.99591836734694 6.29765
9.0 4.21519
9.00408163265306 0.0
9.00816326530612 0.0
9.01224489795918 0.0
9.01632653061225 0.0
9.02040816326531 0.0
9.02448979591837 0.0
9.02857142857143 0.0
9.03265306122449 2.31299
9.03673469387755 10.3403
9.04081632653061 15.5535
9.04489795918367 16.6627
9.04897959183674 29.4072
9.0530612244898 32.4893
9.05714285714286 39.1821
9.06122448979592 31.5232
9.06530612244898 27.3456
9.06938775510204 16.0939
9.0734693877551 8.51408
9.07755102040816 6.69152
9.08163265306122 0.0
9.08571428571429 0.0
9.08979591836735 0.0
9.09387755102041 0.0
9.09795918367347 0.0
9.10204081632653 0.0
9.10612244897959 0.0
9.11020408163265 0.0
9.11428571428571 0.812173
9.11836734693878 6.38628
9.12244897959184 3.04556
9.1265306122449 9.91231
9.13061224489796 52.4838
9.13469387755102 94.0442
9.13877551020408 101.3
9.14285714285714 108.618
9.1469387755102 94.1029
9.15102040816327 66.6578
9.15510204081633 50.9611
9.15918367346939 45.2088
9.16326530612245 44.5855
9.16734693877551 34.6501
9.17142857142857 27.2643
9.17551020408163 15.9366
9.17959183673469 6.4242
9.18367346938776 1.99187
9.18775510204082 0.105739
9.19183673469388 0.0
9.19591836734694 0.0
9.2 0.0
9.20408163265306 0.0
9.20816326530612 0.0
9.21224489795918 0.0
9.21632653061224 0.0
9.22040816326531 0.0
9.22448979591837 0.0
9.22857142857143 0.0
9.23265306122449 0.0
9.23673469387755 0.0
9.24081632653061 0.0
9.24489795918367 0.0
9.24897959183673 0.0
9.2530612244898 0.0
9.25714285714286 0.0
9.26122448979592 1.23679
9.26530612244898 1.1338
9.26938775510204 0.0
9.2734693877551 0.0
9.27755102040816 0.0
9.28163265306122 0.0
9.28571428571429 0.0
9.28979591836735 0.0
9.29387755102041 0.0
9.29795918367347 0.287041
9.30204081632653 12.3177
9.30612244897959 27.2038
9.31020408163265 38.4506
9.31428571428571 46.7896
9.31836734693877 51.3113
9.32244897959184 58.0607
9.3265306122449 57.4758
9.33061224489796 56.2787
9.33469387755102 41.9424
9.33877551020408 23.6629
9.34285714285714 5.45028
9.3469387755102 0.0
9.35102040816327 0.0
9.35510204081633 0.0
9.35918367346939 0.0
9.36326530612245 0.0
9.36734693877551 0.0
9.37142857142857 0.0
9.37551020408163 0.0
9.37959183673469 0.0
9.38367346938776 0.0
9.38775510204082 0.0
9.39183673469388 0.0
9.39591836734694 0.0
9.4 0.0
9.40408163265306 0.0
9.40816326530612 0.0
9.41224489795918 0.0
9.41632653061225 0.157237
9.42040816326531 0.0
9.42448979591837 0.0
9.42857142857143 0.0
9.43265306122449 0.0
9.43673469387755 0.0
9.44081632653061 0.0
9.44489795918367 0.0
9.44897959183673 0.0
9.4530612244898 0.0
9.45714285714286 0.0
9.46122448979592 0.0
9.46530612244898 0.0
9.46938775510204 0.0
9.4734693877551 0.0
9.47755102040816 0.0
9.48163265306122 0.0
9.48571428571429 0.0
9.48979591836735 0.0
9.49387755102041 0.0
9.49795918367347 0.0
9.50204081632653 0.0
9.50612244897959 0.0
9.51020408163265 0.0
9.51428571428571 0.0
9.51836734693878 0.0
9.52244897959184 0.0
9.5265306122449 7.76011
9.53061224489796 17.7714
9.53469387755102 21.6789
9.53877551020408 24.1635
9.54285714285714 20.6058
9.5469387755102 15.1746
9.55102040816327 10.8153
9.55510204081633 0.951588
9.55918367346939 0.540584
9.56326530612245 0.0
9.56734693877551 0.0
9.57142857142857 0.0
9.57551020408163 0.0
9.57959183673469 0.0
9.58367346938775 0.0
9.58775510204082 0.0
9.59183673469388 0.0
9.59591836734694 0.446677
9.6 4.84133
9.60408163265306 9.15872
9.60816326530612 0.573337
9.61224489795918 0.0
9.61632653061224 0.0
9.62040816326531 0.0
9.62448979591837 0.0
9.62857142857143 0.0
9.63265306122449 0.0
9.63673469387755 0.0
9.64081632653061 0.0
9.64489795918367 0.0
9.64897959183673 0.0
9.6530612244898 0.0
9.65714285714286 0.0
9.66122448979592 0.0
9.66530612244898 5.5174
9.66938775510204 43.2954
9.6734693877551 112.845
9.67755102040816 157.911
9.68163265306123 156.223
9.68571428571429 153.448
9.68979591836735 155.093
9.69387755102041 147.567
9.69795918367347 126.501
9.70204081632653 111.767
9.70612244897959 91.2299
9.71020408163265 72.4397
9.71428571428571 53.9708
9.71836734693878 34.633
9.72244897959184 14.6664
9.7265306122449 5.7267
9.73061224489796 0.0
9.73469387755102 0.0
9.73877551020408 0.0
9.74285714285714 0.0
9.7469387755102 0.0
9.75102040816327 0.0
9.75510204081633 0.0
9.75918367346939 0.0
9.76326530612245 8.23528
9.76734693877551 2.86753
9.77142857142857 0.0
9.77551020408163 0.0
9.77959183673469 0.0
9.78367346938776 0.0
9.78775510204082 0.0
9.79183673469388 0.0
9.79591836734694 0.0
9.8 0.0
9.80408163265306 0.0
9.80816326530612 0.0
9.81224489795918 0.0
9.81632653061224 0.0
9.82040816326531 0.0
9.82448979591837 0.0
9.82857142857143 0.0
9.83265306122449 0.0
9.83673469387755 0.0
9.84081632653061 0.0
9.84489795918367 0.0
9.84897959183673 0.0
9.8530612244898 0.0
9.85714285714286 0.0
9.86122448979592 0.0
9.86530612244898 0.0
9.86938775510204 0.0
9.8734693877551 0.0
9.87755102040816 7.86161
9.88163265306122 18.1625
9.88571428571429 15.5088
9.88979591836735 12.1656
9.89387755102041 28.9543
9.89795918367347 20.1956
9.90204081632653 21.7238
9.90612244897959 11.3402
9.91020408163265 17.192
9.91428571428571 16.181
9.91836734693878 18.9516
9.92244897959184 24.5926
9.9265306122449 21.902
9.93061224489796 21.649
9.93469387755102 30.1782
9.93877551020408 28.7244
9.94285714285714 24.7471
9.9469387755102 16.5331
9.95102040816326 9.34711
9.95510204081633 0.530541
9.95918367346939 0.0
9.96326530612245 0.0
9.96734693877551 0.0
9.97142857142857 0.0
9.97551020408163 0.0
9.97959183673469 0.0
9.98367346938775 0.0
9.98775510204082 0.0
9.99183673469388 0.0
9.99591836734694 0.0
10.0 0.0
10.0040816326531 0.0
10.0081632653061 0.0
10.0122448979592 0.0
10.0163265306122 0.0
10.0204081632653 0.0
10.0244897959184 0.0
10.0285714285714 0.0
10.0326530612245 0.0
10.0367346938776 0.0
10.0408163265306 0.0
10.0448979591837 0.867307
10.0489795918367 10.2018
10.0530612244898 26.6055
10.0571428571429 49.0313
10.0612244897959 66.713
10.065306122449 127.621
10.069387755102 155.167
10.0734693877551 161.326
10.0775510204082 150.439
10.0816326530612 136.526
10.0857142857143 118.187
10.0897959183673 97.6191
10.0938775510204 73.9276
10.0979591836735 60.3568
10.1020408163265 44.0261
10.1061224489796 31.2199
10.1102040816327 15.0737
10.1142857142857 1.48332
10.1183673469388 0.0
10.1224489795918 0.0
10.1265306122449 0.0
10.130612244898 0.0
10.134693877551 0.0
10.1387755102041 0.0
10.1428571428571 0.0
10.1469387755102 0.0
10.1510204081633 0.0
10.1551020408163 0.0
10.1591836734694 0.0
10.1632653061224 0.0
10.1673469387755 0.0
10.1714285714286 0.0
10.1755102040816 0.0
10.1795918367347 0.0
10.1836734693878 0.0
10.1877551020408 0.0
10.1918367346939 0.0
10.1959183673469 0.0
10.2 0.0
10.2040816326531 0.0
10.2081632653061 0.0
10.2122448979592 0.0
10.2163265306122 0.0
10.2204081632653 0.0
10.2244897959184 0.0
10.2285714285714 0.0
10.2326530612245 0.0
10.2367346938776 0.0
10.2408163265306 0.0
10.2448979591837 0.0
10.2489795918367 0.0
10.2530612244898 0.0971877
10.2571428571429 13.0125
10.2612244897959 33.8733
10.265306122449 44.0924
10.269387755102 64.9862
10.2734693877551 76.2947
10.2775510204082 82.9724
10.2816326530612 83.1423
10.2857142857143 72.9669
10.2897959183673 80.8201
10.2938775510204 73.8452
10.2979591836735 62.0501
10.3020408163265 49.7736
10.3061224489796 36.0698
10.3102040816327 22.8793
10.3142857142857 15.9361
10.3183673469388 9.62918
10.3224489795918 5.71054
10.3265306122449 0.0
10.330612244898 0.0
10.334693877551 0.0
10.3387755102041 0.0
10.3428571428571 0.0
10.3469387755102 0.0
10.3510204081633 0.0
10.3551020408163 0.0
10.3591836734694 0.0
10.3632653061224 0.0
10.3673469387755 0.0
10.3714285714286 0.0
10.3755102040816 0.0
10.3795918367347 0.0
10.3836734693878 0.0
10.3877551020408 0.0
10.3918367346939 0.0
10.3959183673469 0.0
10.4 0.0
10.4040816326531 0.0
10.4081632653061 0.0
10.4122448979592 0.0
10.4163265306122 0.267625
10.4204081632653 0.0
10.4244897959184 1.45525
10.4285714285714 0.0
10.4326530612245 11.6977
10.4367346938776 45.8031
10.4408163265306 66.1929
10.4448979591837 86.8807
10.4489795918367 86.4233
10.4530612244898 73.0268
10.4571428571429 58.088
10.4612244897959 46.9943
10.465306122449 31.4716
10.469387755102 16.4876
10.4734693877551 5.53356
10.4775510204082 2.93688
10.4816326530612 0.0
10.4857142857143 0.0
10.4897959183673 0.0
10.4938775510204 0.0
10.4979591836735 0.0
10.5020408163265 0.0
10.5061224489796 0.0
10.5102040816327 0.0
10.5142857142857 0.0
10.5183673469388 0.0
10.5224489795918 0.0
10.5265306122449 0.0
10.530612244898 0.0
10.534693877551 0.0
10.5387755102041 0.0
10.5428571428571 0.0
10.5469387755102 0.0
10.5510204081633 0.0
10.5551020408163 0.0
10.5591836734694 0.0
10.5632653061224 0.0
10.5673469387755 0.0
10.5714285714286 0.0
10.5755102040816 0.0
10.5795918367347 0.0
10.5836734693878 0.0
10.5877551020408 0.0
10.5918367346939 0.0
10.5959183673469 0.0
10.6 0.0
10.6040816326531 0.0
10.6081632653061 0.0
10.6122448979592 0.0
10.6163265306122 0.0
10.6204081632653 0.0
10.6244897959184 0.0
10.6285714285714 0.0
10.6326530612245 23.7455
10.6367346938776 49.5661
10.6408163265306 97.1144
10.6448979591837 107.437
10.6489795918367 131.289
10.6530612244898 110.365
10.6571428571429 102.664
10.6612244897959 90.8549
10.665306122449 77.6935
10.669387755102 62.3517
10.6734693877551 48.3884
10.6775510204082 32.3549
10.6816326530612 19.4432
10.6857142857143 3.64909
10.6897959183673 0.0
10.6938775510204 0.0
10.6979591836735 0.0
10.7020408163265 0.0
10.7061224489796 0.0
10.7102040816327 0.0
10.7142857142857 0.0
10.7183673469388 2.58923
10.7224489795918 7.06401
10.7265306122449 4.36461
10.730612244898 0.580568
10.734693877551 0.0
10.7387755102041 0.0
10.7428571428571 0.0
10.7469387755102 0.0
10.7510204081633 0.0
10.7551020408163 0.0
10.7591836734694 0.0
10.7632653061224 0.0
10.7673469387755 0.0
10.7714285714286 0.0
10.7755102040816 0.0
10.7795918367347 0.0
10.7836734693878 0.0
10.7877551020408 0.0
10.7918367346939 0.0
10.7959183673469 0.0
10.8 34.0989
10.8040816326531 70.5414
10.8081632653061 105.516
10.8122448979592 98.2499
10.8163265306122 100.25
10.8204081632653 92.1714
10.8244897959184 89.8883
10.8285714285714 78.2078
10.8326530612245 63.4264
10.8367346938776 51.8726
10.8408163265306 42.0832
10.8448979591837 30.2121
10.8489795918367 18.058
10.8530612244898 6.88492
10.8571428571429 4.24689
10.8612244897959 2.83456
10.865306122449 0.11313
10.869387755102 0.0
10.8734693877551 0.0
10.8775510204082 0.0
10.8816326530612 0.0
10.8857142857143 0.0
10.8897959183673 0.0
10.8938775510204 0.0
10.8979591836735 0.0
10.9020408163265 0.0
10.9061224489796 0.0
10.9102040816327 0.0
10.9142857142857 0.0
10.9183673469388 0.0
10.9224489795918 0.0
10.9265306122449 0.0
10.930612244898 0.0
10.934693877551 0.0
10.9387755102041 0.0
10.9428571428571 0.0
10.9469387755102 0.0
10.9510204081633 0.0
10.9551020408163 0.0
10.9591836734694 0.0
10.9632653061224 0.0
10.9673469387755 0.0
10.9714285714286 0.0
10.9755102040816 0.0
10.9795918367347 0.0
10.9836734693878 0.0
10.9877551020408 0.0
10.9918367346939 0.0
10.9959183673469 0.0
11.0 0.0
11.0040816326531 0.0
11.0081632653061 0.0
11.0122448979592 0.0
11.0163265306122 0.0
11.0204081632653 0.0
11.0244897959184 9.19035
11.0285714285714 29.3576
11.0326530612245 48.1809
11.0367346938776 60.7316
11.0408163265306 66.8973
11.0448979591837 68.2571
11.0489795918367 54.38
11.0530612244898 42.7483
11.0571428571429 23.1695
11.0612244897959 6.06987
11.065306122449 0.0
11.069387755102 0.0
11.0734693877551 0.0
11.0775510204082 0.0
11.0816326530612 0.0
11.0857142857143 0.0
11.0897959183673 0.0
11.0938775510204 0.0
11.0979591836735 0.0
11.1020408163265 0.0
11.1061224489796 0.0
11.1102040816327 0.0
11.1142857142857 0.0
11.1183673469388 0.0
11.1224489795918 0.0
11.1265306122449 0.0
11.130612244898 0.0
11.134693877551 0.0
11.1387755102041 0.0
11.1428571428571 0.0
11.1469387755102 0.0
11.1510204081633 0.0
11.1551020408163 0.0
11.1591836734694 0.224352
11.1632653061224 41.6814
11.1673469387755 60.2728
11.1714285714286 84.0341
11.1755102040816 97.1279
11.1795918367347 120.336
11.1836734693878 133.312
11.1877551020408 121.446
11.1918367346939 113.145
11.1959183673469 99.6701
11.2 83.4001
11.2040816326531 62.0228
11.2081632653061 49.5982
11.2122448979592 40.114
11.2163265306122 30.3842
11.2204081632653 23.6056
11.2244897959184 18.2816
11.2285714285714 8.82209
11.2326530612245 2.40064
11.2367346938776 0.0
11.2408163265306 0.0
11.2448979591837 0.665665
11.2489795918367 3.15666
11.2530612244898 5.37908
11.2571428571429 0.180244
11.2612244897959 2.83384
11.265306122449 7.38844
11.269387755102 6.52091
11.2734693877551 5.69998
11.2775510204082 0.253528
11.2816326530612 1.19483
11.2857142857143 0.0
11.2897959183673 0.0
11.2938775510204 0.0
11.2979591836735 0.0
11.3020408163265 0.0
11.3061224489796 0.0
11.3102040816327 0.0
11.3142857142857 0.0
11.3183673469388 0.0
11.3224489795918 0.0
11.3265306122449 0.0
11.330612244898 0.0
11.334693877551 0.0
11.3387755102041 0.0
11.3428571428571 0.0
11.3469387755102 0.0
11.3510204081633 0.0
11.3551020408163 0.0
11.3591836734694 0.0
11.3632653061224 0.0
11.3673469387755 0.0
11.3714285714286 0.0
11.3755102040816 0.0
11.3795918367347 0.0
11.3836734693878 1.94401
11.3877551020408 0.0
11.3918367346939 0.0
11.3959183673469 0.0
11.4 3.41445
11.4040816326531 0.797749
11.4081632653061 0.187278
11.4122448979592 0.0
11.4163265306122 0.0
11.4204081632653 3.86721
11.4244897959184 4.40216
11.4285714285714 8.51721
11.4326530612245 9.29052
11.4367346938776 9.2063
11.4408163265306 3.89576
11.4448979591837 1.75345
11.4489795918367 0.0
11.4530612244898 0.0
11.4571428571429 0.0
11.4612244897959 0.0
11.465306122449 0.0
11.469387755102 0.0
11.4734693877551 0.0
11.4775510204082 0.0
11.4816326530612 0.0
11.4857142857143 0.0
11.4897959183673 0.0
11.4938775510204 0.0
11.4979591836735 0.0
11.5020408163265 0.0
11.5061224489796 0.0
11.5102040816327 0.0
11.5142857142857 0.0
11.5183673469388 0.0
11.5224489795918 1.08838
11.5265306122449 7.79578
11.530612244898 19.3559
11.534693877551 10.4446
11.5387755102041 6.02095
11.5428571428571 11.3142
11.5469387755102 20.0152
11.5510204081633 27.9605
11.5551020408163 36.6806
11.5591836734694 41.242
11.5632653061224 50.0705
11.5673469387755 53.5201
11.5714285714286 61.9435
11.5755102040816 63.0452
11.5795918367347 45.3741
11.5836734693878 38.6568
11.5877551020408 36.897
11.5918367346939 65.5688
11.5959183673469 74.6223
11.6 84.511
11.6040816326531 69.8843
11.6081632653061 58.0325
11.6122448979592 52.5132
11.6163265306122 46.1787
11.6204081632653 38.4991
11.6244897959184 32.9463
11.6285714285714 22.9936
11.6326530612245 11.6346
11.6367346938776 0.0
11.6408163265306 0.0
11.6448979591837 0.0
11.6489795918367 0.0
11.6530612244898 0.0
11.6571428571429 0.0
11.6612244897959 0.0
11.665306122449 0.0
11.669387755102 0.0
11.6734693877551 0.0
11.6775510204082 0.0
11.6816326530612 0.0
11.6857142857143 0.0
11.6897959183673 0.0
11.6938775510204 0.0
11.6979591836735 0.0
11.7020408163265 0.0
11.7061224489796 0.0
11.7102040816327 0.0
11.7142857142857 0.0
11.7183673469388 0.0
11.7224489795918 0.0
11.7265306122449 0.0
11.730612244898 0.0
11.734693877551 0.0
11.7387755102041 0.0
11.7428571428571 0.0
11.7469387755102 0.0
11.7510204081633 0.0
11.7551020408163 0.0
11.7591836734694 0.0
11.7632653061224 0.0
11.7673469387755 0.0
11.7714285714286 0.0
11.7755102040816 4.74113
11.7795918367347 19.4492
11.7836734693878 26.4205
11.7877551020408 46.9313
11.7918367346939 41.1606
11.7959183673469 35.3918
11.8 35.1962
11.8040816326531 28.8244
11.8081632653061 18.6182
11.8122448979592 12.6937
11.8163265306122 5.49126
11.8204081632653 0.0
11.8244897959184 1.86613
11.8285714285714 1.45623
11.8326530612245 1.63195
11.8367346938776 0.0
11.8408163265306 0.0
11.8448979591837 0.0
11.8489795918367 0.0
11.8530612244898 0.0
11.8571428571429 0.0
11.8612244897959 0.0
11.865306122449 0.0
11.869387755102 0.0
11.8734693877551 0.0
11.8775510204082 0.0
11.8816326530612 0.0
11.8857142857143 0.0
11.8897959183673 0.0
11.8938775510204 0.0
11.8979591836735 0.0
11.9020408163265 0.0
11.9061224489796 0.0
11.9102040816327 0.0
11.9142857142857 0.0
11.9183673469388 0.0
11.9224489795918 0.0
11.9265306122449 0.0
11.930612244898 0.0
11.934693877551 11.5641
11.9387755102041 12.9248
11.9428571428571 43.0856
11.9469387755102 76.8635
11.9510204081633 88.4925
11.9551020408163 94.4209
11.9591836734694 89.2231
11.9632653061224 92.2182
11.9673469387755 85.8657
11.9714285714286 80.4126
11.9755102040816 65.8133
11.9795918367347 50.2459
11.9836734693878 25.6755
11.9877551020408 9.52731
11.9918367346939 4.42314
11.9959183673469 0.0
12.0 0.0
12.0040816326531 0.0
12.0081632653061 0.0
12.0122448979592 0.0
12.0163265306122 0.0
12.0204081632653 0.0
12.0244897959184 0.0
12.0285714285714 0.0
12.0326530612245 0.0
12.0367346938776 0.0
12.0408163265306 0.0
12.0448979591837 0.0
12.0489795918367 0.0
12.0530612244898 0.0
12.0571428571429 0.0
12.0612244897959 0.0
12.065306122449 0.0
12.069387755102 0.0
12.0734693877551 0.0
12.0775510204082 0.0
12.0816326530612 0.0
12.0857142857143 0.0
12.0897959183673 0.0
12.0938775510204 0.0
12.0979591836735 0.0
12.1020408163265 0.0
12.1061224489796 0.0
12.1102040816327 0.0
12.1142857142857 0.0
12.1183673469388 0.0
12.1224489795918 0.0
12.1265306122449 0.0
12.130612244898 0.0
12.134693877551 0.0
12.1387755102041 9.42816
12.1428571428571 55.0416
12.1469387755102 72.4873
12.1510204081633 104.679
12.1551020408163 119.488
12.1591836734694 132.335
12.1632653061224 119.815
12.1673469387755 113.977
12.1714285714286 103.669
12.1755102040816 90.8308
12.1795918367347 78.9705
12.1836734693878 56.4073
12.1877551020408 37.5096
12.1918367346939 18.7118
12.1959183673469 2.73705
12.2 0.0
12.2040816326531 0.0
12.2081632653061 0.0
12.2122448979592 0.0
12.2163265306122 0.0
12.2204081632653 0.0
12.2244897959184 0.0
12.2285714285714 0.0
12.2326530612245 0.0
12.2367346938776 0.0
12.2408163265306 0.0
12.2448979591837 3.03018
12.2489795918367 0.0
12.2530612244898 1.83873
12.2571428571429 0.0
12.2612244897959 0.0
12.265306122449 0.0
12.269387755102 0.0
12.2734693877551 0.0
12.2775510204082 0.0
12.2816326530612 0.0
12.2857142857143 0.0
12.2897959183673 0.0
12.2938775510204 0.0
12.2979591836735 0.0
12.3020408163265 0.0
12.3061224489796 0.0
12.3102040816327 0.0
12.3142857142857 0.0
12.3183673469388 0.0
12.3224489795918 2.20591
12.3265306122449 15.4788
12.330612244898 21.0941
12.334693877551 19.1875
12.3387755102041 13.0872
12.3428571428571 5.54518
12.3469387755102 0.0
12.3510204081633 1.24818
12.3551020408163 2.44102
12.3591836734694 4.82738
12.3632653061224 0.0
12.3673469387755 0.0
12.3714285714286 0.0
12.3755102040816 0.0
12.3795918367347 0.0
12.3836734693878 0.0
12.3877551020408 0.0
12.3918367346939 0.0
12.3959183673469 0.0
12.4 0.0
12.4040816326531 0.0
12.4081632653061 0.0
12.4122448979592 0.0
12.4163265306122 1.07205
12.4204081632653 0.0
12.4244897959184 0.0
12.4285714285714 0.0
12.4326530612245 0.0
12.4367346938776 0.0
12.4408163265306 0.0
12.4448979591837 0.0
12.4489795918367 0.0
12.4530612244898 0.0
12.4571428571429 0.0
12.4612244897959 0.0
12.465306122449 0.0
12.469387755102 0.0
12.4734693877551 0.0
12.4775510204082 0.0
12.4816326530612 0.0
12.4857142857143 0.0
12.4897959183673 0.0
12.4938775510204 0.0
12.4979591836735 0.0
12.5020408163265 0.0
12.5061224489796 0.0
12.5102040816327 0.0
12.5142857142857 27.6589
12.5183673469388 51.4505
12.5224489795918 66.1045
12.5265306122449 92.896
12.530612244898 114.224
12.534693877551 133.48
12.5387755102041 134.855
12.5428571428571 131.389
12.5469387755102 116.069
12.5510204081633 98.3769
12.5551020408163 89.729
12.5591836734694 81.6463
12.5632653061224 73.0582
12.5673469387755 58.5142
12.5714285714286 39.2113
12.5755102040816 21.4808
12.5795918367347 5.1043
12.5836734693878 4.0561
12.5877551020408 2.45587
12.5918367346939 0.0
12.5959183673469 0.0
12.6 0.0
12.6040816326531 0.0
12.6081632653061 0.0
12.6122448979592 0.0
12.6163265306122 0.0
12.6204081632653 0.0
12.6244897959184 0.0
12.6285714285714 0.0
12.6326530612245 0.0
12.6367346938776 0.0
12.6408163265306 0.0
12.6448979591837 0.0
12.6489795918367 0.0
12.6530612244898 0.0
12.6571428571429 0.0
12.6612244897959 0.0
12.665306122449 0.0
12.669387755102 0.0
12.6734693877551 0.0
12.6775510204082 0.0
12.6816326530612 0.0
12.6857142857143 0.0
12.6897959183673 0.0
12.6938775510204 0.0
12.6979591836735 7.12518
12.7020408163265 31.0959
12.7061224489796 74.0357
12.7102040816327 108.473
12.7142857142857 110.551
12.7183673469388 121.12
12.7224489795918 107.531
12.7265306122449 85.4573
12.730612244898 70.0835
12.734693877551 54.5534
12.7387755102041 38.4947
12.7428571428571 30.9664
12.7469387755102 19.4491
12.7510204081633 12.1307
12.7551020408163 9.62025
12.7591836734694 4.50421
12.7632653061224 0.223935
12.7673469387755 0.0
12.7714285714286 0.0
12.7755102040816 0.0
12.7795918367347 0.0
12.7836734693878 0.977397
12.7877551020408 0.772953
12.7918367346939 2.17581
12.7959183673469 0.360012
12.8 0.0
12.8040816326531 0.0
12.8081632653061 0.0
12.8122448979592 0.0
12.8163265306122 0.0
12.8204081632653 0.0
12.8244897959184 0.0
12.8285714285714 0.0
12.8326530612245 0.0
12.8367346938776 0.0
12.8408163265306 0.0
12.8448979591837 0.0
12.8489795918367 0.0
12.8530612244898 0.0
12.8571428571429 0.0
12.8612244897959 0.0
12.865306122449 0.0
12.869387755102 0.0
12.8734693877551 0.0
12.8775510204082 0.729993
12.8816326530612 4.27094
12.8857142857143 13.2321
12.8897959183673 22.1334
12.8938775510204 26.6492
12.8979591836735 22.8848
12.9020408163265 27.9092
12.9061224489796 29.6962
12.9102040816327 30.3021
12.9142857142857 25.223
12.9183673469388 24.4084
12.9224489795918 21.8804
12.9265306122449 20.651
12.930612244898 22.2061
12.934693877551 16.2919
12.9387755102041 11.4077
12.9428571428571 7.42462
12.9469387755102 10.8226
12.9510204081633 9.57802
12.9551020408163 2.69866
12.9591836734694 0.0
12.9632653061224 0.0
12.9673469387755 0.0
12.9714285714286 0.0
12.9755102040816 0.0
12.9795918367347 0.0
12.9836734693878 0.0
12.9877551020408 0.0
12.9918367346939 0.0
12.9959183673469 0.0
13.0 0.0
13.0040816326531 0.0
13.0081632653061 0.0
13.0122448979592 0.0
13.0163265306122 0.0
13.0204081632653 0.0
13.0244897959184 0.0
13.0285714285714 0.0
13.0326530612245 0.0
13.0367346938776 0.0
13.0408163265306 0.0
13.0448979591837 0.0
13.0489795918367 0.0
13.0530612244898 0.0
13.0571428571429 0.0
13.0612244897959 0.0
13.065306122449 0.0
13.069387755102 0.75689
13.0734693877551 22.7178
13.0775510204082 57.2982
13.0816326530612 87.3149
13.0857142857143 88.7534
13.0897959183673 84.4187
13.0938775510204 84.7895
13.0979591836735 81.1805
13.1020408163265 67.2432
13.1061224489796 51.1857
13.1102040816327 38.742
13.1142857142857 24.4226
13.1183673469388 13.8766
13.1224489795918 6.05296
13.1265306122449 1.72472
13.130612244898 0.0
13.134693877551 0.0
13.1387755102041 0.0
13.1428571428571 0.0
13.1469387755102 0.0
13.1510204081633 0.0
13.1551020408163 0.0
13.1591836734694 0.0
13.1632653061224 0.0
13.1673469387755 0.0
13.1714285714286 0.0
13.1755102040816 0.0
13.1795918367347 0.0
13.1836734693878 0.0
13.1877551020408 0.299573
13.1918367346939 0.0
13.1959183673469 0.0
13.2 0.0
13.2040816326531 0.0
13.2081632653061 0.0
13.2122448979592 0.0
13.2163265306122 0.0
13.2204081632653 0.0
13.2244897959184 0.0
13.2285714285714 0.0
13.2326530612245 0.0
13.2367346938776 0.0
13.2408163265306 0.0
13.2448979591837 0.0
13.2489795918367 0.0
13.2530612244898 0.0
13.2571428571429 0.0
13.2612244897959 0.0
13.265306122449 0.0
13.269387755102 0.0
13.2734693877551 0.0
13.2775510204082 0.80049
13.2816326530612 39.6903
13.2857142857143 58.5362
13.2897959183673 69.8837
13.2938775510204 70.7692
13.2979591836735 66.0161
13.3020408163265 56.8349
13.3061224489796 44.431
13.3102040816327 32.2521
13.3142857142857 21.2731
13.3183673469388 7.32492
13.3224489795918 0.0
13.3265306122449 0.0
13.330612244898 0.0
13.334693877551 0.0
13.3387755102041 0.0
13.3428571428571 0.0
13.3469387755102 0.0
13.3510204081633 0.0
13.3551020408163 0.0
13.3591836734694 0.0
13.3632653061224 0.0
13.3673469387755 0.0
13.3714285714286 0.0
13.3755102040816 0.0
13.3795918367347 0.0
13.3836734693878 0.0341237
13.3877551020408 0.288129
13.3918367346939 2.96888
13.3959183673469 2.10899
13.4 4.20538
13.4040816326531 5.5106
13.4081632653061 3.19412
13.4122448979592 2.24432
13.4163265306122 0.536531
13.4204081632653 0.0
13.4244897959184 0.0
13.4285714285714 0.0
13.4326530612245 0.0523329
13.4367346938776 19.9309
13.4408163265306 31.5287
13.4448979591837 75.1978
13.4489795918367 137.454
13.4530612244898 137.108
13.4571428571429 160.309
13.4612244897959 151.165
13.465306122449 149.246
13.469387755102 138.786
13.4734693877551 117.561
13.4775510204082 94.0839
13.4816326530612 70.4737
13.4857142857143 48.8508
13.4897959183673 32.4974
13.4938775510204 14.4737
13.4979591836735 1.10251
13.5020408163265 0.0
13.5061224489796 0.0
13.5102040816327 0.0
13.5142857142857 0.0
13.5183673469388 0.0
13.5224489795918 0.0
13.5265306122449 0.0
13.530612244898 0.0
13.534693877551 0.0
13.5387755102041 0.0
13.5428571428571 0.0
13.5469387755102 0.0
13.5510204081633 0.0
13.5551020408163 0.0
13.5591836734694 0.0
13.5632653061224 0.0
13.5673469387755 0.0
13.5714285714286 0.0
13.5755102040816 0.0
13.5795918367347 0.0
13.5836734693878 0.0
13.5877551020408 0.0
13.5918367346939 0.0
13.5959183673469 0.0
13.6 0.0
13.6040816326531 0.0
13.6081632653061 0.0
13.6122448979592 0.0
13.6163265306122 0.0
13.6204081632653 0.0
13.6244897959184 0.0
13.6285714285714 0.0
13.6326530612245 0.0
13.6367346938776 0.0
13.6408163265306 0.0
13.6448979591837 0.0
13.6489795918367 0.0
13.6530612244898 0.0
13.6571428571429 0.0
13.6612244897959 1.74588
13.665306122449 7.37119
13.669387755102 8.54796
13.6734693877551 4.51273
13.6775510204082 4.43989
13.6816326530612 19.8901
13.6857142857143 30.5259
13.6897959183673 24.8382
13.6938775510204 17.2665
13.6979591836735 12.7786
13.7020408163265 6.71871
13.7061224489796 0.0
13.7102040816327 0.0
13.7142857142857 0.0
13.7183673469388 0.0
13.7224489795918 0.0
13.7265306122449 0.0
13.730612244898 0.0
13.734693877551 0.0
13.7387755102041 0.0
13.7428571428571 0.0
13.7469387755102 0.0
13.7510204081633 0.0
13.7551020408163 0.0
13.7591836734694 0.0
13.7632653061224 0.0
13.7673469387755 0.0
13.7714285714286 0.0
13.7755102040816 0.0
13.7795918367347 0.0
13.7836734693878 0.0
13.7877551020408 0.0
13.7918367346939 0.0
13.7959183673469 0.0
13.8 0.0
13.8040816326531 5.49132
13.8081632653061 0.867512
13.8122448979592 3.93444
13.8163265306122 10.329
13.8204081632653 28.6225
13.8244897959184 54.4223
13.8285714285714 64.1927
13.8326530612245 63.5343
13.8367346938776 52.2087
13.8408163265306 43.4382
13.8448979591837 46.9972
13.8489795918367 41.9384
13.8530612244898 44.6487
13.8571428571429 52.072
13.8612244897959 62.2931
13.865306122449 53.4604
13.869387755102 32.9172
13.8734693877551 23.0015
13.8775510204082 11.3246
13.8816326530612 4.0437
13.8857142857143 0.0
13.8897959183673 0.0
13.8938775510204 0.0
13.8979591836735 0.0
13.9020408163265 0.0
13.9061224489796 0.0
13.9102040816327 0.0
13.9142857142857 0.0
13.9183673469388 0.0
13.9224489795918 0.0
13.9265306122449 0.0
13.930612244898 0.0
13.934693877551 0.0
13.9387755102041 0.0
13.9428571428571 0.0
13.9469387755102 0.0
13.9510204081633 0.0
13.9551020408163 0.0
13.9591836734694 0.0
13.9632653061224 0.0
13.9673469387755 0.0
13.9714285714286 0.0
13.9755102040816 0.0
13.9795918367347 0.0
13.9836734693878 0.0
13.9877551020408 0.0
13.9918367346939 0.0
13.9959183673469 0.0
14.0 0.0
14.0040816326531 0.0
14.0081632653061 0.0
14.0122448979592 0.0
14.0163265306122 0.0
14.0204081632653 3.71939
14.0244897959184 4.03953
14.0285714285714 12.0489
14.0326530612245 36.2664
14.0367346938776 45.8441
14.0408163265306 52.4619
14.0448979591837 49.5897
14.0489795918367 63.0233
14.0530612244898 70.9684
14.0571428571429 56.3479
14.0612244897959 50.3536
14.065306122449 42.9404
14.069387755102 31.5592
14.0734693877551 21.7915
14.0775510204082 16.2404
14.0816326530612 10.7005
14.0857142857143 6.38103
14.0897959183673 1.65623
14.0938775510204 0.0
14.0979591836735 0.0
14.1020408163265 0.0
14.1061224489796 0.0
14.1102040816327 0.0
14.1142857142857 0.0
14.1183673469388 0.0
14.1224489795918 0.0
14.1265306122449 0.0
14.130612244898 0.0
14.134693877551 0.0
14.1387755102041 0.0
14.1428571428571 0.0
14.1469387755102 0.0
14.1510204081633 0.0
14.1551020408163 0.0
14.1591836734694 0.0
14.1632653061224 0.0
14.1673469387755 0.0
14.1714285714286 0.0
14.1755102040816 11.279
14.1795918367347 69.8766
14.1836734693878 111.242
14.1877551020408 161.928
14.1918367346939 168.752
14.1959183673469 163.837
14.2 156.247
14.2040816326531 135.742
14.2081632653061 109.866
14.2122448979592 82.9711
14.2163265306122 56.8154
14.2204081632653 45.5203
14.2244897959184 24.5131
14.2285714285714 4.08393
14.2326530612245 0.0
14.2367346938776 0.0
14.2408163265306 0.0
14.2448979591837 0.0
14.2489795918367 0.0
14.2530612244898 0.0
14.2571428571429 0.0
14.2612244897959 0.0
14.265306122449 0.0
14.269387755102 0.0
14.2734693877551 0.0
14.2775510204082 0.0
14.2816326530612 0.0
14.2857142857143 0.0
14.2897959183673 0.0
14.2938775510204 0.0
14.2979591836735 0.0
14.3020408163265 3.1929
14.3061224489796 2.50259
14.3102040816327 3.53344
14.3142857142857 0.0
14.3183673469388 0.0
14.3224489795918 3.6881
14.3265306122449 2.29573
14.330612244898 0.51254
14.334693877551 0.0
14.3387755102041 0.0
14.3428571428571 0.0
14.3469387755102 0.0
14.3510204081633 0.0
14.3551020408163 0.0
14.3591836734694 0.0
14.3632653061224 0.0
14.3673469387755 0.0
14.3714285714286 0.0
14.3755102040816 0.0
14.3795918367347 0.0
14.3836734693878 0.0
14.3877551020408 0.0
14.3918367346939 0.0
14.3959183673469 3.89409
14.4 36.1416
14.4040816326531 60.5314
14.4081632653061 69.8512
14.4122448979592 54.1123
14.4163265306122 33.9773
14.4204081632653 22.6906
14.4244897959184 11.7995
14.4285714285714 8.68976
14.4326530612245 1.82152
14.4367346938776 0.084877
14.4408163265306 0.0
14.4448979591837 0.0
14.4489795918367 0.0
14.4530612244898 0.0
14.4571428571429 0.0
14.4612244897959 0.0
14.465306122449 0.0
14.469387755102 0.0
14.4734693877551 0.0
14.4775510204082 0.0
14.4816326530612 0.0
14.4857142857143 0.0
14.4897959183673 0.0
14.4938775510204 0.0
14.4979591836735 0.0
14.5020408163265 0.0
14.5061224489796 0.0
14.5102040816327 0.0
14.5142857142857 0.0
14.5183673469388 0.0
14.5224489795918 0.0
14.5265306122449 0.0
14.530612244898 0.0
14.534693877551 0.0
14.5387755102041 0.0
14.5428571428571 0.0
14.5469387755102 16.6181
14.5510204081633 24.4398
14.5551020408163 38.6787
14.5591836734694 64.8463
14.5632653061224 106.528
14.5673469387755 107.264
14.5714285714286 119.971
14.5755102040816 101.278
14.5795918367347 115.185
14.5836734693878 102.03
14.5877551020408 99.3325
14.5918367346939 107.035
14.5959183673469 116.448
14.6 113.869
14.6040816326531 88.1898
14.6081632653061 67.875
14.6122448979592 55.952
14.6163265306122 31.5129
14.6204081632653 11.2617
14.6244897959184 0.0
14.6285714285714 0.0
14.6326530612245 0.0
14.6367346938776 0.0
14.6408163265306 0.0
14.6448979591837 0.0
14.6489795918367 0.0
14.6530612244898 0.0
14.6571428571429 0.0
14.6612244897959 0.0
14.665306122449 0.0
14.669387755102 0.0
14.6734693877551 0.0
14.6775510204082 0.0
14.6816326530612 0.0
14.6857142857143 0.0
14.6897959183673 0.0
14.6938775510204 0.0
14.6979591836735 0.0
14.7020408163265 0.0
14.7061224489796 0.0
14.7102040816327 0.0
14.7142857142857 0.0
14.7183673469388 0.0
14.7224489795918 0.0
14.7265306122449 0.0
14.730612244898 0.0
14.734693877551 0.0
14.7387755102041 0.0
14.7428571428571 0.0
14.7469387755102 0.0
14.7510204081633 0.0
14.7551020408163 0.0
14.7591836734694 0.0
14.7632653061224 0.0
14.7673469387755 0.0
14.7714285714286 0.754267
14.7755102040816 16.2661
14.7795918367347 28.1515
14.7836734693878 22.8457
14.7877551020408 20.7821
14.7918367346939 18.9585
14.7959183673469 22.8896
14.8 18.0803
14.8040816326531 5.02038
14.8081632653061 0.0
14.8122448979592 0.0
14.8163265306122 0.0
14.8204081632653 0.0
14.8244897959184 0.0
14.8285714285714 0.0
14.8326530612245 0.0
14.8367346938776 0.0
14.8408163265306 0.0
14.8448979591837 0.0
14.8489795918367 0.0
14.8530612244898 0.0
14.8571428571429 0.0
14.8612244897959 0.0
14.865306122449 0.0
14.869387755102 0.0
14.8734693877551 0.0
14.8775510204082 0.492156
14.8816326530612 0.0
14.8857142857143 0.0
14.8897959183673 0.427991
14.8938775510204 1.66594
14.8979591836735 5.96109
14.9020408163265 8.10584
14.9061224489796 0.0
14.9102040816327 19.3821
14.9142857142857 0.0
14.9183673469388 10.6812
14.9224489795918 5.09867
14.9265306122449 0.0
14.930612244898 8.79469
14.934693877551 19.0144
14.9387755102041 21.2143
14.9428571428571 25.8855
14.9469387755102 25.414
14.9510204081633 23.4213
14.9551020408163 12.3907
14.9591836734694 0.0
14.9632653061224 0.0
14.9673469387755 0.0
14.9714285714286 0.0
14.9755102040816 0.0
