1.99183673469388 1
2.13877551020408 1
2.55510204081633 1
2.89387755102041 1
3.29387755102041 1
3.67755102040816 1
4.04897959183674 1
4.44081632653061 1
4.80408163265306 1
5.19591836734694 1
5.42857142857143 1
5.58775510204082 1
5.79591836734694 1
5.96734693877551 1
6.33877551020408 1
6.70204081632653 1
6.91428571428571 1
7.83265306122449 1
8.18367346938775 1
8.55918367346939 1
9.67755102040816 1
10.0734693877551 1
10.6489795918367 1
10.8081632653061 1
11.1836734693878 1
11.6 1
11.9551020408163 1
12.1591836734694 1
12.5387755102041 1
12.7183673469388 1
13.0857142857143 1
13.4571428571429 1
14.1918367346939 1
14.5714285714286 1
