0.00408163265306122 21.4179
0.00816326530612245 16.9805
0.0122448979591837 14.3946
0.0163265306122449 16.0925
0.0204081632653061 13.96
0.0244897959183673 10.2418
0.0285714285714286 12.2657
0.0326530612244898 7.69043
0.036734693877551 1.27101
0.0408163265306122 0.0
0.0448979591836735 0.0
0.0489795918367347 0.0
0.0530612244897959 0.0
0.0571428571428571 0.0
0.0612244897959184 0.0
0.0653061224489796 0.0
0.0693877551020408 0.0
0.073469387755102 0.0
0.0775510204081633 0.0
0.0816326530612245 0.0
0.0857142857142857 0.0
0.0897959183673469 0.0
0.0938775510204082 0.0
0.0979591836734694 0.0
0.102040816326531 0.0
0.106122448979592 0.0
0.110204081632653 0.0
0.114285714285714 0.126756
0.118367346938776 2.71404
0.122448979591837 0.0
0.126530612244898 0.0
0.130612244897959 0.0
0.13469387755102 0.0
0.138775510204082 0.0
0.142857142857143 0.0
0.146938775510204 0.0
0.151020408163265 0.0
0.155102040816327 0.0
0.159183673469388 0.0
0.163265306122449 0.0
0.16734693877551 0.0
0.171428571428571 0.0
0.175510204081633 0.0
0.179591836734694 0.0
0.183673469387755 0.0
0.187755102040816 0.0
0.191836734693878 0.0
0.195918367346939 0.0
0.2 0.0
0.204081632653061 0.0
0.208163265306122 0.0
0.212244897959184 0.0
0.216326530612245 0.0
0.220408163265306 0.0
0.224489795918367 0.0
0.228571428571429 1.18476
0.23265306122449 7.47088
0.236734693877551 3.2717
0.240816326530612 3.46148
0.244897959183673 0.0
0.248979591836735 3.40408
0.253061224489796 7.91821
0.257142857142857 12.208
0.261224489795918 9.12506
0.26530612244898 6.2257
0.269387755102041 12.694
0.273469387755102 12.3169
0.277551020408163 7.62632
0.281632653061224 7.17047
0.285714285714286 5.27844
0.289795918367347 1.0891
0.293877551020408 0.0
0.297959183673469 0.0
0.302040816326531 0.0
0.306122448979592 0.0
0.310204081632653 5.88099
0.314285714285714 20.6307
0.318367346938775 38.0275
0.322448979591837 30.957
0.326530612244898 25.9187
0.330612244897959 22.4723
0.33469387755102 29.1454
0.338775510204082 40.796
0.342857142857143 42.0056
0.346938775510204 45.8511
0.351020408163265 48.0347
0.355102040816327 46.6454
0.359183673469388 38.1136
0.363265306122449 31.301
0.36734693877551 25.2374
0.371428571428571 19.7267
0.375510204081633 29.949
0.379591836734694 35.0342
0.383673469387755 34.8475
0.387755102040816 29.2188
0.391836734693878 39.6733
0.395918367346939 35.5517
0.4 32.516
0.404081632653061 22.4957
0.408163265306122 14.5543
0.412244897959184 6.48174
0.416326530612245 2.53788
0.420408163265306 0.0
0.424489795918367 0.0
0.428571428571429 0.0
0.43265306122449 0.0
0.436734693877551 0.0
0.440816326530612 0.0
0.444897959183673 0.0
0.448979591836735 0.0
0.453061224489796 0.0
0.457142857142857 0.0
0.461224489795918 0.0
0.46530612244898 0.0
0.469387755102041 0.0
0.473469387755102 0.0
0.477551020408163 0.0
0.481632653061224 0.0
0.485714285714286 0.0
0.489795918367347 0.0
0.493877551020408 0.0
0.497959183673469 0.0
0.502040816326531 0.0
0.506122448979592 0.0
0.510204081632653 0.0
0.514285714285714 0.0
0.518367346938776 0.0
0.522448979591837 0.0
0.526530612244898 0.0
0.530612244897959 2.57319
0.53469387755102 10.3102
0.538775510204082 9.8837
0.542857142857143 12.4654
0.546938775510204 16.3115
0.551020408163265 17.3835
0.555102040816327 17.3336
0.559183673469388 16.2906
0.563265306122449 15.6953
0.56734693877551 14.4081
0.571428571428571 11.9441
0.575510204081633 9.80031
0.579591836734694 7.61747
0.583673469387755 8.50233
0.587755102040816 5.40783
0.591836734693878 2.60306
0.595918367346939 2.33789
0.6 3.36727
0.604081632653061 2.54917
0.608163265306122 1.83412
0.612244897959184 0.186563
0.616326530612245 0.0
0.620408163265306 0.0
0.624489795918367 0.0
0.628571428571429 0.0
0.63265306122449 0.0
0.636734693877551 0.0
0.640816326530612 0.0
0.644897959183673 0.0
0.648979591836735 0.0
0.653061224489796 0.0
0.657142857142857 0.0
0.661224489795918 0.0
0.66530612244898 0.0
0.669387755102041 0.0
0.673469387755102 0.0
0.677551020408163 0.0
0.681632653061224 12.5787
0.685714285714286 27.6403
0.689795918367347 68.2374
0.693877551020408 70.2395
0.697959183673469 78.8223
0.702040816326531 76.3555
0.706122448979592 72.4961
0.710204081632653 66.8549
0.714285714285714 86.9677
0.718367346938775 76.2386
0.722448979591837 84.7198
0.726530612244898 86.1888
0.730612244897959 78.9216
0.73469387755102 77.8269
0.738775510204082 68.95
0.742857142857143 60.6712
0.746938775510204 50.388
0.751020408163265 40.0586
0.755102040816326 31.9105
0.759183673469388 24.551
0.763265306122449 13.0527
0.76734693877551 1.49907
0.771428571428571 0.0
0.775510204081633 0.0
0.779591836734694 0.0
0.783673469387755 0.0
0.787755102040816 0.0
0.791836734693877 0.0
0.795918367346939 0.0
0.8 0.0
0.804081632653061 0.0
0.808163265306122 0.0
0.812244897959184 0.0
0.816326530612245 0.0
0.820408163265306 0.0
0.824489795918367 0.0
0.828571428571429 0.0
0.83265306122449 0.0
0.836734693877551 0.0
0.840816326530612 0.0
0.844897959183673 0.0
0.848979591836735 0.0
0.853061224489796 0.0
0.857142857142857 0.0
0.861224489795918 0.0
0.86530612244898 0.0
0.869387755102041 0.0
0.873469387755102 0.0
0.877551020408163 0.0
0.881632653061225 0.0
0.885714285714286 1.32269
0.889795918367347 0.0
0.893877551020408 1.33061
0.897959183673469 0.0
0.902040816326531 0.0
0.906122448979592 0.0
0.910204081632653 0.0
0.914285714285714 0.0
0.918367346938776 0.0
0.922448979591837 0.0
0.926530612244898 0.0
0.930612244897959 0.0
0.93469387755102 0.0
0.938775510204082 0.0
0.942857142857143 0.0
0.946938775510204 0.0
0.951020408163265 0.0
0.955102040816327 0.0
0.959183673469388 0.0
0.963265306122449 6.74887
0.96734693877551 2.93791
0.971428571428571 2.34228
0.975510204081633 0.0
0.979591836734694 0.253856
0.983673469387755 0.0
0.987755102040816 1.57324
0.991836734693878 0.542819
0.995918367346939 0.0
1.0 0.0
1.00408163265306 0.0
1.00816326530612 0.0
1.01224489795918 0.0
1.01632653061224 0.0
1.02040816326531 1.22342
1.02448979591837 0.0
1.02857142857143 0.0
1.03265306122449 2.99883
1.03673469387755 0.0
1.04081632653061 0.0
1.04489795918367 0.0
1.04897959183673 0.0
1.0530612244898 1.18628
1.05714285714286 6.91719
1.06122448979592 13.7827
1.06530612244898 17.4716
1.06938775510204 33.3622
1.0734693877551 53.5365
1.07755102040816 68.7474
1.08163265306122 70.8269
1.08571428571429 62.2616
1.08979591836735 56.9519
1.09387755102041 53.8564
1.09795918367347 54.7757
1.10204081632653 41.6017
1.10612244897959 42.3847
1.11020408163265 37.7231
1.11428571428571 26.1028
1.11836734693878 17.7743
1.12244897959184 13.5411
1.1265306122449 15.0272
1.13061224489796 16.4207
1.13469387755102 10.9768
1.13877551020408 8.57946
1.14285714285714 7.68983
1.1469387755102 4.58808
1.15102040816327 2.4333
1.15510204081633 0.0
1.15918367346939 0.0
1.16326530612245 0.0
1.16734693877551 0.0
1.17142857142857 0.0
1.17551020408163 0.0
1.17959183673469 0.0
1.18367346938776 0.0
1.18775510204082 0.0
1.19183673469388 0.0
1.19591836734694 0.0
1.2 0.0
1.20408163265306 0.0
1.20816326530612 0.0
1.21224489795918 0.0
1.21632653061224 0.0
1.22040816326531 0.0
1.22448979591837 0.0
1.22857142857143 1.49205
1.23265306122449 1.30632
1.23673469387755 0.0
1.24081632653061 0.0
1.24489795918367 2.06969
1.24897959183673 2.28953
1.2530612244898 1.56744
1.25714285714286 0.923045
1.26122448979592 0.614971
1.26530612244898 0.0
1.26938775510204 0.0
1.2734693877551 0.0
1.27755102040816 0.317872
1.28163265306122 6.01229
1.28571428571429 5.23541
1.28979591836735 5.16468
1.29387755102041 6.93519
1.29795918367347 7.26618
1.30204081632653 10.2595
1.30612244897959 7.4541
1.31020408163265 6.46192
1.31428571428571 6.58309
1.31836734693878 11.8189
1.32244897959184 11.4679
1.3265306122449 7.02888
1.33061224489796 5.26044
1.33469387755102 5.34624
1.33877551020408 2.81429
1.34285714285714 0.340223
1.3469387755102 4.95455
1.35102040816327 4.82532
1.35510204081633 2.04432
1.35918367346939 2.26737
1.36326530612245 0.0
1.36734693877551 0.0
1.37142857142857 0.0
1.37551020408163 0.0
1.37959183673469 0.0
1.38367346938776 0.0
1.38775510204082 0.0
1.39183673469388 0.0
1.39591836734694 0.0
1.4 0.0
1.40408163265306 0.0
1.40816326530612 0.0
1.41224489795918 0.0
1.41632653061225 0.0
1.42040816326531 0.0
1.42448979591837 0.0
1.42857142857143 1.62995
1.43265306122449 7.02288
1.43673469387755 12.5271
1.44081632653061 13.6128
1.44489795918367 20.5009
1.44897959183673 34.3312
1.4530612244898 47.4205
1.45714285714286 57.9444
1.46122448979592 69.9903
1.46530612244898 88.9445
1.46938775510204 84.1997
1.4734693877551 77.1331
1.47755102040816 63.1506
1.48163265306122 60.3945
1.48571428571429 51.1762
1.48979591836735 39.2035
1.49387755102041 28.8508
1.49795918367347 20.478
1.50204081632653 9.7579
1.50612244897959 0.0
1.51020408163265 0.0
1.51428571428571 0.0
1.51836734693878 0.0
1.52244897959184 0.0
1.5265306122449 0.0
1.53061224489796 0.0
1.53469387755102 0.0
1.53877551020408 0.0
1.54285714285714 0.0
1.5469387755102 0.0
1.55102040816327 0.0
1.55510204081633 0.0
1.55918367346939 0.0
1.56326530612245 0.0
1.56734693877551 0.0
1.57142857142857 0.0
1.57551020408163 0.0
1.57959183673469 0.0
1.58367346938775 0.0
1.58775510204082 0.0
1.59183673469388 0.0
1.59591836734694 0.0
1.6 0.0
1.60408163265306 0.0
1.60816326530612 0.0
1.61224489795918 0.0
1.61632653061224 0.0
1.62040816326531 0.0
1.62448979591837 0.0
1.62857142857143 0.0
1.63265306122449 0.0
1.63673469387755 0.0
1.64081632653061 0.0
1.64489795918367 1.22702
1.64897959183673 4.50504
1.6530612244898 1.10352
1.65714285714286 0.0
1.66122448979592 0.0
1.66530612244898 0.0
1.66938775510204 0.843644
1.6734693877551 1.86551
1.67755102040816 0.0
1.68163265306122 0.431955
1.68571428571429 0.0
1.68979591836735 2.84898
1.69387755102041 0.956051
1.69795918367347 0.0
1.70204081632653 0.0
1.70612244897959 0.0
1.71020408163265 0.0
1.71428571428571 0.0
1.71836734693878 0.0
1.72244897959184 0.0
1.7265306122449 0.0
1.73061224489796 0.0
1.73469387755102 0.0
1.73877551020408 0.0
1.74285714285714 0.0
1.7469387755102 0.0
1.75102040816327 0.0
1.75510204081633 0.0
1.75918367346939 0.0
1.76326530612245 0.0
1.76734693877551 0.0
1.77142857142857 0.0
1.77551020408163 0.0
1.77959183673469 0.0
1.78367346938776 2.52079
1.78775510204082 0.0
1.79183673469388 0.0
1.79591836734694 3.73387
1.8 0.0
1.80408163265306 0.0
1.80816326530612 0.0
1.81224489795918 0.0
1.81632653061224 0.851035
1.82040816326531 8.5592
1.82448979591837 32.0501
1.82857142857143 40.1876
1.83265306122449 55.3034
1.83673469387755 79.7599
1.84081632653061 79.4371
1.84489795918367 70.6604
1.84897959183673 69.2143
1.8530612244898 60.6631
1.85714285714286 47.9254
1.86122448979592 38.2735
1.86530612244898 38.6305
1.86938775510204 30.1762
1.8734693877551 27.7417
1.87755102040816 25.9093
1.88163265306122 21.4806
1.88571428571429 24.9528
1.88979591836735 19.1603
1.89387755102041 17.8861
1.89795918367347 9.19585
1.90204081632653 6.69461
1.90612244897959 14.9351
1.91020408163265 15.0658
1.91428571428571 9.17387
1.91836734693878 1.84095
1.92244897959184 6.0409
1.9265306122449 4.0198
1.93061224489796 0.557542
1.93469387755102 0.0
1.93877551020408 0.0
1.94285714285714 0.0
1.9469387755102 0.0
1.95102040816327 0.0
1.95510204081633 0.0
1.95918367346939 0.0
1.96326530612245 0.0
1.96734693877551 0.0
1.97142857142857 0.0
1.97551020408163 0.0
1.97959183673469 0.0
1.98367346938776 0.0
1.98775510204082 0.0
1.99183673469388 0.0
1.99591836734694 0.0
2.0 0.0
2.00408163265306 0.0
2.00816326530612 0.0
2.01224489795918 0.0
2.01632653061225 0.0
2.02040816326531 0.0
2.02448979591837 0.0
2.02857142857143 0.0
2.03265306122449 0.0
2.03673469387755 0.0
2.04081632653061 0.0
2.04489795918367 0.0
2.04897959183673 1.61904
2.0530612244898 0.268459
2.05714285714286 4.77786
2.06122448979592 3.5574
2.06530612244898 0.0
2.06938775510204 0.0
2.0734693877551 0.0
2.07755102040816 0.0
2.08163265306122 0.0
2.08571428571429 0.0
2.08979591836735 0.0
2.09387755102041 0.0
2.09795918367347 0.0
2.10204081632653 0.0
2.10612244897959 0.0
2.11020408163265 0.0
2.11428571428571 0.0
2.11836734693878 1.03569
2.12244897959184 1.59317
2.1265306122449 0.49901
2.13061224489796 0.0
2.13469387755102 0.0
2.13877551020408 0.843257
2.14285714285714 3.67075
2.1469387755102 4.71473
2.15102040816327 6.72269
2.15510204081633 3.61852
2.15918367346939 1.40029
2.16326530612245 0.374891
2.16734693877551 0.0
2.17142857142857 0.0
2.17551020408163 0.0
2.17959183673469 0.103533
2.18367346938776 0.0
2.18775510204082 0.413865
2.19183673469388 1.16713
2.19591836734694 5.67207
2.2 9.92563
2.20408163265306 15.274
2.20816326530612 13.3466
2.21224489795918 30.4187
2.21632653061224 29.8684
2.22040816326531 37.4426
2.22448979591837 44.5254
2.22857142857143 59.069
2.23265306122449 82.0872
2.23673469387755 66.1777
2.24081632653061 68.4412
2.24489795918367 71.2169
2.24897959183673 74.2797
2.2530612244898 70.2028
2.25714285714286 62.4702
2.26122448979592 56.7507
2.26530612244898 46.528
2.26938775510204 36.6285
2.2734693877551 24.3368
2.27755102040816 16.2502
2.28163265306122 4.95317
2.28571428571429 0.0
2.28979591836735 0.0
2.29387755102041 0.0
2.29795918367347 0.0
2.30204081632653 0.0
2.30612244897959 0.0
2.31020408163265 0.0
2.31428571428571 0.0
2.31836734693878 0.0
2.32244897959184 0.0
2.3265306122449 0.0
2.33061224489796 0.0
2.33469387755102 0.0
2.33877551020408 0.0
2.34285714285714 0.0
2.3469387755102 0.0
2.35102040816327 0.0
2.35510204081633 0.0
2.35918367346939 0.0
2.36326530612245 0.0
2.36734693877551 0.0
2.37142857142857 0.0
2.37551020408163 0.0
2.37959183673469 0.0
2.38367346938776 0.0
2.38775510204082 0.0
2.39183673469388 0.0
2.39591836734694 0.0
2.4 0.0
2.40408163265306 0.0
2.40816326530612 0.0
2.41224489795918 0.0
2.41632653061225 5.72756
2.42040816326531 18.3086
2.42448979591837 11.9418
2.42857142857143 19.2627
2.43265306122449 19.6789
2.43673469387755 4.22049
2.44081632653061 11.2837
2.44489795918367 9.61239
2.44897959183673 10.5806
2.4530612244898 10.7581
2.45714285714286 9.31743
2.46122448979592 5.52005
2.46530612244898 5.72386
2.46938775510204 8.86914
2.4734693877551 3.79974
2.47755102040816 2.72992
2.48163265306122 0.0
2.48571428571429 0.0
2.48979591836735 0.0
2.49387755102041 0.0
2.49795918367347 0.0
2.50204081632653 0.0
2.50612244897959 0.0
2.51020408163265 0.0
2.51428571428571 0.0
2.51836734693878 0.0
2.52244897959184 0.0
2.5265306122449 0.0
2.53061224489796 0.0
2.53469387755102 0.0
2.53877551020408 0.0
2.54285714285714 0.0
2.5469387755102 0.0
2.55102040816327 0.0
2.55510204081633 0.0
2.55918367346939 0.0
2.56326530612245 0.0
2.56734693877551 0.0
2.57142857142857 0.0
2.57551020408163 0.0
2.57959183673469 0.0
2.58367346938775 1.66738
2.58775510204082 2.14803
2.59183673469388 0.762314
2.59591836734694 3.00856
2.6 4.4863
2.60408163265306 4.26408
2.60816326530612 3.45877
2.61224489795918 3.87526
2.61632653061224 2.65255
2.62040816326531 7.16494
2.62448979591837 7.03256
2.62857142857143 7.37275
2.63265306122449 12.2759
2.63673469387755 18.2731
2.64081632653061 23.3935
2.64489795918367 22.714
2.64897959183673 20.6267
2.6530612244898 17.2537
2.65714285714286 14.0757
2.66122448979592 10.6581
2.66530612244898 7.73911
2.66938775510204 3.90236
2.6734693877551 0.576705
2.67755102040816 0.0
2.68163265306122 0.0
2.68571428571429 0.0
2.68979591836735 0.0
2.69387755102041 0.314489
2.69795918367347 1.63652
2.70204081632653 3.0445
2.70612244897959 4.27054
2.71020408163265 0.568464
2.71428571428571 0.0
2.71836734693878 0.0
2.72244897959184 2.2175
2.7265306122449 0.0
2.73061224489796 0.841022
2.73469387755102 0.0
2.73877551020408 0.0
2.74285714285714 0.0
2.7469387755102 0.0
2.75102040816327 0.0
2.75510204081633 0.0
2.75918367346939 0.0
2.76326530612245 0.0
2.76734693877551 0.0
2.77142857142857 0.0
2.77551020408163 0.0
2.77959183673469 0.0
2.78367346938776 0.0
2.78775510204082 0.0
2.79183673469388 0.0
2.79591836734694 0.0
2.8 0.0
2.80408163265306 0.0
2.80816326530612 4.44613
2.81224489795918 6.52471
2.81632653061224 6.58478
2.82040816326531 5.76328
2.82448979591837 5.57244
2.82857142857143 4.33466
2.83265306122449 0.360698
2.83673469387755 1.67608
2.84081632653061 0.0
2.84489795918367 0.0
2.84897959183673 0.0
2.8530612244898 2.28304
2.85714285714286 1.33735
2.86122448979592 3.53593
2.86530612244898 0.296205
2.86938775510204 0.322282
2.8734693877551 0.0
2.87755102040816 0.157833
2.88163265306122 0.0891536
2.88571428571429 0.526354
2.88979591836735 2.55853
2.89387755102041 8.81881
2.89795918367347 7.75477
2.90204081632653 2.8367
2.90612244897959 0.342965
2.91020408163265 0.0
2.91428571428571 0.0
2.91836734693878 0.0
2.92244897959184 0.0
2.9265306122449 0.0
2.93061224489796 0.0
2.93469387755102 0.0
2.93877551020408 0.0
2.94285714285714 0.0
2.9469387755102 0.0
2.95102040816327 0.0
2.95510204081633 0.0
2.95918367346939 2.34675
2.96326530612245 1.17686
2.96734693877551 19.2265
2.97142857142857 33.9426
2.97551020408163 54.2328
2.97959183673469 70.8194
2.98367346938775 85.0065
2.98775510204082 84.9479
2.99183673469388 85.0658
2.99591836734694 73.3374
3.0 67.8789
3.00408163265306 64.3383
3.00816326530612 61.7153
3.01224489795918 59.3913
3.01632653061225 45.1664
3.02040816326531 30.7966
3.02448979591837 15.5733
3.02857142857143 1.62858
3.03265306122449 0.0
3.03673469387755 0.0
3.04081632653061 0.0
3.04489795918367 0.0
3.04897959183673 0.0
3.0530612244898 0.0
3.05714285714286 0.0
3.06122448979592 0.0
3.06530612244898 0.0
3.06938775510204 0.0
3.0734693877551 0.0
3.07755102040816 0.0
3.08163265306122 0.0
3.08571428571429 0.0
3.08979591836735 0.0
3.09387755102041 0.0
3.09795918367347 0.0
3.10204081632653 0.0
3.10612244897959 0.0
3.11020408163265 0.0
3.11428571428571 0.0
3.11836734693878 0.0
3.12244897959184 0.0
3.1265306122449 0.0
3.13061224489796 0.0
3.13469387755102 0.0
3.13877551020408 0.0
3.14285714285714 0.0
3.1469387755102 0.0
3.15102040816327 0.0
3.15510204081633 0.0
3.15918367346939 0.0
3.16326530612245 0.0
3.16734693877551 0.0
3.17142857142857 0.0
3.17551020408163 0.0
3.17959183673469 0.0
3.18367346938776 0.0
3.18775510204082 0.0
3.19183673469388 0.0
3.19591836734694 0.0
3.2 0.0
3.20408163265306 0.0
3.20816326530612 0.0
3.21224489795918 0.0
3.21632653061224 0.0
3.22040816326531 0.0
3.22448979591837 0.0
3.22857142857143 0.0
3.23265306122449 0.0
3.23673469387755 0.0
3.24081632653061 0.0
3.24489795918367 0.0
3.24897959183673 0.0
3.2530612244898 7.13584
3.25714285714286 5.29408
3.26122448979592 0.0
3.26530612244898 7.27984
3.26938775510204 6.64625
3.2734693877551 4.529
3.27755102040816 3.90354
3.28163265306122 4.14968
3.28571428571429 2.91115
3.28979591836735 4.442
3.29387755102041 0.0
3.29795918367347 0.0
3.30204081632653 0.0
3.30612244897959 0.0
3.31020408163265 0.0
3.31428571428571 0.0
3.31836734693878 0.0
3.32244897959184 0.0
3.3265306122449 0.0
3.33061224489796 0.0
3.33469387755102 4.64696
3.33877551020408 59.2739
3.34285714285714 104.224
3.3469387755102 134.183
3.35102040816327 133.586
3.35510204081633 118.367
3.35918367346939 106.906
3.36326530612245 101.045
3.36734693877551 82.4421
3.37142857142857 68.538
3.37551020408163 54.227
3.37959183673469 39.0179
3.38367346938776 35.1646
3.38775510204082 35.5238
3.39183673469388 37.7415
3.39591836734694 45.7283
3.4 57.7732
3.40408163265306 58.8113
3.40816326530612 55.3187
3.41224489795918 50.2809
3.41632653061225 42.7724
3.42040816326531 35.9548
3.42448979591837 32.3756
3.42857142857143 27.6201
3.43265306122449 18.0433
3.43673469387755 10.3047
3.44081632653061 5.46539
3.44489795918367 0.0
3.44897959183673 0.0
3.4530612244898 4.2299
3.45714285714286 3.38042
3.46122448979592 2.60258
3.46530612244898 2.29526
3.46938775510204 1.92046
3.4734693877551 0.0
3.47755102040816 0.0
3.48163265306122 0.0
3.48571428571429 0.0
3.48979591836735 0.0
3.49387755102041 0.0
3.49795918367347 0.0
3.50204081632653 0.0
3.50612244897959 0.0
3.51020408163265 0.0
3.51428571428571 0.0
3.51836734693878 0.0
3.52244897959184 0.0
3.5265306122449 0.0
3.53061224489796 0.0
3.53469387755102 0.0
3.53877551020408 0.0
3.54285714285714 0.0
3.5469387755102 0.0
3.55102040816327 0.0
3.55510204081633 0.0
3.55918367346939 0.0
3.56326530612245 0.0
3.56734693877551 0.0
3.57142857142857 0.0
3.57551020408163 0.0
3.57959183673469 0.0
3.58367346938775 0.0
3.58775510204082 0.0
3.59183673469388 0.0
3.59591836734694 0.0
3.6 0.0
3.60408163265306 0.0
3.60816326530612 0.0
3.61224489795918 0.0
3.61632653061224 0.0
3.62040816326531 0.0
3.62448979591837 0.0
3.62857142857143 0.0
3.63265306122449 0.0
3.63673469387755 0.0
3.64081632653061 0.0
3.64489795918367 0.0
3.64897959183673 0.0
3.6530612244898 0.0
3.65714285714286 0.0
3.66122448979592 0.0
3.66530612244898 0.0
3.66938775510204 0.0
3.6734693877551 0.0
3.67755102040816 0.0
3.68163265306122 0.0
3.68571428571429 0.0
3.68979591836735 0.0
3.69387755102041 0.0
3.69795918367347 0.0
3.70204081632653 0.0
3.70612244897959 3.68959
3.71020408163265 2.25818
3.71428571428571 11.5768
3.71836734693878 36.1398
3.72244897959184 42.1815
3.7265306122449 63.9588
3.73061224489796 98.9095
3.73469387755102 104.601
3.73877551020408 107.332
3.74285714285714 103.894
3.7469387755102 93.9119
3.75102040816327 86.5676
3.75510204081633 79.492
3.75918367346939 75.6735
3.76326530612245 73.5229
3.76734693877551 70.4841
3.77142857142857 62.9871
3.77551020408163 52.8104
3.77959183673469 38.2551
3.78367346938776 21.9227
3.78775510204082 9.53743
3.79183673469388 0.402808
3.79591836734694 0.0
3.8 0.0
3.80408163265306 0.0
3.80816326530612 0.0
3.81224489795918 0.0
3.81632653061224 0.0
3.82040816326531 0.0
3.82448979591837 0.0
3.82857142857143 0.0
3.83265306122449 0.0
3.83673469387755 0.0
3.84081632653061 0.0
3.84489795918367 0.0
3.84897959183673 0.0
3.8530612244898 0.0
3.85714285714286 0.0
3.86122448979592 0.0
3.86530612244898 0.0
3.86938775510204 0.0
3.8734693877551 0.0
3.87755102040816 0.0
3.88163265306122 0.0
3.88571428571429 0.0
3.88979591836735 0.0
3.89387755102041 0.0
3.89795918367347 0.0
3.90204081632653 0.0
3.90612244897959 0.0
3.91020408163265 0.0
3.91428571428571 0.0
3.91836734693878 0.0
3.92244897959184 0.0
3.9265306122449 0.0
3.93061224489796 0.0
3.93469387755102 0.874907
3.93877551020408 3.30162
3.94285714285714 5.3471
3.9469387755102 6.06582
3.95102040816327 5.68965
3.95510204081633 3.88089
3.95918367346939 9.07567
3.96326530612245 5.29084
3.96734693877551 1.99467
3.97142857142857 0.0
3.97551020408163 2.92219
3.97959183673469 0.0
3.98367346938775 0.0
3.98775510204082 0.140041
3.99183673469388 2.21336
3.99591836734694 0.754774
4.0 0.568509
4.00408163265306 0.0
4.00816326530612 0.0
4.01224489795918 0.0
4.01632653061225 0.0
4.02040816326531 0.0
4.02448979591837 0.0
4.02857142857143 0.0
4.03265306122449 0.0
4.03673469387755 0.0
4.04081632653061 0.0
4.04489795918367 0.0
4.04897959183673 0.0
4.0530612244898 0.0
4.05714285714286 2.98311
4.06122448979592 6.3515
4.06530612244898 8.65832
4.06938775510204 9.98169
4.0734693877551 7.64379
4.07755102040816 2.19501
4.08163265306122 4.58459
4.08571428571429 1.17987
4.08979591836735 2.60102
4.09387755102041 4.21475
4.09795918367347 2.52563
4.10204081632653 11.5855
4.10612244897959 8.20995
4.11020408163265 22.0392
4.11428571428571 26.6229
4.11836734693878 38.1505
4.12244897959184 49.7083
4.1265306122449 52.1657
4.13061224489796 53.3015
4.13469387755102 50.5549
4.13877551020408 45.633
4.14285714285714 37.4248
4.1469387755102 28.289
4.15102040816326 21.8383
4.15510204081633 14.682
4.15918367346939 7.93016
4.16326530612245 4.92075
4.16734693877551 0.669718
4.17142857142857 0.0
4.17551020408163 0.0
4.17959183673469 0.0
4.18367346938776 0.0
4.18775510204082 0.0
4.19183673469388 0.0
4.19591836734694 0.0
4.2 0.0
4.20408163265306 0.0
4.20816326530612 0.0
4.21224489795918 0.0
4.21632653061225 3.09932
4.22040816326531 1.18923
4.22448979591837 0.0
4.22857142857143 4.51073
4.23265306122449 0.691354
4.23673469387755 0.0
4.24081632653061 0.0
4.24489795918367 4.89584
4.24897959183673 4.33946
4.2530612244898 1.32084
4.25714285714286 7.04169
4.26122448979592 3.77399
4.26530612244898 0.0
4.26938775510204 0.0
4.2734693877551 0.0
4.27755102040816 0.0
4.28163265306122 0.0
4.28571428571429 0.0
4.28979591836735 0.0
4.29387755102041 0.0
4.29795918367347 0.0
4.30204081632653 0.0
4.30612244897959 0.0
4.31020408163265 0.0
4.31428571428571 0.607431
4.31836734693878 8.31425
4.32244897959184 4.58276
4.3265306122449 7.50327
4.33061224489796 13.1074
4.33469387755102 14.6844
4.33877551020408 23.4149
4.34285714285714 27.9821
4.3469387755102 29.4509
4.35102040816327 25.3451
4.35510204081633 20.5613
4.35918367346939 29.1963
4.36326530612245 26.6204
4.36734693877551 23.6074
4.37142857142857 17.7617
4.37551020408163 11.155
4.37959183673469 6.94784
4.38367346938776 1.67656
4.38775510204082 0.0
4.39183673469388 0.0
4.39591836734694 0.0
4.4 0.0
4.40408163265306 0.0
4.40816326530612 0.0
4.41224489795918 0.0
4.41632653061224 0.0
4.42040816326531 0.0
4.42448979591837 0.0
4.42857142857143 0.0
4.43265306122449 0.0
4.43673469387755 0.459909
4.44081632653061 0.0
4.44489795918367 0.0
4.44897959183673 0.0
4.4530612244898 0.0
4.45714285714286 0.0
4.46122448979592 3.07906
4.46530612244898 6.90156
4.46938775510204 7.56812
4.4734693877551 11.6125
4.47755102040816 16.2898
4.48163265306122 3.0638
4.48571428571429 11.6103
4.48979591836735 10.1396
4.49387755102041 17.959
4.49795918367347 17.6907
4.50204081632653 20.7784
4.50612244897959 23.3439
4.51020408163265 36.6109
4.51428571428571 43.4422
4.51836734693878 40.7912
4.52244897959184 44.635
4.5265306122449 38.6198
4.53061224489796 28.7033
4.53469387755102 14.3365
4.53877551020408 7.08926
4.54285714285714 0.0
4.5469387755102 0.0
4.55102040816327 0.0
4.55510204081633 0.0
4.55918367346939 0.0
4.56326530612245 0.0
4.56734693877551 0.0
4.57142857142857 0.0
4.57551020408163 0.0
4.57959183673469 0.0
4.58367346938776 0.0
4.58775510204082 0.0
4.59183673469388 0.0
4.59591836734694 0.0
4.6 0.0
4.60408163265306 0.0
4.60816326530612 0.0
4.61224489795918 0.0
4.61632653061224 0.927329
4.62040816326531 1.46955
4.62448979591837 0.0
4.62857142857143 0.0
4.63265306122449 0.0
4.63673469387755 0.0
4.64081632653061 0.0
4.64489795918367 0.0
4.64897959183673 0.0
4.6530612244898 0.0
4.65714285714286 0.0
4.66122448979592 0.0
4.66530612244898 0.0
4.66938775510204 0.0
4.6734693877551 0.0
4.67755102040816 0.0
4.68163265306122 0.0
4.68571428571429 0.0
4.68979591836735 0.323609
4.69387755102041 0.0
4.69795918367347 6.54154
4.70204081632653 10.851
4.70612244897959 16.3158
4.71020408163265 9.41259
4.71428571428571 4.49634
4.71836734693878 4.35856
4.72244897959184 6.68506
4.7265306122449 5.36358
4.73061224489796 1.88398
4.73469387755102 0.0
4.73877551020408 0.0
4.74285714285714 8.38044
4.7469387755102 9.32924
4.75102040816327 3.19503
4.75510204081633 0.340641
4.75918367346939 1.78671
4.76326530612245 4.5512
4.76734693877551 8.03187
4.77142857142857 5.19338
4.77551020408163 11.8927
4.77959183673469 13.8413
4.78367346938775 10.9714
4.78775510204082 5.92655
4.79183673469388 0.645399
4.79591836734694 0.0
4.8 0.0
4.80408163265306 0.0
4.80816326530612 4.07824
4.81224489795918 0.0
4.81632653061224 0.0
4.82040816326531 0.0
4.82448979591837 0.0
4.82857142857143 0.0
4.83265306122449 0.0
4.83673469387755 0.0
4.84081632653061 0.0
4.84489795918367 0.0
4.84897959183674 2.72387
4.8530612244898 1.13472
4.85714285714286 0.0
4.86122448979592 0.0
4.86530612244898 1.33866
4.86938775510204 2.98408
4.8734693877551 4.8303
4.87755102040816 17.7403
4.88163265306122 21.8653
4.88571428571429 25.3917
4.88979591836735 35.9774
4.89387755102041 36.4182
4.89795918367347 27.7283
4.90204081632653 26.0654
4.90612244897959 26.375
4.91020408163265 29.1054
4.91428571428571 29.521
4.91836734693878 33.3138
4.92244897959184 19.6993
4.9265306122449 10.1217
4.93061224489796 1.94597
4.93469387755102 0.0
4.93877551020408 0.0
4.94285714285714 0.0
4.9469387755102 0.0
4.95102040816327 0.0
4.95510204081633 0.0
4.95918367346939 0.0
4.96326530612245 0.0
4.96734693877551 0.0
4.97142857142857 0.0
4.97551020408163 0.0
4.97959183673469 0.0
4.98367346938775 0.0
4.98775510204082 0.0
4.99183673469388 0.0
4.99591836734694 0.0
5.0 0.0
5.00408163265306 0.0
5.00816326530612 0.0
5.01224489795918 0.0
5.01632653061225 0.0
5.02040816326531 0.0
5.02448979591837 0.0
5.02857142857143 3.64923
5.03265306122449 0.149012
5.03673469387755 0.0
5.04081632653061 0.0
5.04489795918367 0.0
5.04897959183673 0.0
5.0530612244898 0.0
5.05714285714286 0.0
5.06122448979592 0.0
5.06530612244898 0.0
5.06938775510204 0.0
5.0734693877551 0.0
5.07755102040816 0.0
5.08163265306122 0.0
5.08571428571429 0.0
5.08979591836735 0.0
5.09387755102041 0.0
5.09795918367347 0.0
5.10204081632653 0.0
5.10612244897959 0.0
5.11020408163265 0.0
5.11428571428571 0.0
5.11836734693878 0.0
5.12244897959184 0.0
5.1265306122449 0.0
5.13061224489796 0.0
5.13469387755102 5.63462
5.13877551020408 6.22481
5.14285714285714 0.0
5.1469387755102 0.492871
5.15102040816326 0.0
5.15510204081633 0.0
5.15918367346939 0.0
5.16326530612245 0.0
5.16734693877551 0.541911
5.17142857142857 0.0
5.17551020408163 0.0
5.17959183673469 0.0
5.18367346938776 0.0
5.18775510204082 0.0
5.19183673469388 0.0
5.19591836734694 0.0
5.2 0.0
5.20408163265306 0.0
5.20816326530612 0.0
5.21224489795918 0.0
5.21632653061225 0.0
5.22040816326531 0.919089
5.22448979591837 9.0445
5.22857142857143 17.495
5.23265306122449 29.6963
5.23673469387755 43.5058
5.24081632653061 56.3498
5.24489795918367 70.5906
5.24897959183673 71.3171
5.2530612244898 82.626
5.25714285714286 97.2188
5.26122448979592 97.6936
5.26530612244898 93.6045
5.26938775510204 99.6811
5.2734693877551 99.2776
5.27755102040816 88.4706
5.28163265306122 81.0832
5.28571428571429 71.574
5.28979591836735 66.8722
5.29387755102041 53.3975
5.29795918367347 46.5099
5.30204081632653 42.7016
5.30612244897959 35.7678
5.31020408163265 32.2225
5.31428571428571 25.4358
5.31836734693878 26.6231
5.32244897959184 26.9447
5.3265306122449 25.6683
5.33061224489796 22.0763
5.33469387755102 14.9575
5.33877551020408 8.79011
5.34285714285714 1.80256
5.3469387755102 0.0
5.35102040816327 0.0
5.35510204081633 0.0
5.35918367346939 0.0
5.36326530612245 0.0
5.36734693877551 0.0
5.37142857142857 0.0
5.37551020408163 0.0
5.37959183673469 0.0
5.38367346938776 0.0
5.38775510204082 0.0
5.39183673469388 0.0
5.39591836734694 0.0
5.4 0.0
5.40408163265306 0.0
5.40816326530612 0.0
5.41224489795918 0.0
5.41632653061224 0.0
5.42040816326531 0.0
5.42448979591837 0.0
5.42857142857143 0.0
5.43265306122449 0.0
5.43673469387755 0.0
5.44081632653061 0.0
5.44489795918367 0.0
5.44897959183673 0.0
5.4530612244898 0.0
5.45714285714286 0.0
5.46122448979592 0.0
5.46530612244898 0.0
5.46938775510204 0.0
5.4734693877551 0.0
5.47755102040816 0.0
5.48163265306122 0.0
5.48571428571429 0.0
5.48979591836735 0.0
5.49387755102041 0.0
5.49795918367347 0.0
5.50204081632653 0.0
5.50612244897959 0.0
5.51020408163265 0.0
5.51428571428571 0.0
5.51836734693878 0.0
5.52244897959184 0.0
5.5265306122449 0.0
5.53061224489796 0.0
5.53469387755102 0.0
5.53877551020408 0.0
5.54285714285714 0.0
5.5469387755102 0.0
5.55102040816327 0.0
5.55510204081633 0.0
5.55918367346939 0.0
5.56326530612245 0.0
5.56734693877551 0.0
5.57142857142857 0.0
5.57551020408163 0.0
5.57959183673469 0.0
5.58367346938776 3.87061
5.58775510204082 7.52336
5.59183673469388 5.56238
5.59591836734694 8.87899
5.6 11.119
5.60408163265306 16.6955
5.60816326530612 21.6382
5.61224489795918 57.4212
5.61632653061224 68.0919
5.62040816326531 63.7069
5.62448979591837 73.0437
5.62857142857143 76.8065
5.63265306122449 91.1068
5.63673469387755 99.9265
5.64081632653061 116.582
5.64489795918367 107.495
5.64897959183673 101.753
5.6530612244898 89.1503
5.65714285714286 76.1431
5.66122448979592 66.7693
5.66530612244898 57.3332
5.66938775510204 48.8159
5.6734693877551 36.9186
5.67755102040816 23.5081
5.68163265306122 12.0894
5.68571428571429 6.97951
5.68979591836735 5.96619
5.69387755102041 3.05521
5.69795918367347 2.87336
5.70204081632653 0.0
5.70612244897959 0.0
5.71020408163265 0.0
5.71428571428571 0.0
5.71836734693878 0.0
5.72244897959184 0.0
5.7265306122449 0.0
5.73061224489796 0.0
5.73469387755102 0.0
5.73877551020408 0.0
5.74285714285714 0.0
5.7469387755102 0.0
5.75102040816327 0.0
5.75510204081633 0.0
5.75918367346939 0.0
5.76326530612245 0.0
5.76734693877551 0.0
5.77142857142857 0.0
5.77551020408163 0.0
5.77959183673469 0.0
5.78367346938775 0.0
5.78775510204082 0.0
5.79183673469388 0.0
5.79591836734694 0.0
5.8 0.0
5.80408163265306 0.0
5.80816326530612 0.0
5.81224489795918 0.0
5.81632653061224 0.0
5.82040816326531 0.0
5.82448979591837 0.0
5.82857142857143 0.0
5.83265306122449 0.0
5.83673469387755 0.0
5.84081632653061 0.0
5.84489795918367 0.0
5.84897959183674 0.0
5.8530612244898 0.0
5.85714285714286 0.0
5.86122448979592 0.0
5.86530612244898 0.0
5.86938775510204 0.0
5.8734693877551 0.0
5.87755102040816 0.0
5.88163265306122 0.0
5.88571428571429 0.0
5.88979591836735 1.88029
5.89387755102041 2.96313
5.89795918367347 0.0
5.90204081632653 0.0415444
5.90612244897959 0.0
5.91020408163265 0.0
5.91428571428571 0.0
5.91836734693878 0.0
5.92244897959184 0.0
5.9265306122449 0.0
5.93061224489796 0.0
5.93469387755102 0.0
5.93877551020408 0.0
5.94285714285714 0.0
5.9469387755102 0.0
5.95102040816327 0.0
5.95510204081633 0.0
5.95918367346939 0.0
5.96326530612245 0.848651
5.96734693877551 0.255346
5.97142857142857 4.07964
5.97551020408163 3.51799
5.97959183673469 0.0
5.98367346938775 0.0
5.98775510204082 0.0
5.99183673469388 0.0
5.99591836734694 3.95107
6.0 14.8516
6.00408163265306 30.0432
6.00816326530612 36.1989
6.01224489795918 43.4797
6.01632653061225 57.2395
6.02040816326531 69.756
6.02448979591837 77.2619
6.02857142857143 80.6314
6.03265306122449 78.7015
6.03673469387755 80.9911
6.04081632653061 75.1557
6.04489795918367 63.9846
6.04897959183673 54.3717
6.0530612244898 39.3055
6.05714285714286 26.6476
6.06122448979592 14.6083
6.06530612244898 9.89589
6.06938775510204 6.70901
6.0734693877551 4.77153
6.07755102040816 5.00002
6.08163265306122 7.70992
6.08571428571429 4.70123
6.08979591836735 2.90811
6.09387755102041 1.54564
6.09795918367347 0.0
6.10204081632653 0.0
6.10612244897959 0.0
6.11020408163265 0.0
6.11428571428571 0.0
6.11836734693878 0.0
6.12244897959184 0.0
6.1265306122449 0.0
6.13061224489796 0.0
6.13469387755102 0.0
6.13877551020408 0.0
6.14285714285714 0.0
6.1469387755102 0.0
6.15102040816326 0.0
6.15510204081633 0.0
6.15918367346939 0.0
6.16326530612245 0.0
6.16734693877551 0.0
6.17142857142857 0.0
6.17551020408163 0.0
6.17959183673469 0.0
6.18367346938776 0.0
6.18775510204082 0.0
6.19183673469388 0.0
6.19591836734694 0.0
6.2 0.0
6.20408163265306 0.0
6.20816326530612 0.292122
6.21224489795918 0.0
6.21632653061225 1.82658
6.22040816326531 4.90904
6.22448979591837 9.37575
6.22857142857143 7.76595
6.23265306122449 2.71988
6.23673469387755 1.19705
6.24081632653061 0.0
6.24489795918367 0.0
6.24897959183673 0.0
6.2530612244898 0.0
6.25714285714286 0.0
6.26122448979592 0.0
6.26530612244898 0.0
6.26938775510204 0.00792742
6.2734693877551 4.98992
6.27755102040816 5.29236
6.28163265306122 0.413358
6.28571428571429 0.0
6.28979591836735 0.0
6.29387755102041 0.0
6.29795918367347 0.0
6.30204081632653 0.0
6.30612244897959 0.0
6.31020408163265 0.0
6.31428571428571 0.0
6.31836734693878 0.591278
6.32244897959184 4.88347
6.3265306122449 1.34149
6.33061224489796 0.0
6.33469387755102 0.0
6.33877551020408 0.0
6.34285714285714 0.0
6.3469387755102 0.0
6.35102040816327 3.28207
6.35510204081633 21.0443
6.35918367346939 22.6024
6.36326530612245 23.8846
6.36734693877551 33.9369
6.37142857142857 44.6699
6.37551020408163 50.1742
6.37959183673469 52.5755
6.38367346938776 45.3109
6.38775510204082 37.642
6.39183673469388 33.9693
6.39591836734694 30.8576
6.4 29.5972
6.40408163265306 25.9329
6.40816326530612 24.7839
6.41224489795918 24.4924
6.41632653061224 22.0298
6.42040816326531 19.0128
6.42448979591837 28.7996
6.42857142857143 16.8492
6.43265306122449 5.36507
6.43673469387755 2.05481
6.44081632653061 3.53593
6.44489795918367 4.52709
6.44897959183673 0.749394
6.4530612244898 7.62843
6.45714285714286 12.4613
6.46122448979592 10.3403
6.46530612244898 3.06529
6.46938775510204 0.0
6.4734693877551 0.0
6.47755102040816 0.0
6.48163265306122 0.0
6.48571428571429 0.0
6.48979591836735 0.0
6.49387755102041 0.0
6.49795918367347 0.0
6.50204081632653 0.0
6.50612244897959 0.0
6.51020408163265 0.0
6.51428571428571 0.0
6.51836734693878 0.0
6.52244897959184 0.0
6.5265306122449 0.0
6.53061224489796 0.0
6.53469387755102 0.0
6.53877551020408 0.0
6.54285714285714 0.0
6.5469387755102 0.0
6.55102040816327 0.0
6.55510204081633 0.0
6.55918367346939 0.0
6.56326530612245 0.0
6.56734693877551 0.0
6.57142857142857 0.18692
6.57551020408163 0.850454
6.57959183673469 2.65631
6.58367346938776 3.06387
6.58775510204082 2.54394
6.59183673469388 1.09795
6.59591836734694 0.0
6.6 0.0
6.60408163265306 0.0
6.60816326530612 0.0
6.61224489795918 0.0
6.61632653061224 0.0
6.62040816326531 0.0
6.62448979591837 0.0
6.62857142857143 0.0
6.63265306122449 0.0
6.63673469387755 0.0
6.64081632653061 0.0
6.64489795918367 0.0
6.64897959183673 0.0
6.6530612244898 0.0
6.65714285714286 0.0
6.66122448979592 0.0
6.66530612244898 0.0
6.66938775510204 0.0
6.6734693877551 0.0
6.67755102040816 0.0
6.68163265306122 0.0
6.68571428571429 0.0
6.68979591836735 0.0
6.69387755102041 0.0
6.69795918367347 1.29592
6.70204081632653 3.99078
6.70612244897959 0.0
6.71020408163265 0.0
6.71428571428571 0.0
6.71836734693878 2.35323
6.72244897959184 1.21324
6.7265306122449 1.552
6.73061224489796 4.66527
6.73469387755102 7.15923
6.73877551020408 16.065
6.74285714285714 30.5668
6.7469387755102 41.0652
6.75102040816327 33.3141
6.75510204081633 48.5084
6.75918367346939 51.0581
6.76326530612245 56.5121
6.76734693877551 70.7142
6.77142857142857 78.6521
6.77551020408163 79.4059
6.77959183673469 88.4379
6.78367346938775 77.1477
6.78775510204082 88.1698
6.79183673469388 75.1805
6.79591836734694 81.9477
6.8 73.5064
6.80408163265306 60.141
6.80816326530612 54.3488
6.81224489795918 41.987
6.81632653061224 42.5355
6.82040816326531 33.8789
6.82448979591837 30.722
6.82857142857143 26.43
6.83265306122449 18.7886
6.83673469387755 9.70359
6.84081632653061 0.112951
6.84489795918367 0.0
6.84897959183674 0.0
6.8530612244898 0.0
6.85714285714286 0.0
6.86122448979592 0.0
6.86530612244898 0.0
6.86938775510204 0.0
6.8734693877551 0.0
6.87755102040816 0.140741
6.88163265306122 0.0
6.88571428571429 0.0
6.88979591836735 0.0
6.89387755102041 0.0
6.89795918367347 0.0
6.90204081632653 0.0
6.90612244897959 0.0
6.91020408163265 0.0
6.91428571428571 0.0
6.91836734693878 0.0
6.92244897959184 0.0
6.9265306122449 0.0
6.93061224489796 0.0
6.93469387755102 0.0
6.93877551020408 0.0
6.94285714285714 0.0
6.9469387755102 0.0
6.95102040816327 0.0
6.95510204081633 0.0
6.95918367346939 0.0
6.96326530612245 0.0
6.96734693877551 0.0
6.97142857142857 0.0
6.97551020408163 0.0
6.97959183673469 0.0
6.98367346938775 0.0
6.98775510204082 0.289261
6.99183673469388 0.0
6.99591836734694 0.0
7.0 0.0
7.00408163265306 1.69802
7.00816326530612 0.0
7.01224489795918 4.40204
7.01632653061225 1.95876
7.02040816326531 1.87555
7.02448979591837 0.0
7.02857142857143 0.0
7.03265306122449 0.0
7.03673469387755 0.0
7.04081632653061 0.0
7.04489795918367 0.0
7.04897959183673 0.0
7.0530612244898 0.0
7.05714285714286 0.0
7.06122448979592 0.0
7.06530612244898 0.0
7.06938775510204 0.0
7.0734693877551 0.0
7.07755102040816 0.0
7.08163265306122 0.0
7.08571428571429 1.69933
7.08979591836735 0.0
7.09387755102041 2.35027
7.09795918367347 5.84775
7.10204081632653 10.6182
7.10612244897959 7.82163
7.11020408163265 11.9923
7.11428571428571 14.2319
7.11836734693878 17.3579
7.12244897959184 22.7408
7.1265306122449 14.7597
7.13061224489796 20.8103
7.13469387755102 16.3499
7.13877551020408 19.0544
7.14285714285714 8.50978
7.1469387755102 0.845522
7.15102040816326 0.85701
7.15510204081633 2.58698
7.15918367346939 0.873536
7.16326530612245 11.5135
7.16734693877551 17.5771
7.17142857142857 13.7426
7.17551020408163 8.97381
7.17959183673469 7.21186
7.18367346938776 2.00862
7.18775510204082 0.0
7.19183673469388 0.0
7.19591836734694 7.56402
7.2 7.53513
7.20408163265306 0.749588
7.20816326530612 0.0
7.21224489795918 0.0
7.21632653061225 0.0
7.22040816326531 0.0
7.22448979591837 0.0
7.22857142857143 0.0
7.23265306122449 0.0
7.23673469387755 0.207961
7.24081632653061 2.80389
7.24489795918367 4.14649
7.24897959183673 0.0
7.2530612244898 3.76946
7.25714285714286 0.0
7.26122448979592 0.0
7.26530612244898 0.0
7.26938775510204 0.0
7.2734693877551 0.0
7.27755102040816 0.0
7.28163265306122 0.0
7.28571428571429 0.0
7.28979591836735 1.05751
7.29387755102041 3.24169
7.29795918367347 4.06367
7.30204081632653 7.11077
7.30612244897959 7.11768
7.31020408163265 9.82228
7.31428571428571 17.4979
7.31836734693878 17.3523
7.32244897959184 30.0144
7.3265306122449 23.6585
7.33061224489796 14.4608
7.33469387755102 18.0285
7.33877551020408 0.650164
7.34285714285714 7.41935
7.3469387755102 0.0
7.35102040816327 1.86253
7.35510204081633 2.19548
7.35918367346939 0.148654
7.36326530612245 0.0
7.36734693877551 0.0
7.37142857142857 0.0
7.37551020408163 0.0
7.37959183673469 0.283301
7.38367346938776 6.25876
7.38775510204082 1.53136
7.39183673469388 0.0
7.39591836734694 0.0
7.4 0.0
7.40408163265306 0.0
7.40816326530612 0.0
7.41224489795918 0.0
7.41632653061224 0.0
7.42040816326531 5.40537
7.42448979591837 15.3532
7.42857142857143 16.362
7.43265306122449 6.81078
7.43673469387755 3.56346
7.44081632653061 0.0
7.44489795918367 0.0
7.44897959183673 0.0
7.4530612244898 0.0
7.45714285714286 0.0
7.46122448979592 2.10094
7.46530612244898 0.0
7.46938775510204 0.0
7.4734693877551 0.0
7.47755102040816 4.0195
7.48163265306122 9.31633
7.48571428571429 17.3386
7.48979591836735 29.1997
7.49387755102041 52.9024
7.49795918367347 87.9262
7.50204081632653 119.004
7.50612244897959 142.332
7.51020408163265 153.968
7.51428571428571 139.851
7.51836734693878 124.645
7.52244897959184 98.068
7.5265306122449 87.7011
7.53061224489796 75.3185
7.53469387755102 60.78
7.53877551020408 42.2757
7.54285714285714 29.4953
7.5469387755102 14.6166
7.55102040816327 6.13689
7.55510204081633 0.0
7.55918367346939 0.0
7.56326530612245 0.0
7.56734693877551 0.0
7.57142857142857 0.0
7.57551020408163 0.0
7.57959183673469 0.0
7.58367346938776 0.0
7.58775510204082 0.0
7.59183673469388 0.0
7.59591836734694 0.0
7.6 0.0
7.60408163265306 0.0
7.60816326530612 0.0
7.61224489795918 0.0
7.61632653061224 0.0
7.62040816326531 0.0
7.62448979591837 0.0
7.62857142857143 0.0
7.63265306122449 0.0
7.63673469387755 0.0
7.64081632653061 0.0
7.64489795918367 0.0
7.64897959183673 0.0
7.6530612244898 0.0
7.65714285714286 0.0
7.66122448979592 0.0
7.66530612244898 0.0
7.66938775510204 0.0
7.6734693877551 0.0
7.67755102040816 0.0
7.68163265306122 0.0
7.68571428571429 0.0
7.68979591836735 0.0
7.69387755102041 0.0
7.69795918367347 0.0
7.70204081632653 0.0
7.70612244897959 0.0
7.71020408163265 0.0
7.71428571428571 0.0
7.71836734693878 0.0
7.72244897959184 0.0
7.7265306122449 0.0
7.73061224489796 0.0
7.73469387755102 0.0
7.73877551020408 0.0
7.74285714285714 0.0
7.7469387755102 0.0
7.75102040816327 0.0
7.75510204081633 0.0
7.75918367346939 4.12278
7.76326530612245 5.19408
7.76734693877551 4.04111
7.77142857142857 8.72034
7.77551020408163 16.9478
7.77959183673469 12.8094
7.78367346938775 13.7771
7.78775510204082 8.61068
7.79183673469388 5.69975
7.79591836734694 2.52682
7.8 0.0
7.80408163265306 0.0
7.80816326530612 0.0
7.81224489795918 0.0
7.81632653061224 0.0
7.82040816326531 0.0
7.82448979591837 0.0
7.82857142857143 0.0
7.83265306122449 0.0
7.83673469387755 0.0
7.84081632653061 0.0
7.84489795918367 0.0
7.84897959183674 0.0
7.8530612244898 0.0
7.85714285714286 0.0
7.86122448979592 0.0
7.86530612244898 0.0
7.86938775510204 0.0
7.8734693877551 0.0
7.87755102040816 0.0
7.88163265306122 6.40869
7.88571428571429 15.1968
7.88979591836735 30.8141
7.89387755102041 45.2351
7.89795918367347 63.9783
7.90204081632653 56.1224
7.90612244897959 57.9935
7.91020408163265 58.4839
7.91428571428571 58.5762
7.91836734693878 53.2792
7.92244897959184 52.3704
7.9265306122449 56.9883
7.93061224489796 57.3494
7.93469387755102 52.6064
7.93877551020408 45.5241
7.94285714285714 37.9273
7.9469387755102 35.9936
7.95102040816327 24.2841
7.95510204081633 12.7448
7.95918367346939 1.92991
7.96326530612245 0.0
7.96734693877551 0.0
7.97142857142857 0.0
7.97551020408163 0.0
7.97959183673469 0.0
7.98367346938775 0.0
7.98775510204082 0.0
7.99183673469388 0.0
7.99591836734694 0.0
8.0 0.0
8.00408163265306 0.0
8.00816326530612 0.0
8.01224489795918 0.0
8.01632653061225 0.0
8.02040816326531 0.0
8.02448979591837 0.0
8.02857142857143 0.0
8.03265306122449 0.0
8.03673469387755 0.0
8.04081632653061 0.0
8.04489795918367 0.0
8.04897959183674 0.0
8.0530612244898 0.0
8.05714285714286 2.18916
8.06122448979592 3.37026
8.06530612244898 4.28611
8.06938775510204 10.8517
8.0734693877551 5.55128
8.07755102040816 1.17975
8.08163265306122 0.0
8.08571428571429 0.0
8.08979591836735 0.0
8.09387755102041 0.0
8.09795918367347 0.0
8.10204081632653 0.0
8.10612244897959 0.0
8.11020408163265 0.0
8.11428571428571 0.0
8.11836734693878 0.0
8.12244897959184 0.0
8.1265306122449 0.0
8.13061224489796 0.0
8.13469387755102 0.0
8.13877551020408 0.0
8.14285714285714 0.0
8.1469387755102 0.0
8.15102040816327 0.0
8.15510204081633 0.0
8.15918367346939 1.27065
8.16326530612245 1.46487
8.16734693877551 2.33167
8.17142857142857 2.52268
8.17551020408163 4.92966
8.17959183673469 4.49833
8.18367346938776 4.49991
8.18775510204082 4.75234
8.19183673469388 2.25496
8.19591836734694 2.55859
8.2 5.15205
8.20408163265306 2.10562
8.20816326530612 3.10397
8.21224489795918 0.0
8.21632653061224 0.0
8.22040816326531 0.0
8.22448979591837 0.0
8.22857142857143 0.0
8.23265306122449 0.0
8.23673469387755 0.146419
8.24081632653061 1.35425
8.24489795918367 9.55501
8.24897959183673 34.6301
8.2530612244898 50.0186
8.25714285714286 48.5905
8.26122448979592 74.0671
8.26530612244898 85.884
8.26938775510204 91.3133
8.2734693877551 99.3308
8.27755102040816 108.01
8.28163265306122 103.818
8.28571428571429 96.863
8.28979591836735 81.0089
8.29387755102041 77.466
8.29795918367347 73.178
8.30204081632653 66.0938
8.30612244897959 55.9854
8.31020408163265 43.9576
8.31428571428571 31.9256
8.31836734693877 21.3147
8.32244897959184 15.7005
8.3265306122449 6.67882
8.33061224489796 0.0
8.33469387755102 0.0
8.33877551020408 0.0
8.34285714285714 0.0
8.3469387755102 0.0
8.35102040816327 0.0
8.35510204081633 0.0
8.35918367346939 0.0
8.36326530612245 0.0
8.36734693877551 0.0
8.37142857142857 0.0
8.37551020408163 0.0
8.37959183673469 0.0
8.38367346938776 0.0
8.38775510204082 0.0
8.39183673469388 0.0
8.39591836734694 0.0
8.4 0.0
8.40408163265306 0.0
8.40816326530612 0.0
8.41224489795918 0.0
8.41632653061225 0.0
8.42040816326531 0.0
8.42448979591837 0.0
8.42857142857143 0.0
8.43265306122449 0.0
8.43673469387755 0.0
8.44081632653061 0.0
8.44489795918367 0.0
8.44897959183673 0.0
8.4530612244898 0.0
8.45714285714286 0.0
8.46122448979592 0.0
8.46530612244898 0.0
8.46938775510204 0.0
8.4734693877551 0.0
8.47755102040816 0.0
8.48163265306122 0.0
8.48571428571429 0.0
8.48979591836735 0.0
8.49387755102041 0.0
8.49795918367347 0.0
8.50204081632653 0.0
8.50612244897959 0.519961
8.51020408163265 4.42767
8.51428571428571 7.83849
8.51836734693878 11.3534
8.52244897959184 13.1156
8.5265306122449 9.02444
8.53061224489796 12.269
8.53469387755102 18.7062
8.53877551020408 14.137
8.54285714285714 11.4391
8.5469387755102 6.03408
8.55102040816327 1.2961
8.55510204081633 0.0
8.55918367346939 0.0
8.56326530612245 0.0
8.56734693877551 0.0
8.57142857142857 0.0
8.57551020408163 0.0
8.57959183673469 0.0
8.58367346938775 0.0
8.58775510204082 0.0
8.59183673469388 1.71274
8.59591836734694 0.974208
8.6 0.0
8.60408163265306 0.0
8.60816326530612 0.0
8.61224489795918 0.0
8.61632653061224 0.0
8.62040816326531 0.0
8.62448979591837 0.0
8.62857142857143 0.0
8.63265306122449 0.0
8.63673469387755 0.0
8.64081632653061 0.0
8.64489795918367 0.0
8.64897959183673 0.0
8.6530612244898 0.0
8.65714285714286 7.89845
8.66122448979592 41.5554
8.66530612244898 46.6235
8.66938775510204 54.926
8.6734693877551 56.9807
8.67755102040816 59.6314
8.68163265306123 63.0846
8.68571428571429 64.8503
8.68979591836735 49.6372
8.69387755102041 34.3937
8.69795918367347 24.2484
8.70204081632653 22.1042
8.70612244897959 21.2757
8.71020408163265 18.7181
8.71428571428571 10.9042
8.71836734693878 10.7098
8.72244897959184 4.58215
8.7265306122449 1.04494
8.73061224489796 0.0
8.73469387755102 0.0
8.73877551020408 0.0
8.74285714285714 0.0
8.7469387755102 0.0
8.75102040816327 0.0
8.75510204081633 0.0
8.75918367346939 0.0
8.76326530612245 0.0
8.76734693877551 0.0
8.77142857142857 0.0
8.77551020408163 0.0
8.77959183673469 0.0
8.78367346938776 0.0
8.78775510204082 0.0
8.79183673469388 0.0
8.79591836734694 0.0
8.8 0.0
8.80408163265306 0.0
8.80816326530612 0.0
8.81224489795918 0.0
8.81632653061224 0.0
8.82040816326531 0.0
8.82448979591837 0.0
8.82857142857143 5.57905
8.83265306122449 9.27094
8.83673469387755 11.2781
8.84081632653061 9.61034
8.84489795918367 6.95161
8.84897959183673 8.42236
8.8530612244898 19.219
8.85714285714286 9.14123
8.86122448979592 2.19371
8.86530612244898 1.76109
8.86938775510204 1.47702
8.8734693877551 0.0
8.87755102040816 0.0
8.88163265306122 0.0
8.88571428571429 0.0
8.88979591836735 0.0
8.89387755102041 0.0
8.89795918367347 1.72788
8.90204081632653 7.76878
8.90612244897959 5.84859
8.91020408163265 11.313
8.91428571428571 16.1787
8.91836734693878 18.3433
8.92244897959184 17.3234
8.9265306122449 15.4322
8.93061224489796 11.6516
8.93469387755102 11.956
8.93877551020408 10.6818
8.94285714285714 8.66252
8.9469387755102 9.26065
8.95102040816326 8.4278
8.95510204081633 6.85835
8.95918367346939 5.64072
8.96326530612245 8.34754
8.96734693877551 2.6989
8.97142857142857 0.0
8.97551020408163 0.0
8.97959183673469 0.0
8.98367346938775 0.0
8.98775510204082 0.0
8.99183673469388 0.0
8.99591836734694 0.0
9.0 0.0
9.00408163265306 2.47738
9.00816326530612 11.6968
9.01224489795918 22.1113
9.01632653061225 37.9554
9.02040816326531 51.3455
9.02448979591837 81.5511
9.02857142857143 99.055
9.03265306122449 98.0793
9.03673469387755 76.8671
9.04081632653061 73.1275
9.04489795918367 71.6462
9.04897959183674 67.9038
9.0530612244898 66.9244
9.05714285714286 57.5532
9.06122448979592 47.4058
9.06530612244898 40.744
9.06938775510204 32.7439
9.0734693877551 27.1423
9.07755102040816 22.2649
9.08163265306122 13.9257
9.08571428571429 7.12299
9.08979591836735 6.1655
9.09387755102041 3.98149
9.09795918367347 2.87855
9.10204081632653 0.0566244
9.10612244897959 1.29896
9.11020408163265 0.0
9.11428571428571 0.0
9.11836734693878 0.0
9.12244897959184 0.0
9.1265306122449 0.0
9.13061224489796 0.0
9.13469387755102 0.0
9.13877551020408 0.0
9.14285714285714 0.0
9.1469387755102 0.0
9.15102040816327 0.0
9.15510204081633 0.0
9.15918367346939 0.0
9.16326530612245 0.0
9.16734693877551 0.0
9.17142857142857 0.0
9.17551020408163 0.0
9.17959183673469 0.0
9.18367346938776 0.0
9.18775510204082 0.0
9.19183673469388 0.0
9.19591836734694 0.0
9.2 0.0
9.20408163265306 0.0
9.20816326530612 0.0
9.21224489795918 0.0
9.21632653061224 0.0
9.22040816326531 0.0
9.22448979591837 0.0
9.22857142857143 0.0
9.23265306122449 0.0
9.23673469387755 0.0
9.24081632653061 0.0
9.24489795918367 0.0
9.24897959183673 0.0
9.2530612244898 0.0
9.25714285714286 0.0
9.26122448979592 0.0
9.26530612244898 0.0
9.26938775510204 0.0
9.2734693877551 0.0
9.27755102040816 3.2072
9.28163265306122 9.20844
9.28571428571429 15.0122
9.28979591836735 8.42136
9.29387755102041 2.87783
9.29795918367347 5.73885
9.30204081632653 15.7319
9.30612244897959 20.5114
9.31020408163265 11.8335
9.31428571428571 3.42149
9.31836734693877 0.0
9.32244897959184 0.0
9.3265306122449 0.0
9.33061224489796 0.0
9.33469387755102 0.0
9.33877551020408 0.0
9.34285714285714 0.0
9.3469387755102 0.0
9.35102040816327 0.0
9.35510204081633 0.0
9.35918367346939 0.0
9.36326530612245 0.0
9.36734693877551 0.0
9.37142857142857 0.0
9.37551020408163 0.0
9.37959183673469 0.0
9.38367346938776 0.0
9.38775510204082 0.0
9.39183673469388 0.0
9.39591836734694 0.0
9.4 0.0
9.40408163265306 0.0
9.40816326530612 3.01588
9.41224489795918 3.22756
9.41632653061225 10.3678
9.42040816326531 23.0251
9.42448979591837 14.145
9.42857142857143 22.4748
9.43265306122449 33.7948
9.43673469387755 32.4077
9.44081632653061 20.9743
9.44489795918367 23.4665
9.44897959183673 34.3588
9.4530612244898 45.2669
9.45714285714286 40.6899
9.46122448979592 32.1254
9.46530612244898 24.5799
9.46938775510204 18.4644
9.4734693877551 18.2192
9.47755102040816 19.1946
9.48163265306122 15.1228
9.48571428571429 10.6717
9.48979591836735 12.6274
9.49387755102041 6.85894
9.49795918367347 9.6786
9.50204081632653 5.42047
9.50612244897959 2.94745
9.51020408163265 1.32918
9.51428571428571 0.0
9.51836734693878 0.0
9.52244897959184 0.0
9.5265306122449 0.0
9.53061224489796 0.0
9.53469387755102 0.0
9.53877551020408 0.648513
9.54285714285714 0.0
9.5469387755102 0.0
9.55102040816327 0.0
9.55510204081633 0.0
9.55918367346939 0.0
9.56326530612245 0.0
9.56734693877551 0.0
9.57142857142857 0.0
9.57551020408163 0.0
9.57959183673469 0.0
9.58367346938775 3.62557
9.58775510204082 9.5191
9.59183673469388 7.33942
9.59591836734694 5.9922
9.6 5.89675
9.60408163265306 1.16974
9.60816326530612 0.0
9.61224489795918 0.0
9.61632653061224 0.0
9.62040816326531 0.0
9.62448979591837 0.0
9.62857142857143 0.899807
9.63265306122449 0.0
9.63673469387755 0.0
9.64081632653061 0.0
9.64489795918367 2.2462
9.64897959183673 0.0
9.6530612244898 0.0
9.65714285714286 0.0
9.66122448979592 0.0
9.66530612244898 0.0
9.66938775510204 0.0
9.6734693877551 0.0
9.67755102040816 1.86044
9.68163265306123 0.0
9.68571428571429 0.0
9.68979591836735 0.0
9.69387755102041 0.0
9.69795918367347 0.0
9.70204081632653 0.0
9.70612244897959 0.0
9.71020408163265 0.0
9.71428571428571 1.32145
9.71836734693878 2.0262
9.72244897959184 0.0
9.7265306122449 0.0
9.73061224489796 0.0
9.73469387755102 0.0
9.73877551020408 0.0
9.74285714285714 0.0
9.7469387755102 0.0
9.75102040816327 0.0
9.75510204081633 0.0
9.75918367346939 0.0
9.76326530612245 2.03616
9.76734693877551 18.5103
9.77142857142857 28.0482
9.77551020408163 48.7183
9.77959183673469 63.769
9.78367346938776 75.0055
9.78775510204082 136.131
9.79183673469388 143.384
9.79591836734694 143.953
9.8 133.372
9.80408163265306 129.855
9.80816326530612 121.105
9.81224489795918 106.004
9.81632653061224 88.6553
9.82040816326531 73.8797
9.82448979591837 54.1807
9.82857142857143 41.1203
9.83265306122449 29.9157
9.83673469387755 19.4981
9.84081632653061 6.80256
9.84489795918367 0.0
9.84897959183673 0.0
9.8530612244898 0.0
9.85714285714286 0.0
9.86122448979592 0.0
9.86530612244898 0.0
9.86938775510204 0.0
9.8734693877551 0.0
9.87755102040816 0.0
9.88163265306122 0.0
9.88571428571429 0.0
9.88979591836735 0.0
9.89387755102041 0.0
9.89795918367347 0.0
9.90204081632653 0.0
9.90612244897959 0.0
9.91020408163265 0.0
9.91428571428571 0.0
9.91836734693878 0.0
9.92244897959184 0.0
9.9265306122449 0.0
9.93061224489796 0.0
9.93469387755102 0.0
9.93877551020408 0.0
9.94285714285714 0.0
9.9469387755102 0.0
9.95102040816326 0.0
9.95510204081633 0.0
9.95918367346939 0.0
9.96326530612245 0.0
9.96734693877551 0.0
9.97142857142857 0.0
9.97551020408163 0.0
9.97959183673469 0.0
9.98367346938775 0.0
9.98775510204082 0.0
9.99183673469388 0.0
9.99591836734694 0.0
10.0 0.0
10.0040816326531 0.0
10.0081632653061 0.0
10.0122448979592 0.0
10.0163265306122 0.0
10.0204081632653 0.0
10.0244897959184 0.0
10.0285714285714 0.0
10.0326530612245 0.0
10.0367346938776 2.07376
10.0408163265306 15.2252
10.0448979591837 12.6519
10.0489795918367 10.1282
10.0530612244898 3.03447
10.0571428571429 0.0
10.0612244897959 8.21054
10.065306122449 5.58263
10.069387755102 5.76496
10.0734693877551 1.73646
10.0775510204082 0.0
10.0816326530612 0.0
10.0857142857143 0.0
10.0897959183673 0.0
10.0938775510204 0.0
10.0979591836735 0.0
10.1020408163265 0.0
10.1061224489796 0.0
10.1102040816327 0.0
10.1142857142857 0.0
10.1183673469388 0.0
10.1224489795918 0.0
10.1265306122449 0.0
10.130612244898 0.0
10.134693877551 0.0
10.1387755102041 0.0
10.1428571428571 0.0
10.1469387755102 0.0
10.1510204081633 0.0
10.1551020408163 0.0
10.1591836734694 0.0
10.1632653061224 0.0
10.1673469387755 0.987977
10.1714285714286 7.59701
10.1755102040816 27.7022
10.1795918367347 34.3987
10.1836734693878 47.41
10.1877551020408 49.8845
10.1918367346939 49.9903
10.1959183673469 54.026
10.2 65.7421
10.2040816326531 65.9914
10.2081632653061 61.576
10.2122448979592 47.7907
10.2163265306122 45.4084
10.2204081632653 39.0753
10.2244897959184 31.4362
10.2285714285714 21.4058
10.2326530612245 22.3927
10.2367346938776 18.4761
10.2408163265306 13.0898
10.2448979591837 3.89791
10.2489795918367 5.16486
10.2530612244898 7.3078
10.2571428571429 5.93401
10.2612244897959 3.31801
10.265306122449 0.859737
10.269387755102 0.0
10.2734693877551 0.0
10.2775510204082 0.0
10.2816326530612 0.0
10.2857142857143 0.0
10.2897959183673 0.0
10.2938775510204 0.0
10.2979591836735 0.0
10.3020408163265 0.0
10.3061224489796 0.0
10.3102040816327 0.0
10.3142857142857 0.0
10.3183673469388 0.0
10.3224489795918 0.0
10.3265306122449 0.0
10.330612244898 0.0
10.334693877551 8.46593
10.3387755102041 12.3312
10.3428571428571 15.4457
10.3469387755102 13.8686
10.3510204081633 11.5312
10.3551020408163 2.42354
10.3591836734694 2.1883
10.3632653061224 2.48967
10.3673469387755 0.0
10.3714285714286 0.0
10.3755102040816 0.0
10.3795918367347 0.0
10.3836734693878 0.0
10.3877551020408 0.0
10.3918367346939 0.0
10.3959183673469 5.44724
10.4 7.97772
10.4040816326531 13.3882
10.4081632653061 12.1039
10.4122448979592 13.6477
10.4163265306122 14.2542
10.4204081632653 9.32026
10.4244897959184 6.60819
10.4285714285714 2.80929
10.4326530612245 3.21019
10.4367346938776 4.59701
10.4408163265306 15.0213
10.4448979591837 12.7168
10.4489795918367 12.9104
10.4530612244898 10.9037
10.4571428571429 5.48438
10.4612244897959 1.83618
10.465306122449 0.0
10.469387755102 0.0
10.4734693877551 2.00689
10.4775510204082 0.0
10.4816326530612 1.36399
10.4857142857143 0.0
10.4897959183673 0.0
10.4938775510204 0.0
10.4979591836735 0.617623
10.5020408163265 0.0
10.5061224489796 0.0
10.5102040816327 0.0
10.5142857142857 0.0
10.5183673469388 0.0
10.5224489795918 0.0
10.5265306122449 0.0
10.530612244898 0.00184774
10.534693877551 5.9656
10.5387755102041 17.1949
10.5428571428571 31.5541
10.5469387755102 71.1756
10.5510204081633 89.5514
10.5551020408163 103.689
10.5591836734694 112.681
10.5632653061224 126.114
10.5673469387755 120.385
10.5714285714286 106.886
10.5755102040816 99.3198
10.5795918367347 82.7124
10.5836734693878 65.2578
10.5877551020408 52.3652
10.5918367346939 46.7721
10.5959183673469 40.2578
10.6 29.3409
10.6040816326531 16.276
10.6081632653061 4.94133
10.6122448979592 0.0
10.6163265306122 0.0
10.6204081632653 0.0
10.6244897959184 0.0
10.6285714285714 0.0
10.6326530612245 0.0
10.6367346938776 0.0
10.6408163265306 0.0
10.6448979591837 0.0
10.6489795918367 0.0
10.6530612244898 0.0
10.6571428571429 0.0
10.6612244897959 0.0
10.665306122449 0.0
10.669387755102 0.0
10.6734693877551 0.0
10.6775510204082 0.0
10.6816326530612 0.0
10.6857142857143 0.0
10.6897959183673 0.0
10.6938775510204 0.0
10.6979591836735 0.0
10.7020408163265 0.0
10.7061224489796 0.0
10.7102040816327 0.0
10.7142857142857 0.0
10.7183673469388 0.0
10.7224489795918 0.0
10.7265306122449 0.0
10.730612244898 0.0
10.734693877551 0.0
10.7387755102041 0.0
10.7428571428571 0.0
10.7469387755102 0.0
10.7510204081633 0.0
10.7551020408163 0.0
10.7591836734694 0.0
10.7632653061224 0.0
10.7673469387755 0.0
10.7714285714286 0.0
10.7755102040816 3.34042
10.7795918367347 0.0
10.7836734693878 3.25477
10.7877551020408 9.71633
10.7918367346939 0.714123
10.7959183673469 0.0
10.8 0.0
10.8040816326531 0.0
10.8081632653061 0.0
10.8122448979592 0.0
10.8163265306122 2.14398
10.8204081632653 0.0
10.8244897959184 0.0
10.8285714285714 0.0
10.8326530612245 0.0
10.8367346938776 0.715252
10.8408163265306 12.2423
10.8448979591837 8.05627
10.8489795918367 4.57292
10.8530612244898 4.10406
10.8571428571429 2.45351
10.8612244897959 1.69736
10.865306122449 0.0
10.869387755102 0.0
10.8734693877551 0.0
10.8775510204082 0.0
10.8816326530612 0.0
10.8857142857143 0.0
10.8897959183673 0.0
10.8938775510204 0.0
10.8979591836735 0.0
10.9020408163265 0.0
10.9061224489796 0.0
10.9102040816327 0.0
10.9142857142857 0.0
10.9183673469388 0.0
10.9224489795918 0.0
10.9265306122449 0.0
10.930612244898 0.0
10.934693877551 0.0
10.9387755102041 6.71124
10.9428571428571 13.5905
10.9469387755102 15.1418
10.9510204081633 36.8812
10.9551020408163 40.7463
10.9591836734694 39.6062
10.9632653061224 42.5978
10.9673469387755 53.1152
10.9714285714286 53.7146
10.9755102040816 42.3047
10.9795918367347 43.5319
10.9836734693878 35.3671
10.9877551020408 30.0151
10.9918367346939 24.0449
10.9959183673469 15.6701
11.0 11.9134
11.0040816326531 10.731
11.0081632653061 10.8794
11.0122448979592 7.05636
11.0163265306122 7.01052
11.0204081632653 4.48698
11.0244897959184 4.50996
11.0285714285714 1.60629
11.0326530612245 1.0494
11.0367346938776 0.728726
11.0408163265306 0.534624
11.0448979591837 0.0
11.0489795918367 0.0
11.0530612244898 0.0
11.0571428571429 0.0
11.0612244897959 0.0
11.065306122449 0.0
11.069387755102 0.0
11.0734693877551 0.0
11.0775510204082 0.0
11.0816326530612 0.0
11.0857142857143 0.0
11.0897959183673 0.0
11.0938775510204 0.0
11.0979591836735 0.0
11.1020408163265 0.0
11.1061224489796 0.0
11.1102040816327 0.0
11.1142857142857 0.0
11.1183673469388 0.0
11.1224489795918 0.0
11.1265306122449 0.0
11.130612244898 0.0
11.134693877551 0.0
11.1387755102041 0.0
11.1428571428571 0.0
11.1469387755102 0.0
11.1510204081633 0.0157356
11.1551020408163 2.03687
11.1591836734694 6.75909
11.1632653061224 15.1976
11.1673469387755 21.1813
11.1714285714286 17.6208
11.1755102040816 16.3293
11.1795918367347 11.5002
11.1836734693878 7.81986
11.1877551020408 1.90616
11.1918367346939 1.48118
11.1959183673469 0.0
11.2 0.0
11.2040816326531 6.40982
11.2081632653061 5.43169
11.2122448979592 2.88872
11.2163265306122 4.89102
11.2204081632653 1.13443
11.2244897959184 0.0
11.2285714285714 0.0
11.2326530612245 0.0
11.2367346938776 0.0
11.2408163265306 0.0
11.2448979591837 0.0
11.2489795918367 0.0
11.2530612244898 0.0
11.2571428571429 0.0
11.2612244897959 0.0
11.265306122449 0.0
11.269387755102 0.0
11.2734693877551 0.0
11.2775510204082 0.0
11.2816326530612 0.0
11.2857142857143 0.0
11.2897959183673 0.0
11.2938775510204 0.0
11.2979591836735 3.78078
11.3020408163265 3.2297
11.3061224489796 12.9602
11.3102040816327 19.4988
11.3142857142857 27.4246
11.3183673469388 45.9079
11.3224489795918 67.1406
11.3265306122449 76.3992
11.330612244898 87.8819
11.334693877551 91.382
11.3387755102041 89.1153
11.3428571428571 88.9703
11.3469387755102 85.1367
11.3510204081633 79.4016
11.3551020408163 75.9622
11.3591836734694 75.0158
11.3632653061224 69.9971
11.3673469387755 56.9959
11.3714285714286 37.4191
11.3755102040816 25.1862
11.3795918367347 9.74059
11.3836734693878 0.022471
11.3877551020408 0.0
11.3918367346939 0.0
11.3959183673469 0.0
11.4 0.0
11.4040816326531 0.0
11.4081632653061 0.0
11.4122448979592 0.0
11.4163265306122 0.0
11.4204081632653 0.0
11.4244897959184 0.0
11.4285714285714 0.0
11.4326530612245 0.0
11.4367346938776 0.0
11.4408163265306 0.0
11.4448979591837 0.0
11.4489795918367 0.0
11.4530612244898 0.0
11.4571428571429 0.0
11.4612244897959 0.0
11.465306122449 0.0
11.469387755102 0.0
11.4734693877551 0.0
11.4775510204082 0.0
11.4816326530612 0.0
11.4857142857143 0.0
11.4897959183673 0.0
11.4938775510204 0.0
11.4979591836735 0.0
11.5020408163265 0.0
11.5061224489796 0.0
11.5102040816327 0.0
11.5142857142857 0.0
11.5183673469388 0.0
11.5224489795918 0.0
11.5265306122449 0.0
11.530612244898 0.0
11.534693877551 0.0
11.5387755102041 0.0
11.5428571428571 0.0
11.5469387755102 22.6282
11.5510204081633 17.1373
11.5551020408163 11.6999
11.5591836734694 5.63782
11.5632653061224 6.06537
11.5673469387755 8.99783
11.5714285714286 4.5247
11.5755102040816 3.5482
11.5795918367347 3.28535
11.5836734693878 1.87445
11.5877551020408 0.0969172
11.5918367346939 0.0
11.5959183673469 0.0
11.6 0.0
11.6040816326531 3.2777
11.6081632653061 0.0
11.6122448979592 0.0
11.6163265306122 0.0
11.6204081632653 0.0
11.6244897959184 0.0
11.6285714285714 0.0
11.6326530612245 0.0
11.6367346938776 0.0
11.6408163265306 0.0
11.6448979591837 0.0
11.6489795918367 0.0
11.6530612244898 0.0
11.6571428571429 0.0
11.6612244897959 0.0
11.665306122449 0.0
11.669387755102 1.99455
11.6734693877551 5.30979
11.6775510204082 12.9841
11.6816326530612 16.8497
11.6857142857143 19.2599
11.6897959183673 24.1547
11.6938775510204 33.7388
11.6979591836735 36.977
11.7020408163265 42.7672
11.7061224489796 38.1597
11.7102040816327 45.3098
11.7142857142857 53.5733
11.7183673469388 58.5281
11.7224489795918 56.8986
11.7265306122449 54.6768
11.730612244898 43.1986
11.734693877551 30.3177
11.7387755102041 22.0063
11.7428571428571 23.1383
11.7469387755102 27.3769
11.7510204081633 23.6682
11.7551020408163 17.0568
11.7591836734694 15.4971
11.7632653061224 11.314
11.7673469387755 10.4119
11.7714285714286 13.1249
11.7755102040816 9.71341
11.7795918367347 10.4132
11.7836734693878 10.1221
11.7877551020408 5.19431
11.7918367346939 1.59419
11.7959183673469 0.38743
11.8 0.601888
11.8040816326531 0.453591
11.8081632653061 0.0
11.8122448979592 0.0
11.8163265306122 1.35314
11.8204081632653 0.0
11.8244897959184 0.0
11.8285714285714 0.0
11.8326530612245 0.0
11.8367346938776 0.0
11.8408163265306 0.0
11.8448979591837 0.0
11.8489795918367 0.0
11.8530612244898 0.0
11.8571428571429 0.0
11.8612244897959 0.0
11.865306122449 0.0
11.869387755102 0.0
11.8734693877551 0.0
11.8775510204082 0.0
11.8816326530612 0.0
11.8857142857143 0.0
11.8897959183673 0.0
11.8938775510204 0.0
11.8979591836735 0.0
11.9020408163265 0.0
11.9061224489796 0.0
11.9102040816327 0.0
11.9142857142857 0.0
11.9183673469388 0.0
11.9224489795918 0.0
11.9265306122449 0.0
11.930612244898 0.0
11.934693877551 0.0
11.9387755102041 0.0
11.9428571428571 0.0
11.9469387755102 0.0
11.9510204081633 0.0
11.9551020408163 0.0
11.9591836734694 0.0
11.9632653061224 0.0
11.9673469387755 0.0
11.9714285714286 0.0
11.9755102040816 0.0
11.9795918367347 0.0
11.9836734693878 0.0
11.9877551020408 0.0
11.9918367346939 0.0
11.9959183673469 0.0
12.0 0.0
12.0040816326531 0.0
12.0081632653061 0.0
12.0122448979592 0.0
12.0163265306122 0.0
12.0204081632653 0.0
12.0244897959184 0.0
12.0285714285714 0.0
12.0326530612245 0.0
12.0367346938776 0.0
12.0408163265306 0.0
12.0448979591837 0.0
12.0489795918367 0.0
12.0530612244898 0.683833
12.0571428571429 12.6682
12.0612244897959 25.599
12.065306122449 27.9677
12.069387755102 53.6951
12.0734693877551 54.6849
12.0775510204082 73.3677
12.0816326530612 90.3193
12.0857142857143 95.2806
12.0897959183673 93.2943
12.0938775510204 87.1746
12.0979591836735 81.1669
12.1020408163265 76.5254
12.1061224489796 65.7792
12.1102040816327 48.2343
12.1142857142857 35.7395
12.1183673469388 20.2658
12.1224489795918 4.58711
12.1265306122449 0.0
12.130612244898 0.0
12.134693877551 0.0
12.1387755102041 0.0
12.1428571428571 0.0
12.1469387755102 0.0
12.1510204081633 0.0
12.1551020408163 2.7805
12.1591836734694 7.31051
12.1632653061224 4.77445
12.1673469387755 15.8778
12.1714285714286 12.1005
12.1755102040816 13.2003
12.1795918367347 9.4981
12.1836734693878 4.47698
12.1877551020408 0.0
12.1918367346939 0.0
12.1959183673469 0.0
12.2 0.0
12.2040816326531 0.0
12.2081632653061 0.0
12.2122448979592 0.0
12.2163265306122 0.0
12.2204081632653 0.614285
12.2244897959184 0.0
12.2285714285714 0.0
12.2326530612245 0.0
12.2367346938776 0.0
12.2408163265306 0.0
12.2448979591837 0.0
12.2489795918367 0.0
12.2530612244898 0.0
12.2571428571429 0.0
12.2612244897959 0.0
12.265306122449 0.0
12.269387755102 0.0
12.2734693877551 0.0
12.2775510204082 0.0
12.2816326530612 0.0
12.2857142857143 0.0
12.2897959183673 0.0
12.2938775510204 0.0
12.2979591836735 0.0
12.3020408163265 0.0
12.3061224489796 0.0
12.3102040816327 0.0
12.3142857142857 0.0
12.3183673469388 0.0
12.3224489795918 0.0
12.3265306122449 0.0
12.330612244898 0.0
12.334693877551 0.0
12.3387755102041 0.0
12.3428571428571 0.0
12.3469387755102 0.0
12.3510204081633 0.0
12.3551020408163 0.0
12.3591836734694 0.0
12.3632653061224 0.0
12.3673469387755 0.0
12.3714285714286 0.0
12.3755102040816 0.0
12.3795918367347 0.0
12.3836734693878 0.0
12.3877551020408 0.0
12.3918367346939 0.0
12.3959183673469 0.0
12.4 0.0
12.4040816326531 0.0
12.4081632653061 0.0
12.4122448979592 0.0
12.4163265306122 0.0
12.4204081632653 0.0
12.4244897959184 0.0
12.4285714285714 0.0
12.4326530612245 2.55984
12.4367346938776 0.0
12.4408163265306 0.0
12.4448979591837 0.0
12.4489795918367 0.0
12.4530612244898 2.30038
12.4571428571429 17.5478
12.4612244897959 39.6405
12.465306122449 50.7581
12.469387755102 59.6928
12.4734693877551 66.9261
12.4775510204082 67.7415
12.4816326530612 69.4709
12.4857142857143 72.7107
12.4897959183673 68.5723
12.4938775510204 73.3818
12.4979591836735 69.6669
12.5020408163265 55.0774
12.5061224489796 44.0132
12.5102040816327 40.5203
12.5142857142857 29.5429
12.5183673469388 18.4661
12.5224489795918 6.09976
12.5265306122449 0.0
12.530612244898 0.0
12.534693877551 0.0
12.5387755102041 0.0
12.5428571428571 0.0
12.5469387755102 0.0
12.5510204081633 0.0
12.5551020408163 0.0
12.5591836734694 0.0
12.5632653061224 1.63911
12.5673469387755 4.06343
12.5714285714286 7.89487
12.5755102040816 7.16768
12.5795918367347 7.5606
12.5836734693878 7.31063
12.5877551020408 4.98402
12.5918367346939 1.63031
12.5959183673469 2.63202
12.6 1.01912
12.6040816326531 0.0
12.6081632653061 0.0
12.6122448979592 0.0
12.6163265306122 0.0
12.6204081632653 0.0
12.6244897959184 0.0
12.6285714285714 0.0
12.6326530612245 0.0
12.6367346938776 0.0
12.6408163265306 1.26123
12.6448979591837 1.57976
12.6489795918367 2.07555
12.6530612244898 1.79422
12.6571428571429 1.39797
12.6612244897959 0.0
12.665306122449 0.0
12.669387755102 0.0
12.6734693877551 0.0
12.6775510204082 0.0
12.6816326530612 0.0
12.6857142857143 0.0
12.6897959183673 0.0
12.6938775510204 0.0
12.6979591836735 0.0
12.7020408163265 0.0
12.7061224489796 0.0
12.7102040816327 0.0
12.7142857142857 0.0
12.7183673469388 0.0
12.7224489795918 0.0
12.7265306122449 0.0
12.730612244898 0.0
12.734693877551 0.0
12.7387755102041 0.0
12.7428571428571 0.0
12.7469387755102 0.0
12.7510204081633 0.0
12.7551020408163 0.0
12.7591836734694 0.0
12.7632653061224 0.0
12.7673469387755 0.0
12.7714285714286 0.0
12.7755102040816 0.0
12.7795918367347 0.0
12.7836734693878 0.0
12.7877551020408 8.66014
12.7918367346939 8.99911
12.7959183673469 8.81553
12.8 7.4141
12.8040816326531 5.57017
12.8081632653061 8.00386
12.8122448979592 26.1629
12.8163265306122 41.0945
12.8204081632653 40.8987
12.8244897959184 36.8703
12.8285714285714 41.8156
12.8326530612245 71.6513
12.8367346938776 99.9371
12.8408163265306 93.2492
12.8448979591837 84.8157
12.8489795918367 82.6413
12.8530612244898 72.1608
12.8571428571429 73.2869
12.8612244897959 78.0986
12.865306122449 73.7576
12.869387755102 69.4565
12.8734693877551 55.9255
12.8775510204082 45.0851
12.8816326530612 35.8086
12.8857142857143 25.8884
12.8897959183673 25.8099
12.8938775510204 16.2263
12.8979591836735 13.6591
12.9020408163265 7.67276
12.9061224489796 0.0
12.9102040816327 0.0
12.9142857142857 0.0
12.9183673469388 0.0
12.9224489795918 0.0
12.9265306122449 0.0
12.930612244898 0.0
12.934693877551 0.0
12.9387755102041 0.0
12.9428571428571 0.0
12.9469387755102 0.0
12.9510204081633 0.0
12.9551020408163 0.0
12.9591836734694 0.0
12.9632653061224 0.0
12.9673469387755 0.0
12.9714285714286 0.0
12.9755102040816 0.0
12.9795918367347 0.0
12.9836734693878 0.0
12.9877551020408 0.0
12.9918367346939 0.0
12.9959183673469 0.0
13.0 0.0
13.0040816326531 0.0
13.0081632653061 0.0
13.0122448979592 0.0
13.0163265306122 0.0
13.0204081632653 0.0
13.0244897959184 0.0
13.0285714285714 0.0
13.0326530612245 0.0
13.0367346938776 0.0
13.0408163265306 0.0
13.0448979591837 0.0
13.0489795918367 0.0
13.0530612244898 0.0
13.0571428571429 0.0
13.0612244897959 0.0
13.065306122449 0.0
13.069387755102 0.0
13.0734693877551 2.30525
13.0775510204082 0.0
13.0816326530612 0.0
13.0857142857143 0.0
13.0897959183673 0.0
13.0938775510204 0.0
13.0979591836735 0.0
13.1020408163265 0.0
13.1061224489796 0.334531
13.1102040816327 3.45087
13.1142857142857 3.92878
13.1183673469388 1.62357
13.1224489795918 8.36898
13.1265306122449 0.593483
13.130612244898 0.0
13.134693877551 0.0
13.1387755102041 0.0
13.1428571428571 0.0
13.1469387755102 0.0
13.1510204081633 0.0
13.1551020408163 0.0
13.1591836734694 0.0
13.1632653061224 0.0
13.1673469387755 0.0
13.1714285714286 0.0
13.1755102040816 0.0
13.1795918367347 0.0
13.1836734693878 0.0
13.1877551020408 0.0
13.1918367346939 3.44181
13.1959183673469 34.0592
13.2 45.7839
13.2040816326531 66.0066
13.2081632653061 76.6766
13.2122448979592 103.739
13.2163265306122 98.2838
13.2204081632653 90.5763
13.2244897959184 81.2035
13.2285714285714 72.4365
13.2326530612245 65.4837
13.2367346938776 58.006
13.2408163265306 49.19
13.2448979591837 37.3839
13.2489795918367 22.8727
13.2530612244898 13.9723
13.2571428571429 5.45895
13.2612244897959 2.06548
13.265306122449 0.252247
13.269387755102 1.36316
13.2734693877551 6.70445
13.2775510204082 0.671744
13.2816326530612 0.0
13.2857142857143 0.0
13.2897959183673 0.0
13.2938775510204 0.0
13.2979591836735 0.0
13.3020408163265 0.0
13.3061224489796 0.0
13.3102040816327 0.0
13.3142857142857 0.0
13.3183673469388 0.0
13.3224489795918 0.0
13.3265306122449 0.0
13.330612244898 0.0
13.334693877551 0.0
13.3387755102041 0.0
13.3428571428571 0.0
13.3469387755102 0.0
13.3510204081633 0.0
13.3551020408163 0.0
13.3591836734694 0.0
13.3632653061224 0.0
13.3673469387755 0.0
13.3714285714286 0.0
13.3755102040816 0.0
13.3795918367347 0.0
13.3836734693878 0.0
13.3877551020408 0.0
13.3918367346939 0.0
13.3959183673469 0.0
13.4 0.0
13.4040816326531 0.0
13.4081632653061 0.0
13.4122448979592 0.0
13.4163265306122 0.0
13.4204081632653 0.0
13.4244897959184 0.0
13.4285714285714 0.0
13.4326530612245 0.0
13.4367346938776 0.0
13.4408163265306 0.0
13.4448979591837 0.0
13.4489795918367 0.0
13.4530612244898 0.0
13.4571428571429 0.0
13.4612244897959 0.0
13.465306122449 0.0
13.469387755102 0.0
13.4734693877551 0.0
13.4775510204082 0.0
13.4816326530612 0.0
13.4857142857143 0.0
13.4897959183673 0.0
13.4938775510204 0.0
13.4979591836735 0.0
13.5020408163265 0.0
13.5061224489796 0.0
13.5102040816327 0.0
13.5142857142857 0.0
13.5183673469388 0.0
13.5224489795918 0.0
13.5265306122449 0.0
13.530612244898 0.0
13.534693877551 0.0
13.5387755102041 0.0
13.5428571428571 0.0
13.5469387755102 0.0
13.5510204081633 0.0
13.5551020408163 0.0
13.5591836734694 0.0
13.5632653061224 7.6465
13.5673469387755 8.0433
13.5714285714286 12.0295
13.5755102040816 30.1371
13.5795918367347 61.964
13.5836734693878 74.2541
13.5877551020408 87.7252
13.5918367346939 95.0881
13.5959183673469 106.267
13.6 101.028
13.6040816326531 96.4521
13.6081632653061 90.8849
13.6122448979592 82.8387
13.6163265306122 68.4074
13.6204081632653 63.3544
13.6244897959184 54.2373
13.6285714285714 45.6519
13.6326530612245 40.3969
13.6367346938776 32.8784
13.6408163265306 21.0861
13.6448979591837 12.8159
13.6489795918367 8.88479
13.6530612244898 5.18352
13.6571428571429 1.57291
13.6612244897959 0.0
13.665306122449 0.0
13.669387755102 0.0
13.6734693877551 0.0
13.6775510204082 0.0
13.6816326530612 0.0
13.6857142857143 0.0
13.6897959183673 0.0
13.6938775510204 0.0
13.6979591836735 0.0
13.7020408163265 0.0
13.7061224489796 0.0
13.7102040816327 0.0
13.7142857142857 0.0
13.7183673469388 0.0
13.7224489795918 0.0
13.7265306122449 0.0
13.730612244898 0.0
13.734693877551 0.0
13.7387755102041 0.0
13.7428571428571 0.0
13.7469387755102 0.0
13.7510204081633 0.0
13.7551020408163 0.0
13.7591836734694 0.0
13.7632653061224 0.0
13.7673469387755 0.0
13.7714285714286 0.0
13.7755102040816 0.0
13.7795918367347 0.0
13.7836734693878 0.0
13.7877551020408 0.0
13.7918367346939 0.0
13.7959183673469 0.0
13.8 0.0
13.8040816326531 0.0
13.8081632653061 1.87859
13.8122448979592 5.95748
13.8163265306122 7.17248
13.8204081632653 8.39525
13.8244897959184 9.59209
13.8285714285714 10.9838
13.8326530612245 10.5314
13.8367346938776 3.18044
13.8408163265306 0.22012
13.8448979591837 1.30463
13.8489795918367 0.0
13.8530612244898 0.0
13.8571428571429 0.0
13.8612244897959 0.0
13.865306122449 1.13791
13.869387755102 4.28325
13.8734693877551 10.4863
13.8775510204082 7.60177
13.8816326530612 8.22341
13.8857142857143 5.18927
13.8897959183673 2.16475
13.8938775510204 0.201836
13.8979591836735 0.0
13.9020408163265 0.0
13.9061224489796 0.0
13.9102040816327 0.0
13.9142857142857 0.0
13.9183673469388 0.0
13.9224489795918 0.0
13.9265306122449 0.0
13.930612244898 0.0
13.934693877551 0.0
13.9387755102041 0.0
13.9428571428571 0.0
13.9469387755102 0.0
13.9510204081633 17.3457
13.9551020408163 41.1064
13.9591836734694 70.6783
13.9632653061224 81.8306
13.9673469387755 90.4121
13.9714285714286 93.8685
13.9755102040816 96.2241
13.9795918367347 91.4761
13.9836734693878 83.1946
13.9877551020408 80.7998
13.9918367346939 68.2504
13.9959183673469 55.5167
14.0 45.6429
14.0040816326531 42.4166
14.0081632653061 32.218
14.0122448979592 22.0996
14.0163265306122 13.3719
14.0204081632653 6.14727
14.0244897959184 1.86044
14.0285714285714 1.11389
14.0326530612245 1.64288
14.0367346938776 2.54887
14.0408163265306 1.10927
14.0448979591837 0.0
14.0489795918367 0.0
14.0530612244898 0.0
14.0571428571429 0.0
14.0612244897959 0.0
14.065306122449 0.0
14.069387755102 0.0
14.0734693877551 0.0
14.0775510204082 0.0
14.0816326530612 0.0
14.0857142857143 0.0
14.0897959183673 0.0
14.0938775510204 0.0
14.0979591836735 0.0
14.1020408163265 0.0
14.1061224489796 0.0
14.1102040816327 0.0
14.1142857142857 0.0
14.1183673469388 0.0
14.1224489795918 0.0
14.1265306122449 0.0
14.130612244898 0.0
14.134693877551 0.0
14.1387755102041 0.0
14.1428571428571 0.0
14.1469387755102 0.0
14.1510204081633 0.0
14.1551020408163 0.0
14.1591836734694 0.0
14.1632653061224 0.0
14.1673469387755 0.0
14.1714285714286 3.57901
14.1755102040816 2.22427
14.1795918367347 3.33799
14.1836734693878 14.342
14.1877551020408 11.701
14.1918367346939 7.98965
14.1959183673469 3.5308
14.2 5.06335
14.2040816326531 4.98995
14.2081632653061 10.3408
14.2122448979592 16.4131
14.2163265306122 19.0452
14.2204081632653 7.39533
14.2244897959184 8.6309
14.2285714285714 4.97872
14.2326530612245 9.21035
14.2367346938776 10.1326
14.2408163265306 2.08139
14.2448979591837 0.801921
14.2489795918367 0.0
14.2530612244898 0.0
14.2571428571429 0.0
14.2612244897959 0.0
14.265306122449 0.0
14.269387755102 0.0
14.2734693877551 0.0
14.2775510204082 0.0
14.2816326530612 0.0
14.2857142857143 0.0
14.2897959183673 0.0
14.2938775510204 0.0
14.2979591836735 0.0
14.3020408163265 0.0
14.3061224489796 0.0
14.3102040816327 1.59767
14.3142857142857 24.8076
14.3183673469388 42.2028
14.3224489795918 69.5673
14.3265306122449 112.958
14.330612244898 130.844
14.334693877551 137.297
14.3387755102041 145.926
14.3428571428571 133.979
14.3469387755102 140.652
14.3510204081633 118.459
14.3551020408163 96.5998
14.3591836734694 84.1576
14.3632653061224 61.0363
14.3673469387755 49.5579
14.3714285714286 35.9951
14.3755102040816 13.4865
14.3795918367347 3.08514
14.3836734693878 0.0
14.3877551020408 0.0
14.3918367346939 0.0
14.3959183673469 0.0
14.4 0.0
14.4040816326531 0.0
14.4081632653061 0.0
14.4122448979592 0.0
14.4163265306122 0.0
14.4204081632653 0.0
14.4244897959184 0.0
14.4285714285714 0.0
14.4326530612245 0.0
14.4367346938776 0.0
14.4408163265306 0.0
14.4448979591837 0.0
14.4489795918367 0.0
14.4530612244898 0.0
14.4571428571429 0.0
14.4612244897959 0.0
14.465306122449 0.0
14.469387755102 0.0
14.4734693877551 0.0
14.4775510204082 0.0
14.4816326530612 0.0
14.4857142857143 0.0
14.4897959183673 0.0
14.4938775510204 0.0
14.4979591836735 0.0
14.5020408163265 0.0
14.5061224489796 0.0
14.5102040816327 0.53066
14.5142857142857 0.0
14.5183673469388 0.0
14.5224489795918 2.1393
14.5265306122449 2.00951
14.530612244898 8.74925
14.534693877551 15.2875
14.5387755102041 19.0006
14.5428571428571 20.4802
14.5469387755102 22.2299
14.5510204081633 24.032
14.5551020408163 31.3495
14.5591836734694 35.2404
14.5632653061224 25.268
14.5673469387755 16.2298
14.5714285714286 14.1814
14.5755102040816 18.3751
14.5795918367347 20.7862
14.5836734693878 17.0279
14.5877551020408 10.1915
14.5918367346939 8.68273
14.5959183673469 4.85739
14.6 2.39899
14.6040816326531 2.60536
14.6081632653061 2.35216
14.6122448979592 5.10749
14.6163265306122 3.7958
14.6204081632653 7.96342
14.6244897959184 13.2062
14.6285714285714 16.0584
14.6326530612245 10.9026
14.6367346938776 7.58034
14.6408163265306 2.43618
14.6448979591837 0.295967
14.6489795918367 0.0
14.6530612244898 0.0
14.6571428571429 0.0
14.6612244897959 0.0
14.665306122449 0.0
14.669387755102 0.0
14.6734693877551 0.0
14.6775510204082 0.0
14.6816326530612 0.0
14.6857142857143 0.0
14.6897959183673 0.0
14.6938775510204 0.0
14.6979591836735 0.0
14.7020408163265 0.0
14.7061224489796 5.12164
14.7102040816327 23.9029
14.7142857142857 54.7638
14.7183673469388 70.036
14.7224489795918 75.1227
14.7265306122449 78.8538
14.730612244898 79.8172
14.734693877551 72.6258
14.7387755102041 71.9024
14.7428571428571 58.1539
14.7469387755102 50.0883
14.7510204081633 46.0001
14.7551020408163 38.0416
14.7591836734694 31.9706
14.7632653061224 27.6609
14.7673469387755 22.3105
14.7714285714286 18.8491
14.7755102040816 14.5512
14.7795918367347 5.5936
14.7836734693878 0.0
14.7877551020408 0.0
14.7918367346939 0.0
14.7959183673469 0.0
14.8 0.0
14.8040816326531 0.0
14.8081632653061 0.0
14.8122448979592 0.0
14.8163265306122 0.0
14.8204081632653 0.0
14.8244897959184 0.0
14.8285714285714 0.0
14.8326530612245 0.0
14.8367346938776 0.0
14.8408163265306 0.0
14.8448979591837 0.0
14.8489795918367 0.0
14.8530612244898 0.0
14.8571428571429 0.0
14.8612244897959 0.0
14.865306122449 0.0
14.869387755102 0.0
14.8734693877551 0.0
14.8775510204082 0.0
14.8816326530612 0.145996
14.8857142857143 0.0
14.8897959183673 0.0
14.8938775510204 0.0
14.8979591836735 0.0
14.9020408163265 0.0
14.9061224489796 0.0
14.9102040816327 0.0
14.9142857142857 0.0
14.9183673469388 0.0
14.9224489795918 0.0
14.9265306122449 0.0
14.930612244898 0.0
14.934693877551 2.05433
14.9387755102041 3.41235
14.9428571428571 0.634819
14.9469387755102 0.0
14.9510204081633 0.0
14.9551020408163 0.0
14.9591836734694 0.0
14.9632653061224 0.0
14.9673469387755 0.0
14.9714285714286 0.0
14.9755102040816 0.0
