0.00408163265306122 0.0
0.00816326530612245 0.0
0.0122448979591837 0.0
0.0163265306122449 0.0
0.0204081632653061 0.0
0.0244897959183673 0.0
0.0285714285714286 2.81578
0.0326530612244898 5.09316
0.036734693877551 0.0
0.0408163265306122 6.21712
0.0448979591836735 2.69616
0.0489795918367347 1.0711
0.0530612244897959 0.0
0.0571428571428571 0.0
0.0612244897959184 0.0
0.0653061224489796 0.0
0.0693877551020408 0.0
0.073469387755102 1.29473
0.0775510204081633 3.758
0.0816326530612245 9.7115
0.0857142857142857 15.1235
0.0897959183673469 11.0467
0.0938775510204082 25.7378
0.0979591836734694 22.6753
0.102040816326531 28.4829
0.106122448979592 41.5485
0.110204081632653 61.4266
0.114285714285714 88.6292
0.118367346938776 106.285
0.122448979591837 111.798
0.126530612244898 103.588
0.130612244897959 88.8611
0.13469387755102 73.1624
0.138775510204082 66.745
0.142857142857143 41.8731
0.146938775510204 23.4963
0.151020408163265 0.517845
0.155102040816327 0.0
0.159183673469388 0.0
0.163265306122449 0.0
0.16734693877551 0.0
0.171428571428571 0.0
0.175510204081633 0.0
0.179591836734694 0.0
0.183673469387755 0.0
0.187755102040816 0.0
0.191836734693878 0.0
0.195918367346939 0.0
0.2 0.0
0.204081632653061 0.0
0.208163265306122 0.0
0.212244897959184 0.0
0.216326530612245 0.0
0.220408163265306 0.0
0.224489795918367 0.0
0.228571428571429 0.0
0.23265306122449 0.0
0.236734693877551 0.0
0.240816326530612 0.0
0.244897959183673 0.0
0.248979591836735 0.0
0.253061224489796 0.0
0.257142857142857 0.0
0.261224489795918 0.0
0.26530612244898 0.0
0.269387755102041 0.0
0.273469387755102 0.0
0.277551020408163 2.81084
0.281632653061224 0.877142
0.285714285714286 0.0
0.289795918367347 0.0
0.293877551020408 0.0
0.297959183673469 0.0
0.302040816326531 0.0
0.306122448979592 5.02251
0.310204081632653 8.27114
0.314285714285714 12.0559
0.318367346938775 12.1855
0.322448979591837 23.309
0.326530612244898 52.2776
0.330612244897959 50.5615
0.33469387755102 52.5588
0.338775510204082 48.9637
0.342857142857143 53.5589
0.346938775510204 47.051
0.351020408163265 40.9018
0.355102040816327 41.906
0.359183673469388 42.9013
0.363265306122449 30.191
0.36734693877551 20.8931
0.371428571428571 11.8976
0.375510204081633 6.91372
0.379591836734694 4.44365
0.383673469387755 0.818014
0.387755102040816 0.0
0.391836734693878 0.0
0.395918367346939 0.0
0.4 0.0
0.404081632653061 0.933766
0.408163265306122 0.0
0.412244897959184 0.0
0.416326530612245 0.0
0.420408163265306 0.0
0.424489795918367 0.0
0.428571428571429 0.0
0.43265306122449 0.0
0.436734693877551 0.0
0.440816326530612 0.0
0.444897959183673 0.0
0.448979591836735 0.0
0.453061224489796 0.0
0.457142857142857 0.0
0.461224489795918 0.0
0.46530612244898 0.0
0.469387755102041 0.0
0.473469387755102 0.0
0.477551020408163 0.0
0.481632653061224 0.0
0.485714285714286 0.0
0.489795918367347 0.0
0.493877551020408 0.0
0.497959183673469 0.0
0.502040816326531 0.0
0.506122448979592 0.0
0.510204081632653 0.0
0.514285714285714 0.0
0.518367346938776 0.0
0.522448979591837 0.0
0.526530612244898 0.0
0.530612244897959 0.0
0.53469387755102 16.4258
0.538775510204082 67.6391
0.542857142857143 105.841
0.546938775510204 125.785
0.551020408163265 126.928
0.555102040816327 128.73
0.559183673469388 111.29
0.563265306122449 87.283
0.56734693877551 63.1498
0.571428571428571 38.4253
0.575510204081633 23.9176
0.579591836734694 7.43115
0.583673469387755 2.10279
0.587755102040816 0.0
0.591836734693878 0.0
0.595918367346939 0.0
0.6 0.0
0.604081632653061 0.0
0.608163265306122 0.0
0.612244897959184 0.0
0.616326530612245 0.0
0.620408163265306 0.0
0.624489795918367 0.0
0.628571428571429 0.0
0.63265306122449 0.0
0.636734693877551 0.0
0.640816326530612 0.0
0.644897959183673 0.0
0.648979591836735 0.0
0.653061224489796 0.0
0.657142857142857 0.0
0.661224489795918 2.68745
0.66530612244898 0.0530481
0.669387755102041 0.0
0.673469387755102 0.0
0.677551020408163 0.0
0.681632653061224 0.0
0.685714285714286 0.0
0.689795918367347 0.0
0.693877551020408 0.0
0.697959183673469 0.0
0.702040816326531 0.0
0.706122448979592 0.0
0.710204081632653 0.0
0.714285714285714 0.0
0.718367346938775 0.0
0.722448979591837 0.0
0.726530612244898 0.0
0.730612244897959 3.06082
0.73469387755102 2.85375
0.738775510204082 11.2321
0.742857142857143 8.88479
0.746938775510204 5.39422
0.751020408163265 0.895202
0.755102040816326 0.298738
0.759183673469388 0.0
0.763265306122449 0.0
0.76734693877551 0.0
0.771428571428571 0.0
0.775510204081633 0.0
0.779591836734694 0.0
0.783673469387755 0.0
0.787755102040816 0.0
0.791836734693877 0.0
0.795918367346939 0.4161
0.8 2.87119
0.804081632653061 0.0
0.808163265306122 1.47498
0.812244897959184 0.0
0.816326530612245 0.0
0.820408163265306 0.0
0.824489795918367 0.0
0.828571428571429 0.0
0.83265306122449 0.0
0.836734693877551 0.0
0.840816326530612 0.0
0.844897959183673 0.0
0.848979591836735 0.0
0.853061224489796 0.0
0.857142857142857 0.0
0.861224489795918 1.2992
0.86530612244898 16.3309
0.869387755102041 23.4533
0.873469387755102 17.4319
0.877551020408163 13.3934
0.881632653061225 6.62327
0.885714285714286 2.79325
0.889795918367347 0.0
0.893877551020408 0.0
0.897959183673469 0.0
0.902040816326531 0.0
0.906122448979592 0.0
0.910204081632653 0.0
0.914285714285714 0.0
0.918367346938776 0.0
0.922448979591837 0.0
0.926530612244898 0.0
0.930612244897959 0.0
0.93469387755102 0.0
0.938775510204082 0.0
0.942857142857143 0.0
0.946938775510204 0.0
0.951020408163265 7.07024
0.955102040816327 18.9677
0.959183673469388 29.6383
0.963265306122449 67.8087
0.96734693877551 107.897
0.971428571428571 137.556
0.975510204081633 147.917
0.979591836734694 132.528
0.983673469387755 110.019
0.987755102040816 89.3502
0.991836734693878 71.979
0.995918367346939 50.4905
1.0 35.1352
1.00408163265306 21.9574
1.00816326530612 6.56104
1.01224489795918 0.0
1.01632653061224 0.0
1.02040816326531 0.0
1.02448979591837 0.0
1.02857142857143 0.0
1.03265306122449 0.0
1.03673469387755 0.0
1.04081632653061 0.0
1.04489795918367 0.0
1.04897959183673 0.0
1.0530612244898 0.0
1.05714285714286 0.0
1.06122448979592 0.0
1.06530612244898 0.0
1.06938775510204 0.0
1.0734693877551 0.0
1.07755102040816 0.760853
1.08163265306122 6.70743
1.08571428571429 3.28135
1.08979591836735 0.711858
1.09387755102041 0.0
1.09795918367347 0.0
1.10204081632653 0.0
1.10612244897959 0.211835
1.11020408163265 0.0
1.11428571428571 3.7095
1.11836734693878 3.65973
1.12244897959184 0.0
1.1265306122449 2.41458
1.13061224489796 7.83843
1.13469387755102 4.18103
1.13877551020408 9.51606
1.14285714285714 17.0202
1.1469387755102 1.90258
1.15102040816327 5.63705
1.15510204081633 8.71897
1.15918367346939 0.0
1.16326530612245 0.0
1.16734693877551 0.0
1.17142857142857 0.0
1.17551020408163 0.0
1.17959183673469 0.0
1.18367346938776 0.0
1.18775510204082 0.0
1.19183673469388 0.0
1.19591836734694 0.0
1.2 0.0
1.20408163265306 0.0
1.20816326530612 0.0
1.21224489795918 0.0
1.21632653061224 0.0
1.22040816326531 0.0
1.22448979591837 0.0
1.22857142857143 0.0
1.23265306122449 0.0
1.23673469387755 0.0
1.24081632653061 0.0
1.24489795918367 0.0
1.24897959183673 0.0
1.2530612244898 0.0
1.25714285714286 0.0
1.26122448979592 0.0
1.26530612244898 3.87222
1.26938775510204 2.98214
1.2734693877551 2.93469
1.27755102040816 3.58814
1.28163265306122 0.0
1.28571428571429 0.0
1.28979591836735 0.273466
1.29387755102041 1.73569
1.29795918367347 0.0
1.30204081632653 0.0
1.30612244897959 0.0
1.31020408163265 0.0
1.31428571428571 4.36842
1.31836734693878 1.27262
1.32244897959184 20.123
1.3265306122449 25.7385
1.33061224489796 27.6208
1.33469387755102 24.9205
1.33877551020408 22.6424
1.34285714285714 1.29032
1.3469387755102 0.0
1.35102040816327 0.0
1.35510204081633 0.0
1.35918367346939 0.0
1.36326530612245 0.0
1.36734693877551 0.0
1.37142857142857 0.0
1.37551020408163 0.0
1.37959183673469 0.0
1.38367346938776 7.5711
1.38775510204082 12.4463
1.39183673469388 24.8806
1.39591836734694 61.7852
1.4 81.8099
1.40408163265306 117.453
1.40816326530612 137.265
1.41224489795918 126.096
1.41632653061225 107.104
1.42040816326531 84.9445
1.42448979591837 62.3181
1.42857142857143 53.4003
1.43265306122449 39.7036
1.43673469387755 25.984
1.44081632653061 9.05681
1.44489795918367 0.0
1.44897959183673 0.0
1.4530612244898 0.0
1.45714285714286 0.0
1.46122448979592 0.0
1.46530612244898 0.0
1.46938775510204 0.0
1.4734693877551 0.0
1.47755102040816 0.0
1.48163265306122 0.269413
1.48571428571429 0.0
1.48979591836735 0.0
1.49387755102041 0.0
1.49795918367347 0.0
1.50204081632653 0.0
1.50612244897959 0.0
1.51020408163265 0.0
1.51428571428571 0.0
1.51836734693878 0.0
1.52244897959184 0.0
1.5265306122449 1.16038
1.53061224489796 1.53285
1.53469387755102 0.0
1.53877551020408 0.0
1.54285714285714 0.0
1.5469387755102 0.0
1.55102040816327 0.0
1.55510204081633 0.0
1.55918367346939 0.0
1.56326530612245 0.0
1.56734693877551 0.0
1.57142857142857 0.0
1.57551020408163 0.0
1.57959183673469 0.0
1.58367346938775 0.0
1.58775510204082 0.0
1.59183673469388 0.0
1.59591836734694 0.0
1.6 0.0
1.60408163265306 0.0
1.60816326530612 0.0
1.61224489795918 0.0
1.61632653061224 0.0
1.62040816326531 0.0
1.62448979591837 0.0
1.62857142857143 0.0
1.63265306122449 0.0
1.63673469387755 0.0
1.64081632653061 0.815153
1.64489795918367 0.0
1.64897959183673 0.0
1.6530612244898 0.557065
1.65714285714286 0.583529
1.66122448979592 3.69227
1.66530612244898 0.152707
1.66938775510204 0.0
1.6734693877551 5.6088
1.67755102040816 13.6838
1.68163265306122 11.1743
1.68571428571429 4.67372
1.68979591836735 0.529051
1.69387755102041 0.0
1.69795918367347 0.0
1.70204081632653 0.0
1.70612244897959 0.0
1.71020408163265 1.37722
1.71428571428571 2.01821
1.71836734693878 0.0
1.72244897959184 0.0
1.7265306122449 0.0
1.73061224489796 0.0
1.73469387755102 0.0
1.73877551020408 0.0
1.74285714285714 0.0
1.7469387755102 0.0
1.75102040816327 0.0
1.75510204081633 0.0
1.75918367346939 0.0
1.76326530612245 1.21576
1.76734693877551 0.0
1.77142857142857 5.57113
1.77551020408163 5.22733
1.77959183673469 0.0
1.78367346938776 0.0
1.78775510204082 4.16279
1.79183673469388 0.0
1.79591836734694 0.0
1.8 0.0
1.80408163265306 0.0
1.80816326530612 0.0
1.81224489795918 0.0
1.81632653061224 0.533104
1.82040816326531 0.0
1.82448979591837 11.3693
1.82857142857143 27.5767
1.83265306122449 45.4692
1.83673469387755 70.8473
1.84081632653061 82.9102
1.84489795918367 93.4936
1.84897959183673 87.4082
1.8530612244898 72.5323
1.85714285714286 56.6202
1.86122448979592 42.9299
1.86530612244898 27.3732
1.86938775510204 15.0887
1.8734693877551 3.69847
1.87755102040816 0.0
1.88163265306122 0.0
1.88571428571429 0.0
1.88979591836735 0.0
1.89387755102041 0.0
1.89795918367347 0.0
1.90204081632653 0.0
1.90612244897959 0.0
1.91020408163265 0.0
1.91428571428571 0.0
1.91836734693878 0.0
1.92244897959184 0.0
1.9265306122449 0.0
1.93061224489796 0.0
1.93469387755102 0.0
1.93877551020408 0.0
1.94285714285714 0.0
1.9469387755102 0.0
1.95102040816327 0.0
1.95510204081633 0.0
1.95918367346939 0.0
1.96326530612245 0.0
1.96734693877551 0.0
1.97142857142857 0.0
1.97551020408163 0.0
1.97959183673469 0.0
1.98367346938776 0.0
1.98775510204082 0.0
1.99183673469388 0.0
1.99591836734694 1.08895
2.0 2.47681
2.00408163265306 3.08251
2.00816326530612 3.61478
2.01224489795918 0.0
2.01632653061225 0.0
2.02040816326531 0.0
2.02448979591837 0.0
2.02857142857143 0.0
2.03265306122449 0.0
2.03673469387755 2.13015
2.04081632653061 7.05165
2.04489795918367 14.9694
2.04897959183673 23.8508
2.0530612244898 30.7028
2.05714285714286 34.7933
2.06122448979592 40.7103
2.06530612244898 32.322
2.06938775510204 26.609
2.0734693877551 33.7734
2.07755102040816 46.2655
2.08163265306122 43.4983
2.08571428571429 49.0515
2.08979591836735 52.2914
2.09387755102041 57.32
2.09795918367347 67.8898
2.10204081632653 63.9037
2.10612244897959 56.991
2.11020408163265 40.2386
2.11428571428571 43.828
2.11836734693878 35.3166
2.12244897959184 32.2425
2.1265306122449 24.802
2.13061224489796 15.3443
2.13469387755102 6.5881
2.13877551020408 4.21166
2.14285714285714 4.57191
2.1469387755102 1.86217
2.15102040816327 0.725508
2.15510204081633 8.47787
2.15918367346939 4.18586
2.16326530612245 1.18345
2.16734693877551 0.0
2.17142857142857 0.0
2.17551020408163 0.0
2.17959183673469 0.0
2.18367346938776 0.0
2.18775510204082 0.0
2.19183673469388 0.0
2.19591836734694 0.0
2.2 0.0
2.20408163265306 0.0
2.20816326530612 0.0
2.21224489795918 0.0
2.21632653061224 0.0
2.22040816326531 0.0
2.22448979591837 0.0
2.22857142857143 0.0
2.23265306122449 0.0
2.23673469387755 3.70759
2.24081632653061 2.50149
2.24489795918367 13.1384
2.24897959183673 13.8792
2.2530612244898 8.90434
2.25714285714286 8.92252
2.26122448979592 0.541568
2.26530612244898 0.0
2.26938775510204 23.0938
2.2734693877551 19.073
2.27755102040816 12.9535
2.28163265306122 31.4744
2.28571428571429 53.2318
2.28979591836735 69.5768
2.29387755102041 77.032
2.29795918367347 72.1502
2.30204081632653 49.4728
2.30612244897959 28.0025
2.31020408163265 16.6994
2.31428571428571 2.00665
2.31836734693878 0.0
2.32244897959184 3.21472
2.3265306122449 3.94106
2.33061224489796 0.0
2.33469387755102 0.0
2.33877551020408 0.0
2.34285714285714 0.0
2.3469387755102 0.0
2.35102040816327 0.0
2.35510204081633 2.27475
2.35918367346939 0.0
2.36326530612245 0.0
2.36734693877551 0.0
2.37142857142857 0.0
2.37551020408163 0.0
2.37959183673469 0.0
2.38367346938776 0.0
2.38775510204082 0.681996
2.39183673469388 3.33238
2.39591836734694 3.39222
2.4 0.627041
2.40408163265306 0.0
2.40816326530612 0.0
2.41224489795918 0.0
2.41632653061225 0.0
2.42040816326531 0.0
2.42448979591837 0.0
2.42857142857143 0.0
2.43265306122449 0.0
2.43673469387755 1.97816
2.44081632653061 0.0
2.44489795918367 0.0
2.44897959183673 0.0
2.4530612244898 1.03569
2.45714285714286 6.3585
2.46122448979592 5.85651
2.46530612244898 6.03056
2.46938775510204 3.25179
2.4734693877551 0.967264
2.47755102040816 0.0
2.48163265306122 0.0
2.48571428571429 0.0
2.48979591836735 0.0
2.49387755102041 0.0
2.49795918367347 0.0
2.50204081632653 0.0
2.50612244897959 0.0
2.51020408163265 0.0
2.51428571428571 0.0
2.51836734693878 0.0
2.52244897959184 0.0
2.5265306122449 12.6132
2.53061224489796 23.191
2.53469387755102 34.578
2.53877551020408 29.0006
2.54285714285714 25.1438
2.5469387755102 16.6848
2.55102040816327 13.4689
2.55510204081633 10.2546
2.55918367346939 1.64056
2.56326530612245 0.0
2.56734693877551 0.878692
2.57142857142857 0.0
2.57551020408163 0.0
2.57959183673469 0.0
2.58367346938775 0.0720024
2.58775510204082 0.0
2.59183673469388 0.0
2.59591836734694 0.0
2.6 0.0
2.60408163265306 0.0
2.60816326530612 0.0
2.61224489795918 0.0
2.61632653061224 0.0
2.62040816326531 0.0
2.62448979591837 0.0
2.62857142857143 0.0
2.63265306122449 0.0
2.63673469387755 0.0
2.64081632653061 0.0
2.64489795918367 0.0
2.64897959183673 0.0
2.6530612244898 0.0
2.65714285714286 0.0
2.66122448979592 0.0
2.66530612244898 0.0
2.66938775510204 0.0
2.6734693877551 0.0
2.67755102040816 0.0
2.68163265306122 0.0
2.68571428571429 0.0
2.68979591836735 7.57319
2.69387755102041 15.8716
2.69795918367347 25.1592
2.70204081632653 38.6472
2.70612244897959 31.831
2.71020408163265 30.0578
2.71428571428571 28.4448
2.71836734693878 42.3453
2.72244897959184 53.3553
2.7265306122449 56.1366
2.73061224489796 62.9348
2.73469387755102 49.9802
2.73877551020408 35.4339
2.74285714285714 18.9549
2.7469387755102 2.89464
2.75102040816327 0.0
2.75510204081633 0.0
2.75918367346939 0.0
2.76326530612245 0.63473
2.76734693877551 0.387788
2.77142857142857 0.0
2.77551020408163 0.0
2.77959183673469 0.0
2.78367346938776 0.0
2.78775510204082 0.0
2.79183673469388 0.0
2.79591836734694 0.0
2.8 0.0
2.80408163265306 0.0
2.80816326530612 0.0
2.81224489795918 0.0
2.81632653061224 0.0
2.82040816326531 0.0
2.82448979591837 0.0
2.82857142857143 0.0
2.83265306122449 0.0
2.83673469387755 0.0
2.84081632653061 0.0
2.84489795918367 0.0
2.84897959183673 0.0
2.8530612244898 0.0
2.85714285714286 0.0
2.86122448979592 0.0
2.86530612244898 0.0
2.86938775510204 0.0
2.8734693877551 0.0215769
2.87755102040816 4.85617
2.88163265306122 9.66692
2.88571428571429 6.13463
2.88979591836735 1.87302
2.89387755102041 0.0
2.89795918367347 0.0
2.90204081632653 2.14237
2.90612244897959 8.67921
2.91020408163265 13.3395
2.91428571428571 7.42042
2.91836734693878 6.32906
2.92244897959184 2.10017
2.9265306122449 0.0
2.93061224489796 0.0
2.93469387755102 0.0
2.93877551020408 0.0
2.94285714285714 0.0
2.9469387755102 0.0
2.95102040816327 0.0
2.95510204081633 0.0
2.95918367346939 0.0
2.96326530612245 0.0
2.96734693877551 0.61214
2.97142857142857 0.0
2.97551020408163 0.0
2.97959183673469 0.0
2.98367346938775 0.0
2.98775510204082 0.0
2.99183673469388 0.0
2.99591836734694 0.0
3.0 0.0
3.00408163265306 0.0
3.00816326530612 0.0
3.01224489795918 0.0
3.01632653061225 0.0
3.02040816326531 0.0
3.02448979591837 0.0
3.02857142857143 2.56091
3.03265306122449 5.62799
3.03673469387755 4.91476
3.04081632653061 6.77896
3.04489795918367 4.24695
3.04897959183673 0.0
3.0530612244898 0.0
3.05714285714286 0.0
3.06122448979592 0.0
3.06530612244898 0.0
3.06938775510204 0.0
3.0734693877551 0.0
3.07755102040816 0.0
3.08163265306122 0.0
3.08571428571429 0.0
3.08979591836735 0.0
3.09387755102041 0.0
3.09795918367347 0.0
3.10204081632653 0.0
3.10612244897959 1.5204
3.11020408163265 1.68455
3.11428571428571 2.01774
3.11836734693878 8.1718
3.12244897959184 7.8187
3.1265306122449 8.35478
3.13061224489796 13.1156
3.13469387755102 10.0434
3.13877551020408 18.6903
3.14285714285714 34.2988
3.1469387755102 60.1065
3.15102040816327 68.8839
3.15510204081633 78.8015
3.15918367346939 81.238
3.16326530612245 83.8737
3.16734693877551 80.0726
3.17142857142857 61.8708
3.17551020408163 37.8059
3.17959183673469 17.1159
3.18367346938776 2.52903
3.18775510204082 0.0
3.19183673469388 0.0
3.19591836734694 0.0
3.2 0.0
3.20408163265306 0.0
3.20816326530612 0.0
3.21224489795918 0.0
3.21632653061224 0.0
3.22040816326531 0.0
3.22448979591837 0.0
3.22857142857143 0.0
3.23265306122449 0.0
3.23673469387755 0.0
3.24081632653061 0.0
3.24489795918367 0.0
3.24897959183673 0.0
3.2530612244898 0.0
3.25714285714286 0.0
3.26122448979592 0.0
3.26530612244898 0.0
3.26938775510204 0.0
3.2734693877551 0.0
3.27755102040816 0.0
3.28163265306122 0.0
3.28571428571429 0.0
3.28979591836735 0.0
3.29387755102041 0.0
3.29795918367347 0.0
3.30204081632653 0.0
3.30612244897959 0.0
3.31020408163265 1.84011
3.31428571428571 0.0
3.31836734693878 1.68151
3.32244897959184 0.37688
3.3265306122449 0.646651
3.33061224489796 0.0
3.33469387755102 0.0
3.33877551020408 0.0
3.34285714285714 0.0
3.3469387755102 0.0
3.35102040816327 0.0
3.35510204081633 0.0
3.35918367346939 0.0
3.36326530612245 0.0
3.36734693877551 0.0
3.37142857142857 0.0
3.37551020408163 0.0221729
3.37959183673469 5.18745
3.38367346938776 7.75522
3.38775510204082 17.9741
3.39183673469388 26.0563
3.39591836734694 36.8162
3.4 41.2676
3.40408163265306 44.8931
3.40816326530612 55.6479
3.41224489795918 55.1488
3.41632653061225 52.7281
3.42040816326531 47.7663
3.42448979591837 36.427
3.42857142857143 28.9615
3.43265306122449 18.8422
3.43673469387755 10.3016
3.44081632653061 2.49696
3.44489795918367 0.0
3.44897959183673 0.0
3.4530612244898 0.0
3.45714285714286 0.0
3.46122448979592 0.0
3.46530612244898 0.0
3.46938775510204 0.0
3.4734693877551 0.0
3.47755102040816 0.0
3.48163265306122 1.38015
3.48571428571429 1.69873
3.48979591836735 3.14957
3.49387755102041 4.04596
3.49795918367347 5.153
3.50204081632653 6.95318
3.50612244897959 8.50213
3.51020408163265 10.6725
3.51428571428571 9.61834
3.51836734693878 6.02758
3.52244897959184 3.98314
3.5265306122449 0.440121
3.53061224489796 0.0
3.53469387755102 0.0
3.53877551020408 0.0
3.54285714285714 0.0
3.5469387755102 1.8816
3.55102040816327 0.77343
3.55510204081633 1.526
3.55918367346939 1.70898
3.56326530612245 6.56432
3.56734693877551 9.30476
3.57142857142857 5.96237
3.57551020408163 12.4376
3.57959183673469 25.6589
3.58367346938775 42.5199
3.58775510204082 56.3709
3.59183673469388 67.0782
3.59591836734694 70.336
3.6 74.2321
3.60408163265306 61.0735
3.60816326530612 44.7659
3.61224489795918 31.4317
3.61632653061224 13.5776
3.62040816326531 2.51842
3.62448979591837 0.0
3.62857142857143 0.0
3.63265306122449 0.0
3.63673469387755 0.0
3.64081632653061 0.0
3.64489795918367 0.0
3.64897959183673 0.0
3.6530612244898 0.0
3.65714285714286 0.0
3.66122448979592 0.0
3.66530612244898 0.0
3.66938775510204 3.92115
3.6734693877551 1.22941
3.67755102040816 0.0
3.68163265306122 0.0
3.68571428571429 0.0
3.68979591836735 0.0
3.69387755102041 0.0
3.69795918367347 0.0
3.70204081632653 0.0
3.70612244897959 0.0
3.71020408163265 0.0
3.71428571428571 0.0
3.71836734693878 0.0
3.72244897959184 1.43158
3.7265306122449 0.0
3.73061224489796 3.31128
3.73469387755102 2.80619
3.73877551020408 0.0158548
3.74285714285714 0.161171
3.7469387755102 0.0
3.75102040816327 0.0
3.75510204081633 0.0
3.75918367346939 0.0
3.76326530612245 0.0
3.76734693877551 0.0
3.77142857142857 0.0
3.77551020408163 1.00523
3.77959183673469 0.151753
3.78367346938776 0.233054
3.78775510204082 4.93413
3.79183673469388 8.4272
3.79591836734694 7.88862
3.8 10.0656
3.80408163265306 11.4096
3.80816326530612 13.2726
3.81224489795918 19.7691
3.81632653061224 29.5163
3.82040816326531 33.8855
3.82448979591837 33.2825
3.82857142857143 30.2417
3.83265306122449 17.3213
3.83673469387755 20.5749
3.84081632653061 26.4948
3.84489795918367 22.6507
3.84897959183673 14.3237
3.8530612244898 14.9896
3.85714285714286 11.4024
3.86122448979592 5.97143
3.86530612244898 1.15883
3.86938775510204 0.0
3.8734693877551 1.20521
3.87755102040816 2.39325
3.88163265306122 0.0
3.88571428571429 0.0
3.88979591836735 0.0
3.89387755102041 0.0
3.89795918367347 0.0
3.90204081632653 0.0
3.90612244897959 0.0
3.91020408163265 0.0
3.91428571428571 0.0
3.91836734693878 0.0
3.92244897959184 0.0
3.9265306122449 0.0
3.93061224489796 0.0
3.93469387755102 1.71256
3.93877551020408 2.35057
3.94285714285714 0.0
3.9469387755102 0.0
3.95102040816327 0.0
3.95510204081633 0.668168
3.95918367346939 0.581026
3.96326530612245 2.30396
3.96734693877551 4.77338
3.97142857142857 6.73211
3.97551020408163 1.98567
3.97959183673469 2.30587
3.98367346938775 3.54445
3.98775510204082 3.2531
3.99183673469388 0.376463
3.99591836734694 0.786304
4.0 0.0
4.00408163265306 0.0
4.00816326530612 1.48696
4.01224489795918 8.91846
4.01632653061225 9.31603
4.02040816326531 21.3227
4.02448979591837 28.1722
4.02857142857143 31.3604
4.03265306122449 32.2981
4.03673469387755 31.4361
4.04081632653061 37.8317
4.04489795918367 33.5337
4.04897959183673 26.0571
4.0530612244898 23.6735
4.05714285714286 21.4962
4.06122448979592 17.7315
4.06530612244898 12.6089
4.06938775510204 4.15373
4.0734693877551 0.0
4.07755102040816 0.0
4.08163265306122 0.0
4.08571428571429 0.0
4.08979591836735 0.0
4.09387755102041 0.0
4.09795918367347 0.0
4.10204081632653 0.0
4.10612244897959 0.0
4.11020408163265 0.0
4.11428571428571 0.0
4.11836734693878 0.0
4.12244897959184 0.0
4.1265306122449 0.0
4.13061224489796 0.0
4.13469387755102 0.0
4.13877551020408 0.0
4.14285714285714 0.0
4.1469387755102 0.0
4.15102040816326 0.0
4.15510204081633 0.0
4.15918367346939 0.0
4.16326530612245 0.0
4.16734693877551 0.0
4.17142857142857 0.461936
4.17551020408163 0.0
4.17959183673469 0.0388622
4.18367346938776 0.0
4.18775510204082 0.0
4.19183673469388 0.0
4.19591836734694 4.54688
4.2 0.0
4.20408163265306 0.0
4.20816326530612 0.0
4.21224489795918 0.0
4.21632653061225 0.0
4.22040816326531 0.0
4.22448979591837 0.0
4.22857142857143 0.0
4.23265306122449 0.0
4.23673469387755 0.0
4.24081632653061 0.0
4.24489795918367 0.0
4.24897959183673 0.0
4.2530612244898 0.0
4.25714285714286 0.0
4.26122448979592 0.0
4.26530612244898 0.0
4.26938775510204 0.0
4.2734693877551 0.0
4.27755102040816 0.0
4.28163265306122 3.28183
4.28571428571429 2.73025
4.28979591836735 12.1826
4.29387755102041 17.2808
4.29795918367347 14.9402
4.30204081632653 11.7412
4.30612244897959 7.62928
4.31020408163265 0.0
4.31428571428571 0.760376
4.31836734693878 0.0
4.32244897959184 0.0
4.3265306122449 0.0
4.33061224489796 2.34699
4.33469387755102 5.12254
4.33877551020408 0.0
4.34285714285714 0.0
4.3469387755102 0.0
4.35102040816327 0.0
4.35510204081633 2.08318
4.35918367346939 0.787854
4.36326530612245 0.0
4.36734693877551 0.0
4.37142857142857 0.0
4.37551020408163 0.0
4.37959183673469 0.0
4.38367346938776 0.0
4.38775510204082 0.0
4.39183673469388 0.0
4.39591836734694 0.0
4.4 0.128508
4.40408163265306 3.10874
4.40816326530612 11.3261
4.41224489795918 10.9953
4.41632653061224 10.401
4.42040816326531 22.0848
4.42448979591837 36.6463
4.42857142857143 41.3615
4.43265306122449 36.1204
4.43673469387755 36.5904
4.44081632653061 31.3688
4.44489795918367 26.1913
4.44897959183673 38.6628
4.4530612244898 63.6795
4.45714285714286 90.9388
4.46122448979592 99.1414
4.46530612244898 99.5034
4.46938775510204 93.326
4.4734693877551 86.6912
4.47755102040816 71.9039
4.48163265306122 55.7538
4.48571428571429 41.6611
4.48979591836735 29.8877
4.49387755102041 20.0413
4.49795918367347 4.64547
4.50204081632653 0.0
4.50612244897959 0.0
4.51020408163265 0.0
4.51428571428571 0.0
4.51836734693878 0.0
4.52244897959184 0.0
4.5265306122449 0.0
4.53061224489796 0.0
4.53469387755102 0.0
4.53877551020408 0.0
4.54285714285714 0.0
4.5469387755102 0.0
4.55102040816327 0.0
4.55510204081633 5.52738
4.55918367346939 2.00558
4.56326530612245 0.00321865
4.56734693877551 1.50645
4.57142857142857 0.0
4.57551020408163 0.0
4.57959183673469 0.0
4.58367346938776 0.0
4.58775510204082 0.0
4.59183673469388 0.0
4.59591836734694 0.0
4.6 0.0
4.60408163265306 0.0
4.60816326530612 0.160336
4.61224489795918 0.0
4.61632653061224 0.0
4.62040816326531 0.0
4.62448979591837 0.0
4.62857142857143 0.0
4.63265306122449 0.0
4.63673469387755 0.0
4.64081632653061 0.0
4.64489795918367 0.0
4.64897959183673 0.0
4.6530612244898 0.0
4.65714285714286 0.0
4.66122448979592 0.0
4.66530612244898 0.0
4.66938775510204 0.0
4.6734693877551 0.0
4.67755102040816 0.0
4.68163265306122 0.0
4.68571428571429 0.0
4.68979591836735 0.0
4.69387755102041 0.0
4.69795918367347 1.4019
4.70204081632653 0.0
4.70612244897959 0.0
4.71020408163265 0.0
4.71428571428571 0.0
4.71836734693878 0.0
4.72244897959184 0.0
4.7265306122449 0.0
4.73061224489796 0.0
4.73469387755102 0.0
4.73877551020408 0.0
4.74285714285714 0.0
4.7469387755102 0.0
4.75102040816327 0.0
4.75510204081633 0.0
4.75918367346939 0.0
4.76326530612245 0.0
4.76734693877551 0.0
4.77142857142857 0.0
4.77551020408163 0.0
4.77959183673469 0.0
4.78367346938775 5.21308
4.78775510204082 3.89695
4.79183673469388 3.1395
4.79591836734694 3.58367
4.8 1.03945
4.80408163265306 0.0
4.80816326530612 0.156403
4.81224489795918 0.0
4.81632653061224 1.22029
4.82040816326531 0.0
4.82448979591837 0.0
4.82857142857143 1.72645
4.83265306122449 6.14262
4.83673469387755 16.843
4.84081632653061 16.5969
4.84489795918367 16.072
4.84897959183674 21.0592
4.8530612244898 22.7397
4.85714285714286 25.5498
4.86122448979592 27.6818
4.86530612244898 33.3168
4.86938775510204 40.6125
4.8734693877551 39.933
4.87755102040816 44.926
4.88163265306122 58.2836
4.88571428571429 49.0204
4.88979591836735 46.283
4.89387755102041 64.2892
4.89795918367347 81.6177
4.90204081632653 80.4862
4.90612244897959 73.5097
4.91020408163265 65.4891
4.91428571428571 52.3332
4.91836734693878 36.1364
4.92244897959184 21.7876
4.9265306122449 9.94229
4.93061224489796 8.25655
4.93469387755102 0.47636
4.93877551020408 0.0
4.94285714285714 0.0
4.9469387755102 0.0
4.95102040816327 0.0
4.95510204081633 0.0
4.95918367346939 0.0
4.96326530612245 0.0
4.96734693877551 0.0
4.97142857142857 0.0
4.97551020408163 0.0
4.97959183673469 0.0
4.98367346938775 0.0
4.98775510204082 0.0
4.99183673469388 0.0
4.99591836734694 3.60322
5.0 5.94223
5.00408163265306 1.69683
5.00816326530612 0.0
5.01224489795918 0.0
5.01632653061225 0.0
5.02040816326531 0.0
5.02448979591837 0.0
5.02857142857143 0.0
5.03265306122449 0.0
5.03673469387755 0.0
5.04081632653061 0.0
5.04489795918367 0.0
5.04897959183673 0.0
5.0530612244898 0.0
5.05714285714286 0.0
5.06122448979592 0.0
5.06530612244898 0.0
5.06938775510204 0.0
5.0734693877551 0.0
5.07755102040816 0.0
5.08163265306122 0.0
5.08571428571429 0.0
5.08979591836735 0.0
5.09387755102041 0.0
5.09795918367347 0.0
5.10204081632653 0.0
5.10612244897959 0.0
5.11020408163265 0.0
5.11428571428571 0.0
5.11836734693878 0.709414
5.12244897959184 0.0
5.1265306122449 0.0
5.13061224489796 0.169754
5.13469387755102 2.66397
5.13877551020408 0.0
5.14285714285714 0.643134
5.1469387755102 6.63388
5.15102040816326 7.52532
5.15510204081633 0.277519
5.15918367346939 0.671029
5.16326530612245 1.31983
5.16734693877551 2.9076
5.17142857142857 4.8126
5.17551020408163 5.01955
5.17959183673469 4.06504
5.18367346938776 6.5257
5.18775510204082 6.1686
5.19183673469388 7.08193
5.19591836734694 4.34136
5.2 0.785053
5.20408163265306 0.0
5.20816326530612 0.0
5.21224489795918 0.0
5.21632653061225 2.36559
5.22040816326531 0.0
5.22448979591837 0.0
5.22857142857143 0.0
5.23265306122449 0.0
5.23673469387755 0.0
5.24081632653061 0.0
5.24489795918367 0.0
5.24897959183673 0.0
5.2530612244898 0.0998378
5.25714285714286 0.0
5.26122448979592 0.0
5.26530612244898 0.0
5.26938775510204 0.0
5.2734693877551 0.0
5.27755102040816 0.0
5.28163265306122 0.0
5.28571428571429 0.0
5.28979591836735 0.0
5.29387755102041 0.0
5.29795918367347 0.0
5.30204081632653 0.0
5.30612244897959 0.0
5.31020408163265 0.0
5.31428571428571 7.91037
5.31836734693878 29.5719
5.32244897959184 45.9849
5.3265306122449 62.7385
5.33061224489796 72.1406
5.33469387755102 86.0811
5.33877551020408 85.8957
5.34285714285714 81.173
5.3469387755102 71.1626
5.35102040816327 57.3131
5.35510204081633 40.8847
5.35918367346939 23.8551
5.36326530612245 5.07635
5.36734693877551 0.0
5.37142857142857 0.0
5.37551020408163 0.0
5.37959183673469 0.0
5.38367346938776 0.0
5.38775510204082 0.0
5.39183673469388 0.0
5.39591836734694 0.0
5.4 0.0
5.40408163265306 0.0
5.40816326530612 0.0
5.41224489795918 0.0
5.41632653061224 0.0
5.42040816326531 0.0
5.42448979591837 0.0
5.42857142857143 0.0
5.43265306122449 0.0
5.43673469387755 0.0
5.44081632653061 0.0
5.44489795918367 0.0
5.44897959183673 0.0
5.4530612244898 0.0
5.45714285714286 0.0
5.46122448979592 0.0
5.46530612244898 0.0
5.46938775510204 0.0
5.4734693877551 0.0
5.47755102040816 0.0
5.48163265306122 0.0
5.48571428571429 0.0
5.48979591836735 0.0
5.49387755102041 0.0
5.49795918367347 0.0
5.50204081632653 0.0
5.50612244897959 0.0
5.51020408163265 0.0
5.51428571428571 0.0
5.51836734693878 0.675023
5.52244897959184 0.0
5.5265306122449 0.0
5.53061224489796 0.0
5.53469387755102 1.09583
5.53877551020408 5.77474
5.54285714285714 6.1506
5.5469387755102 25.9476
5.55102040816327 37.1283
5.55510204081633 46.0343
5.55918367346939 53.9569
5.56326530612245 65.5518
5.56734693877551 69.8441
5.57142857142857 72.3471
5.57551020408163 59.6927
5.57959183673469 41.2914
5.58367346938776 25.7944
5.58775510204082 31.4162
5.59183673469388 20.5349
5.59591836734694 13.8806
5.6 11.2636
5.60408163265306 3.68631
5.60816326530612 2.98673
5.61224489795918 6.39468
5.61632653061224 1.46925
5.62040816326531 7.64924
5.62448979591837 4.049
5.62857142857143 0.0
5.63265306122449 0.0
5.63673469387755 0.0
5.64081632653061 0.0
5.64489795918367 0.0
5.64897959183673 0.0
5.6530612244898 2.48945
5.65714285714286 5.62656
5.66122448979592 0.140429
5.66530612244898 2.82872
5.66938775510204 3.79437
5.6734693877551 2.30604
5.67755102040816 8.49396
5.68163265306122 7.20549
5.68571428571429 11.7624
5.68979591836735 10.0266
5.69387755102041 3.58009
5.69795918367347 4.29374
5.70204081632653 3.75831
5.70612244897959 0.705838
5.71020408163265 1.61719
5.71428571428571 1.96511
5.71836734693878 0.0975132
5.72244897959184 0.0
5.7265306122449 0.0
5.73061224489796 0.0
5.73469387755102 0.0
5.73877551020408 0.0
5.74285714285714 0.0
5.7469387755102 0.0
5.75102040816327 0.0
5.75510204081633 0.0
5.75918367346939 0.0
5.76326530612245 5.68408
5.76734693877551 33.021
5.77142857142857 54.3989
5.77551020408163 85.0432
5.77959183673469 106.757
5.78367346938775 105.498
5.78775510204082 95.3828
5.79183673469388 77.6089
5.79591836734694 58.3894
5.8 42.524
5.80408163265306 23.3406
5.80816326530612 4.72254
5.81224489795918 0.0
5.81632653061224 0.921488
5.82040816326531 0.614583
5.82448979591837 0.0
5.82857142857143 0.0
5.83265306122449 0.0
5.83673469387755 0.0
5.84081632653061 0.0
5.84489795918367 0.0
5.84897959183674 0.0
5.8530612244898 0.0
5.85714285714286 0.0
5.86122448979592 0.0
5.86530612244898 0.0
5.86938775510204 0.0
5.8734693877551 0.0
5.87755102040816 0.0
5.88163265306122 0.0
5.88571428571429 0.313938
5.88979591836735 0.0
5.89387755102041 0.00441074
5.89795918367347 0.0
5.90204081632653 0.191927
5.90612244897959 2.38723
5.91020408163265 0.0
5.91428571428571 0.0
5.91836734693878 0.0
5.92244897959184 0.0
5.9265306122449 0.0
5.93061224489796 0.456989
5.93469387755102 0.18245
5.93877551020408 0.0
5.94285714285714 0.0
5.9469387755102 2.06494
5.95102040816327 1.87075
5.95510204081633 2.15769
5.95918367346939 1.06859
5.96326530612245 1.32644
5.96734693877551 5.05447
5.97142857142857 3.80683
5.97551020408163 3.20423
5.97959183673469 0.0
5.98367346938775 0.0
5.98775510204082 0.0
5.99183673469388 0.0
5.99591836734694 0.0
6.0 0.0
6.00408163265306 0.0
6.00816326530612 0.0
6.01224489795918 0.0
6.01632653061225 12.2452
6.02040816326531 24.2153
6.02448979591837 39.0931
6.02857142857143 40.8931
6.03265306122449 35.0338
6.03673469387755 27.6055
6.04081632653061 17.4962
6.04489795918367 16.1931
6.04897959183673 9.32127
6.0530612244898 7.44408
6.05714285714286 1.48284
6.06122448979592 0.0
6.06530612244898 0.0
6.06938775510204 10.8938
6.0734693877551 13.7498
6.07755102040816 24.7111
6.08163265306122 24.3844
6.08571428571429 18.1175
6.08979591836735 10.9656
6.09387755102041 6.86949
6.09795918367347 2.99555
6.10204081632653 4.39358
6.10612244897959 1.50108
6.11020408163265 0.0
6.11428571428571 0.0
6.11836734693878 0.0
6.12244897959184 0.0
6.1265306122449 0.0
6.13061224489796 0.0
6.13469387755102 0.0
6.13877551020408 0.0
6.14285714285714 0.0
6.1469387755102 0.0
6.15102040816326 0.0
6.15510204081633 1.7814
6.15918367346939 1.737
6.16326530612245 3.97182
6.16734693877551 11.0888
6.17142857142857 11.1716
6.17551020408163 9.14234
6.17959183673469 5.98812
6.18367346938776 7.40319
6.18775510204082 16.2836
6.19183673469388 18.0463
6.19591836734694 27.746
6.2 38.1764
6.20408163265306 81.0933
6.20816326530612 105.561
6.21224489795918 105.679
6.21632653061225 96.4711
6.22040816326531 83.8284
6.22448979591837 61.6478
6.22857142857143 40.0821
6.23265306122449 20.9656
6.23673469387755 7.87359
6.24081632653061 0.0
6.24489795918367 0.0
6.24897959183673 0.0
6.2530612244898 0.0
6.25714285714286 0.0
6.26122448979592 0.0
6.26530612244898 0.0
6.26938775510204 0.0
6.2734693877551 0.0
6.27755102040816 0.0
6.28163265306122 0.0
6.28571428571429 0.0
6.28979591836735 0.0
6.29387755102041 0.0
6.29795918367347 0.0
6.30204081632653 0.0
6.30612244897959 0.0
6.31020408163265 0.342011
6.31428571428571 0.406146
6.31836734693878 0.0
6.32244897959184 0.0
6.3265306122449 0.0
6.33061224489796 0.0
6.33469387755102 0.0
6.33877551020408 0.0
6.34285714285714 0.0
6.3469387755102 0.0
6.35102040816327 0.0
6.35510204081633 0.0
6.35918367346939 0.0
6.36326530612245 0.0
6.36734693877551 0.0
6.37142857142857 0.0
6.37551020408163 0.0
6.37959183673469 0.0
6.38367346938776 0.509858
6.38775510204082 2.46152
6.39183673469388 3.40712
6.39591836734694 2.40302
6.4 4.48418
6.40408163265306 3.1665
6.40816326530612 2.7442
6.41224489795918 0.916004
6.41632653061224 0.434041
6.42040816326531 1.24371
6.42448979591837 0.0
6.42857142857143 0.0
6.43265306122449 0.0
6.43673469387755 0.0
6.44081632653061 2.90036
6.44489795918367 0.344038
6.44897959183673 1.97589
6.4530612244898 4.56405
6.45714285714286 9.87768
6.46122448979592 9.79513
6.46530612244898 9.39769
6.46938775510204 4.1914
6.4734693877551 2.8832
6.47755102040816 1.27941
6.48163265306122 0.166178
6.48571428571429 0.0
6.48979591836735 0.0
6.49387755102041 0.0
6.49795918367347 0.0
6.50204081632653 0.0
6.50612244897959 0.0
6.51020408163265 0.0
6.51428571428571 0.0
6.51836734693878 0.0
6.52244897959184 0.0
6.5265306122449 0.0
6.53061224489796 0.0
6.53469387755102 0.0
6.53877551020408 0.0
6.54285714285714 0.0
6.5469387755102 0.0
6.55102040816327 0.0
6.55510204081633 0.0
6.55918367346939 0.0
6.56326530612245 0.0
6.56734693877551 0.0
6.57142857142857 0.0
6.57551020408163 0.0
6.57959183673469 0.0
6.58367346938776 0.0
6.58775510204082 0.0
6.59183673469388 0.0
6.59591836734694 0.0
6.6 0.0
6.60408163265306 0.0
6.60816326530612 0.0
6.61224489795918 0.0
6.61632653061224 0.0
6.62040816326531 6.8959
6.62448979591837 3.97491
6.62857142857143 9.04602
6.63265306122449 29.5575
6.63673469387755 41.8679
6.64081632653061 84.5341
6.64489795918367 104.459
6.64897959183673 109.537
6.6530612244898 102.678
6.65714285714286 89.5412
6.66122448979592 81.5407
6.66530612244898 62.6161
6.66938775510204 47.9108
6.6734693877551 34.2692
6.67755102040816 22.1161
6.68163265306122 10.2693
6.68571428571429 0.0
6.68979591836735 0.0
6.69387755102041 0.0
6.69795918367347 0.0
6.70204081632653 0.0
6.70612244897959 0.0
6.71020408163265 0.0
6.71428571428571 0.0
6.71836734693878 0.0
6.72244897959184 0.0
6.7265306122449 0.0
6.73061224489796 0.0
6.73469387755102 0.0
6.73877551020408 0.0
6.74285714285714 0.0
6.7469387755102 0.0
6.75102040816327 0.0
6.75510204081633 0.0
6.75918367346939 0.0
6.76326530612245 0.0
6.76734693877551 0.0
6.77142857142857 0.0
6.77551020408163 0.0
6.77959183673469 0.0
6.78367346938775 0.0
6.78775510204082 0.0
6.79183673469388 0.0
6.79591836734694 0.0
6.8 0.0
6.80408163265306 0.0
6.80816326530612 0.0
6.81224489795918 0.372469
6.81632653061224 0.749707
6.82040816326531 0.978351
6.82448979591837 0.466466
6.82857142857143 0.296474
6.83265306122449 0.0
6.83673469387755 0.0
6.84081632653061 0.0
6.84489795918367 1.19963
6.84897959183674 0.0
6.8530612244898 1.29658
6.85714285714286 6.63841
6.86122448979592 9.10497
6.86530612244898 1.74785
6.86938775510204 4.09245
6.8734693877551 2.141
6.87755102040816 3.89969
6.88163265306122 4.21071
6.88571428571429 21.2222
6.88979591836735 36.1869
6.89387755102041 48.3865
6.89795918367347 54.4315
6.90204081632653 50.4193
6.90612244897959 46.7865
6.91020408163265 41.7978
6.91428571428571 42.4131
6.91836734693878 32.1036
6.92244897959184 32.2018
6.9265306122449 23.3199
6.93061224489796 18.3148
6.93469387755102 11.9275
6.93877551020408 8.99935
6.94285714285714 7.11787
6.9469387755102 4.79144
6.95102040816327 3.68458
6.95510204081633 0.539333
6.95918367346939 0.429034
6.96326530612245 0.0
6.96734693877551 0.0
6.97142857142857 0.0
6.97551020408163 0.0
6.97959183673469 2.73883
6.98367346938775 0.808239
6.98775510204082 0.0
6.99183673469388 0.542521
6.99591836734694 2.56109
7.0 6.90913
7.00408163265306 3.28112
7.00816326530612 0.99194
7.01224489795918 4.73368
7.01632653061225 8.19537
7.02040816326531 8.30656
7.02448979591837 6.19906
7.02857142857143 6.49601
7.03265306122449 6.57541
7.03673469387755 0.0
7.04081632653061 0.209093
7.04489795918367 0.0
7.04897959183673 0.0
7.0530612244898 0.0
7.05714285714286 4.73511
7.06122448979592 9.8744
7.06530612244898 8.26859
7.06938775510204 10.8455
7.0734693877551 5.75864
7.07755102040816 3.28073
7.08163265306122 5.73009
7.08571428571429 7.99596
7.08979591836735 22.7046
7.09387755102041 34.6282
7.09795918367347 41.0274
7.10204081632653 42.1289
7.10612244897959 52.5017
7.11020408163265 50.689
7.11428571428571 42.6097
7.11836734693878 29.599
7.12244897959184 22.4175
7.1265306122449 4.88853
7.13061224489796 0.0
7.13469387755102 0.0
7.13877551020408 0.0
7.14285714285714 0.0
7.1469387755102 0.0
7.15102040816326 0.0
7.15510204081633 0.0
7.15918367346939 0.0
7.16326530612245 0.0
7.16734693877551 0.0
7.17142857142857 0.0
7.17551020408163 0.0
7.17959183673469 0.0
7.18367346938776 0.779152
7.18775510204082 8.19385
7.19183673469388 14.9475
7.19591836734694 5.72479
7.2 0.0
7.20408163265306 3.25233
7.20816326530612 1.47903
7.21224489795918 1.64557
7.21632653061225 2.98262
7.22040816326531 3.17526
7.22448979591837 7.02608
7.22857142857143 11.3171
7.23265306122449 10.1525
7.23673469387755 13.5384
7.24081632653061 8.64983
7.24489795918367 4.84216
7.24897959183673 2.86138
7.2530612244898 0.0
7.25714285714286 0.0
7.26122448979592 0.0
7.26530612244898 0.972986
7.26938775510204 0.937641
7.2734693877551 0.220656
7.27755102040816 0.0
7.28163265306122 0.0
7.28571428571429 0.0
7.28979591836735 0.0
7.29387755102041 0.0
7.29795918367347 0.0
7.30204081632653 0.0
7.30612244897959 0.0
7.31020408163265 0.0
7.31428571428571 0.0
7.31836734693878 9.71174
7.32244897959184 18.5992
7.3265306122449 27.5757
7.33061224489796 28.2782
7.33469387755102 30.081
7.33877551020408 23.3266
7.34285714285714 26.7859
7.3469387755102 19.743
7.35102040816327 14.443
7.35510204081633 12.7114
7.35918367346939 8.35788
7.36326530612245 0.737786
7.36734693877551 0.0
7.37142857142857 0.0
7.37551020408163 0.0
7.37959183673469 0.0
7.38367346938776 0.0
7.38775510204082 0.0
7.39183673469388 0.0
7.39591836734694 0.0
7.4 0.0
7.40408163265306 2.30563
7.40816326530612 1.05238
7.41224489795918 0.0
7.41632653061224 0.224352
7.42040816326531 0.0
7.42448979591837 0.0
7.42857142857143 1.72567
7.43265306122449 3.51691
7.43673469387755 0.0
7.44081632653061 0.0
7.44489795918367 0.0
7.44897959183673 0.0
7.4530612244898 1.47748
7.45714285714286 0.0
7.46122448979592 0.0
7.46530612244898 0.0
7.46938775510204 0.0
7.4734693877551 0.0
7.47755102040816 0.0
7.48163265306122 0.0
7.48571428571429 0.0
7.48979591836735 0.0
7.49387755102041 0.0
7.49795918367347 0.0
7.50204081632653 0.0
7.50612244897959 0.0
7.51020408163265 0.0
7.51428571428571 0.0
7.51836734693878 0.0
7.52244897959184 0.0
7.5265306122449 0.0
7.53061224489796 11.7357
7.53469387755102 54.0584
7.53877551020408 83.6468
7.54285714285714 97.3012
7.5469387755102 89.6186
7.55102040816327 88.9956
7.55510204081633 71.1123
7.55918367346939 51.9604
7.56326530612245 30.1359
7.56734693877551 8.94976
7.57142857142857 0.0
7.57551020408163 0.0
7.57959183673469 0.0
7.58367346938776 0.0
7.58775510204082 0.0
7.59183673469388 0.0
7.59591836734694 0.0
7.6 0.0
7.60408163265306 0.0
7.60816326530612 0.0
7.61224489795918 0.0
7.61632653061224 0.0
7.62040816326531 0.0
7.62448979591837 0.0
7.62857142857143 0.0
7.63265306122449 0.0
7.63673469387755 0.0
7.64081632653061 0.0
7.64489795918367 0.0
7.64897959183673 0.0
7.6530612244898 1.06716
7.65714285714286 0.914931
7.66122448979592 0.578761
7.66530612244898 0.0
7.66938775510204 0.0
7.6734693877551 0.0
7.67755102040816 0.286937
7.68163265306122 1.50526
7.68571428571429 4.5408
7.68979591836735 3.96556
7.69387755102041 6.00976
7.69795918367347 7.32344
7.70204081632653 8.51142
7.70612244897959 11.4378
7.71020408163265 12.2435
7.71428571428571 6.47497
7.71836734693878 8.33452
7.72244897959184 1.89364
7.7265306122449 2.21801
7.73061224489796 0.0
7.73469387755102 0.0
7.73877551020408 0.0
7.74285714285714 0.0326633
7.7469387755102 0.0
7.75102040816327 0.0
7.75510204081633 0.0
7.75918367346939 0.0
7.76326530612245 0.0
7.76734693877551 0.0
7.77142857142857 1.52791
7.77551020408163 0.0
7.77959183673469 0.0
7.78367346938775 0.0
7.78775510204082 0.0
7.79183673469388 0.0
7.79591836734694 0.0
7.8 0.0
7.80408163265306 0.0
7.80816326530612 0.0
7.81224489795918 0.0
7.81632653061224 0.0
7.82040816326531 0.0
7.82448979591837 0.0
7.82857142857143 0.0
7.83265306122449 0.0
7.83673469387755 0.0
7.84081632653061 0.0
7.84489795918367 0.0
7.84897959183674 1.00231
7.8530612244898 0.0
7.85714285714286 0.0
7.86122448979592 0.0
7.86530612244898 0.0
7.86938775510204 0.0
7.8734693877551 0.0
7.87755102040816 0.0
7.88163265306122 0.0
7.88571428571429 0.0
7.88979591836735 0.0
7.89387755102041 0.0
7.89795918367347 0.0
7.90204081632653 0.0
7.90612244897959 0.0
7.91020408163265 0.0
7.91428571428571 0.0
7.91836734693878 3.31191
7.92244897959184 4.76515
7.9265306122449 1.8667
7.93061224489796 0.0
7.93469387755102 0.0
7.93877551020408 0.0
7.94285714285714 0.0
7.9469387755102 30.8635
7.95102040816327 43.0925
7.95510204081633 92.0412
7.95918367346939 136.293
7.96326530612245 160.568
7.96734693877551 158.584
7.97142857142857 140.53
7.97551020408163 137.995
7.97959183673469 115.724
7.98367346938775 95.1487
7.98775510204082 73.3572
7.99183673469388 51.3828
7.99591836734694 36.0084
8.0 20.4686
8.00408163265306 6.20306
8.00816326530612 0.0
8.01224489795918 0.0
8.01632653061225 0.0
8.02040816326531 0.0
8.02448979591837 0.0
8.02857142857143 0.0
8.03265306122449 0.0
8.03673469387755 0.0
8.04081632653061 0.0
8.04489795918367 4.02069
8.04897959183674 0.0
8.0530612244898 10.5778
8.05714285714286 6.03795
8.06122448979592 13.2402
8.06530612244898 0.394464
8.06938775510204 0.0
8.0734693877551 6.84798
8.07755102040816 3.51405
8.08163265306122 0.0
8.08571428571429 0.0
8.08979591836735 0.0
8.09387755102041 0.164807
8.09795918367347 0.0
8.10204081632653 0.0
8.10612244897959 0.0
8.11020408163265 0.0
8.11428571428571 0.0
8.11836734693878 0.0
8.12244897959184 0.0
8.1265306122449 0.213146
8.13061224489796 0.0
8.13469387755102 0.0
8.13877551020408 0.0
8.14285714285714 0.0
8.1469387755102 0.0
8.15102040816327 0.0
8.15510204081633 0.0
8.15918367346939 0.0
8.16326530612245 0.0
8.16734693877551 0.0
8.17142857142857 0.0
8.17551020408163 0.870824
8.17959183673469 5.09667
8.18367346938776 2.88296
8.18775510204082 3.65877
8.19183673469388 0.62418
8.19591836734694 0.0
8.2 3.81827
8.20408163265306 4.19724
8.20816326530612 1.46222
8.21224489795918 5.7933
8.21632653061224 2.23851
8.22040816326531 3.45784
8.22448979591837 3.04711
8.22857142857143 2.52736
8.23265306122449 3.84957
8.23673469387755 0.541866
8.24081632653061 0.0
8.24489795918367 0.0
8.24897959183673 0.0
8.2530612244898 0.0
8.25714285714286 0.0
8.26122448979592 0.0
8.26530612244898 0.0
8.26938775510204 0.0
8.2734693877551 0.0
8.27755102040816 0.0
8.28163265306122 0.0
8.28571428571429 0.0
8.28979591836735 0.0
8.29387755102041 0.0
8.29795918367347 0.0
8.30204081632653 0.0
8.30612244897959 0.0
8.31020408163265 0.0
8.31428571428571 0.0
8.31836734693877 0.0
8.32244897959184 0.0
8.3265306122449 0.0
8.33061224489796 0.0
8.33469387755102 0.0
8.33877551020408 0.0
8.34285714285714 0.0
8.3469387755102 0.0
8.35102040816327 0.0
8.35510204081633 0.0
8.35918367346939 0.0
8.36326530612245 0.0
8.36734693877551 0.0
8.37142857142857 0.0
8.37551020408163 0.0
8.37959183673469 4.78274
8.38367346938776 27.6711
8.38775510204082 36.1736
8.39183673469388 43.9366
8.39591836734694 66.6166
8.4 75.5781
8.40408163265306 91.7844
8.40816326530612 114.876
8.41224489795918 177.904
8.41632653061225 177.892
8.42040816326531 157.801
8.42448979591837 130.525
8.42857142857143 104.684
8.43265306122449 78.5668
8.43673469387755 68.1028
8.44081632653061 54.6501
8.44489795918367 39.2555
8.44897959183673 18.6031
8.4530612244898 5.49257
8.45714285714286 0.0
8.46122448979592 0.0
8.46530612244898 0.0
8.46938775510204 0.0
8.4734693877551 0.0
8.47755102040816 0.0
8.48163265306122 0.0
8.48571428571429 0.0
8.48979591836735 0.0
8.49387755102041 0.0
8.49795918367347 0.0
8.50204081632653 0.0
8.50612244897959 0.0
8.51020408163265 0.0
8.51428571428571 0.0
8.51836734693878 0.736237
8.52244897959184 3.24082
8.5265306122449 0.758588
8.53061224489796 5.61118
8.53469387755102 0.0
8.53877551020408 0.0
8.54285714285714 5.08118
8.5469387755102 1.72532
8.55102040816327 3.07882
8.55510204081633 2.65932
8.55918367346939 1.79505
8.56326530612245 0.0
8.56734693877551 0.0
8.57142857142857 0.0
8.57551020408163 3.68953
8.57959183673469 0.0
8.58367346938775 0.0
8.58775510204082 0.0
8.59183673469388 0.0
8.59591836734694 0.0
8.6 0.0
8.60408163265306 0.0
8.60816326530612 0.0
8.61224489795918 0.0
8.61632653061224 0.0
8.62040816326531 0.0
8.62448979591837 0.0
8.62857142857143 0.0
8.63265306122449 0.0
8.63673469387755 0.0
8.64081632653061 0.0
8.64489795918367 0.0
8.64897959183673 0.0
8.6530612244898 0.0
8.65714285714286 0.0
8.66122448979592 0.774503
8.66530612244898 7.33566
8.66938775510204 5.41377
8.6734693877551 12.2502
8.67755102040816 5.9936
8.68163265306123 7.77453
8.68571428571429 8.9739
8.68979591836735 4.58384
8.69387755102041 7.23469
8.69795918367347 7.98982
8.70204081632653 5.84972
8.70612244897959 5.66131
8.71020408163265 1.47599
8.71428571428571 0.0
8.71836734693878 0.0
8.72244897959184 0.0
8.7265306122449 0.0
8.73061224489796 0.0
8.73469387755102 0.0
8.73877551020408 0.0
8.74285714285714 0.0
8.7469387755102 0.0
8.75102040816327 0.0
8.75510204081633 0.0
8.75918367346939 0.0
8.76326530612245 0.0
8.76734693877551 0.0
8.77142857142857 0.0
8.77551020408163 2.5475
8.77959183673469 2.96217
8.78367346938776 0.0
8.78775510204082 1.23203
8.79183673469388 0.813425
8.79591836734694 2.58124
8.8 0.0
8.80408163265306 3.3524
8.80816326530612 1.50084
8.81224489795918 0.0
8.81632653061224 2.83778
8.82040816326531 3.88384
8.82448979591837 10.7728
8.82857142857143 17.9493
8.83265306122449 27.9868
8.83673469387755 47.7708
8.84081632653061 80.8092
8.84489795918367 94.4708
8.84897959183673 96.4324
8.8530612244898 110.892
8.85714285714286 107.07
8.86122448979592 107.591
8.86530612244898 93.358
8.86938775510204 67.6167
8.8734693877551 50.5896
8.87755102040816 35.3373
8.88163265306122 17.4091
8.88571428571429 2.07257
8.88979591836735 0.0
8.89387755102041 0.0
8.89795918367347 0.0
8.90204081632653 0.0
8.90612244897959 0.0
8.91020408163265 0.0
8.91428571428571 0.0
8.91836734693878 0.0
8.92244897959184 0.0
8.9265306122449 0.0
8.93061224489796 0.0
8.93469387755102 0.0
8.93877551020408 0.0
8.94285714285714 0.0
8.9469387755102 0.0
8.95102040816326 0.0
8.95510204081633 0.0
8.95918367346939 0.0
8.96326530612245 0.0
8.96734693877551 0.0
8.97142857142857 0.0
8.97551020408163 0.0
8.97959183673469 0.0
8.98367346938775 0.0
8.98775510204082 0.0
8.99183673469388 0.0
8.99591836734694 0.0
9.0 0.0
9.00408163265306 0.0
9.00816326530612 0.0
9.01224489795918 0.0
9.01632653061225 0.0
9.02040816326531 0.0
9.02448979591837 0.0
9.02857142857143 0.0
9.03265306122449 0.0
9.03673469387755 0.0
9.04081632653061 0.0
9.04489795918367 1.53002
9.04897959183674 10.0765
9.0530612244898 16.2822
9.05714285714286 22.8909
9.06122448979592 29.3915
9.06530612244898 25.8135
9.06938775510204 28.7508
9.0734693877551 42.9066
9.07755102040816 58.4494
9.08163265306122 67.1039
9.08571428571429 78.9756
9.08979591836735 88.5823
9.09387755102041 96.7194
9.09795918367347 98.4751
9.10204081632653 93.1239
9.10612244897959 82.8006
9.11020408163265 76.2162
9.11428571428571 68.3091
9.11836734693878 55.5698
9.12244897959184 46.1342
9.1265306122449 39.2673
9.13061224489796 37.0554
9.13469387755102 34.5749
9.13877551020408 24.2774
9.14285714285714 14.5869
9.1469387755102 6.8177
9.15102040816327 1.58799
9.15510204081633 0.0
9.15918367346939 0.0
9.16326530612245 0.0
9.16734693877551 0.0
9.17142857142857 0.0
9.17551020408163 0.0
9.17959183673469 0.0
9.18367346938776 0.0
9.18775510204082 0.0
9.19183673469388 0.0
9.19591836734694 0.0
9.2 0.0
9.20408163265306 0.0
9.20816326530612 0.0
9.21224489795918 0.0
9.21632653061224 0.0
9.22040816326531 0.0
9.22448979591837 0.733614
9.22857142857143 0.0
9.23265306122449 0.0
9.23673469387755 0.0
9.24081632653061 0.0
9.24489795918367 0.111341
9.24897959183673 0.0
9.2530612244898 0.0
9.25714285714286 0.0
9.26122448979592 0.0
9.26530612244898 0.0
9.26938775510204 0.0
9.2734693877551 0.0
9.27755102040816 0.0
9.28163265306122 1.39976
9.28571428571429 0.0
9.28979591836735 23.7211
9.29387755102041 53.9284
9.29795918367347 81.3889
9.30204081632653 89.5233
9.30612244897959 88.1032
9.31020408163265 76.0289
9.31428571428571 56.6853
9.31836734693877 36.0252
9.32244897959184 19.2417
9.3265306122449 4.28629
9.33061224489796 0.0
9.33469387755102 0.0
9.33877551020408 0.0
9.34285714285714 0.0
9.3469387755102 0.0
9.35102040816327 0.0
9.35510204081633 0.0
9.35918367346939 0.0
9.36326530612245 0.0
9.36734693877551 0.0
9.37142857142857 0.0
9.37551020408163 0.0
9.37959183673469 0.0
9.38367346938776 0.0
9.38775510204082 0.0
9.39183673469388 0.0
9.39591836734694 0.0
9.4 1.84953
9.40408163265306 0.0
9.40816326530612 0.433564
9.41224489795918 3.82364
9.41632653061225 2.1286
9.42040816326531 0.0
9.42448979591837 0.0
9.42857142857143 2.46358
9.43265306122449 4.17042
9.43673469387755 4.63206
9.44081632653061 8.66175
9.44489795918367 4.11892
9.44897959183673 4.64761
9.4530612244898 2.04659
9.45714285714286 1.95342
9.46122448979592 2.03824
9.46530612244898 3.37291
9.46938775510204 0.00226498
9.4734693877551 2.43127
9.47755102040816 3.06594
9.48163265306122 5.13214
9.48571428571429 4.8666
9.48979591836735 3.83103
9.49387755102041 1.75393
9.49795918367347 0.0
9.50204081632653 0.0
9.50612244897959 0.0
9.51020408163265 0.0
9.51428571428571 0.0
9.51836734693878 0.0
9.52244897959184 0.0
9.5265306122449 0.0
9.53061224489796 0.0
9.53469387755102 0.0
9.53877551020408 3.34382
9.54285714285714 6.899
9.5469387755102 0.666618
9.55102040816327 0.0
9.55510204081633 10.2457
9.55918367346939 5.53668
9.56326530612245 16.2544
9.56734693877551 33.9643
9.57142857142857 44.7324
9.57551020408163 37.4976
9.57959183673469 25.3879
9.58367346938775 20.7642
9.58775510204082 13.0558
9.59183673469388 14.0156
9.59591836734694 10.4522
9.6 6.54626
9.60408163265306 5.11605
9.60816326530612 3.74228
9.61224489795918 2.95544
9.61632653061224 2.21372
9.62040816326531 0.0
9.62448979591837 0.0
9.62857142857143 0.0
9.63265306122449 0.0
9.63673469387755 0.0
9.64081632653061 0.0
9.64489795918367 0.0
9.64897959183673 1.35458
9.6530612244898 1.90181
9.65714285714286 2.23112
9.66122448979592 2.11453
9.66530612244898 2.59554
9.66938775510204 1.51372
9.6734693877551 1.29843
9.67755102040816 0.914931
9.68163265306123 3.38453
9.68571428571429 1.73616
9.68979591836735 3.87597
9.69387755102041 5.29253
9.69795918367347 7.19833
9.70204081632653 4.08876
9.70612244897959 3.32981
9.71020408163265 4.93836
9.71428571428571 3.58212
9.71836734693878 0.0
9.72244897959184 8.36611
9.7265306122449 0.111938
9.73061224489796 4.20511
9.73469387755102 7.57778
9.73877551020408 9.18561
9.74285714285714 14.8235
9.7469387755102 18.9281
9.75102040816327 24.1052
9.75510204081633 23.2285
9.75918367346939 22.3665
9.76326530612245 23.357
9.76734693877551 10.6233
9.77142857142857 1.52493
9.77551020408163 0.0
9.77959183673469 0.0
9.78367346938776 0.0
9.78775510204082 0.0
9.79183673469388 0.0
9.79591836734694 0.0
9.8 0.0
9.80408163265306 0.0
9.80816326530612 0.0
9.81224489795918 0.0
9.81632653061224 0.0
9.82040816326531 0.0
9.82448979591837 0.0
9.82857142857143 0.0
9.83265306122449 0.0
9.83673469387755 0.0
9.84081632653061 0.0
9.84489795918367 0.0
9.84897959183673 0.0
9.8530612244898 0.0
9.85714285714286 0.0
9.86122448979592 0.0
9.86530612244898 0.0
9.86938775510204 0.0
9.8734693877551 0.0
9.87755102040816 0.0
9.88163265306122 0.0
9.88571428571429 0.0
9.88979591836735 0.0
9.89387755102041 0.0
9.89795918367347 0.0
9.90204081632653 3.68655
9.90612244897959 5.26321
9.91020408163265 1.89286
9.91428571428571 0.0
9.91836734693878 4.71437
9.92244897959184 6.89709
9.9265306122449 1.50234
9.93061224489796 1.94502
9.93469387755102 0.0
9.93877551020408 0.0
9.94285714285714 0.0
9.9469387755102 0.0
9.95102040816326 0.0
9.95510204081633 0.0
9.95918367346939 0.0
9.96326530612245 0.0
9.96734693877551 0.0
9.97142857142857 0.0
9.97551020408163 0.756979
9.97959183673469 0.0
9.98367346938775 1.31893
9.98775510204082 2.1131
9.99183673469388 0.0
9.99591836734694 0.0
10.0 0.0
10.0040816326531 0.0
10.0081632653061 0.0
10.0122448979592 0.0
10.0163265306122 3.672
10.0204081632653 3.43442
10.0244897959184 1.61803
10.0285714285714 0.0349283
10.0326530612245 0.0
10.0367346938776 0.0
10.0408163265306 0.0
10.0448979591837 0.0
10.0489795918367 0.0
10.0530612244898 0.0
10.0571428571429 0.0
10.0612244897959 0.0
10.065306122449 0.0
10.069387755102 0.0
10.0734693877551 0.0
10.0775510204082 0.0
10.0816326530612 0.0
10.0857142857143 0.0
10.0897959183673 0.0
10.0938775510204 0.0
10.0979591836735 0.234604
10.1020408163265 1.05745
10.1061224489796 2.25335
10.1102040816327 1.20732
10.1142857142857 1.32638
10.1183673469388 0.755936
10.1224489795918 0.49901
10.1265306122449 0.846982
10.130612244898 1.92499
10.134693877551 0.514388
10.1387755102041 0.0
10.1428571428571 0.0
10.1469387755102 0.0
10.1510204081633 0.0
10.1551020408163 0.0
10.1591836734694 0.0258982
10.1632653061224 13.5069
10.1673469387755 27.7514
10.1714285714286 51.6857
10.1755102040816 82.5399
10.1795918367347 102.136
10.1836734693878 94.9177
10.1877551020408 89.2902
10.1918367346939 79.3914
10.1959183673469 68.3397
10.2 51.8446
10.2040816326531 31.5784
10.2081632653061 12.7921
10.2122448979592 0.0
10.2163265306122 0.0
10.2204081632653 0.0
10.2244897959184 0.0
10.2285714285714 0.0
10.2326530612245 0.0
10.2367346938776 0.0
10.2408163265306 0.0
10.2448979591837 0.0
10.2489795918367 0.0
10.2530612244898 0.0
10.2571428571429 0.0
10.2612244897959 0.0
10.265306122449 0.0
10.269387755102 0.0
10.2734693877551 0.0
10.2775510204082 0.0
10.2816326530612 0.0
10.2857142857143 0.0
10.2897959183673 0.0
10.2938775510204 0.0
10.2979591836735 0.0
10.3020408163265 0.0
10.3061224489796 0.0
10.3102040816327 0.0
10.3142857142857 1.65772
10.3183673469388 0.809968
10.3224489795918 0.11313
10.3265306122449 1.67841
10.330612244898 0.0
10.334693877551 0.0
10.3387755102041 0.0
10.3428571428571 0.0
10.3469387755102 0.0
10.3510204081633 0.0
10.3551020408163 0.0
10.3591836734694 0.0
10.3632653061224 0.0
10.3673469387755 0.0
10.3714285714286 0.0
10.3755102040816 0.0
10.3795918367347 0.0
10.3836734693878 0.270247
10.3877551020408 22.0533
10.3918367346939 27.867
10.3959183673469 58.6255
10.4 78.5315
10.4040816326531 84.4387
10.4081632653061 78.4334
10.4122448979592 73.6712
10.4163265306122 62.3271
10.4204081632653 52.6792
10.4244897959184 51.7859
10.4285714285714 52.7396
10.4326530612245 37.6923
10.4367346938776 29.8249
10.4408163265306 18.4299
10.4448979591837 3.0669
10.4489795918367 0.0
10.4530612244898 0.0
10.4571428571429 0.0
10.4612244897959 0.0
10.465306122449 0.0
10.469387755102 0.0
10.4734693877551 0.0
10.4775510204082 0.0
10.4816326530612 0.0
10.4857142857143 0.0
10.4897959183673 0.0
10.4938775510204 0.0
10.4979591836735 0.0
10.5020408163265 0.317574
10.5061224489796 1.06978
10.5102040816327 0.0
10.5142857142857 0.0
10.5183673469388 0.447512
10.5224489795918 0.674725
10.5265306122449 2.64013
10.530612244898 1.42026
10.534693877551 0.681996
10.5387755102041 8.69799
10.5428571428571 4.25035
10.5469387755102 0.78851
10.5510204081633 0.0
10.5551020408163 0.0
10.5591836734694 0.0
10.5632653061224 0.0
10.5673469387755 0.0
10.5714285714286 0.0
10.5755102040816 0.0
10.5795918367347 0.0
10.5836734693878 0.0
10.5877551020408 1.49471
10.5918367346939 2.81936
10.5959183673469 1.42425
10.6 0.973344
10.6040816326531 0.646591
10.6081632653061 2.43628
10.6122448979592 15.542
10.6163265306122 22.8512
10.6204081632653 57.6622
10.6244897959184 71.6802
10.6285714285714 80.1444
10.6326530612245 83.9771
10.6367346938776 80.6578
10.6408163265306 75.3841
10.6448979591837 58.1492
10.6489795918367 42.1681
10.6530612244898 19.8887
10.6571428571429 1.58799
10.6612244897959 0.0
10.665306122449 0.0
10.669387755102 0.0
10.6734693877551 0.0
10.6775510204082 0.0
10.6816326530612 0.0
10.6857142857143 0.0
10.6897959183673 0.0
10.6938775510204 0.0
10.6979591836735 0.0
10.7020408163265 0.0
10.7061224489796 0.0
10.7102040816327 0.0
10.7142857142857 0.685811
10.7183673469388 0.0
10.7224489795918 0.0
10.7265306122449 0.0
10.730612244898 0.0
10.734693877551 0.0
10.7387755102041 0.0
10.7428571428571 0.0
10.7469387755102 0.0
10.7510204081633 0.0
10.7551020408163 0.0
10.7591836734694 0.0
10.7632653061224 0.0
10.7673469387755 2.38204
10.7714285714286 4.78446
10.7755102040816 5.51856
10.7795918367347 9.14675
10.7836734693878 11.9439
10.7877551020408 11.5799
10.7918367346939 2.95854
10.7959183673469 1.58083
10.8 0.77343
10.8040816326531 4.37367
10.8081632653061 0.0
10.8122448979592 2.88278
10.8163265306122 0.0
10.8204081632653 0.0
10.8244897959184 0.0
10.8285714285714 0.0
10.8326530612245 0.0
10.8367346938776 0.0
10.8408163265306 0.0
10.8448979591837 0.0
10.8489795918367 0.0
10.8530612244898 0.0
10.8571428571429 2.06786
10.8612244897959 7.51948
10.865306122449 23.1249
10.869387755102 25.571
10.8734693877551 27.1981
10.8775510204082 45.1468
10.8816326530612 41.3569
10.8857142857143 26.2924
10.8897959183673 15.7733
10.8938775510204 19.4817
10.8979591836735 17.9605
10.9020408163265 11.5659
10.9061224489796 0.0
10.9102040816327 0.0
10.9142857142857 0.563204
10.9183673469388 6.19519
10.9224489795918 7.47573
10.9265306122449 5.84042
10.930612244898 6.90448
10.934693877551 3.15124
10.9387755102041 6.96415
10.9428571428571 6.50674
10.9469387755102 8.24761
10.9510204081633 5.00238
10.9551020408163 2.18713
10.9591836734694 0.0
10.9632653061224 0.0
10.9673469387755 0.0
10.9714285714286 0.0
10.9755102040816 0.365257
10.9795918367347 2.44427
10.9836734693878 3.27551
10.9877551020408 1.96648
10.9918367346939 0.0
10.9959183673469 0.0812411
11.0 0.0
11.0040816326531 0.0
11.0081632653061 0.374794
11.0122448979592 1.07685
11.0163265306122 0.0
11.0204081632653 0.0
11.0244897959184 0.0
11.0285714285714 0.0
11.0326530612245 0.0
11.0367346938776 0.0
11.0408163265306 0.0
11.0448979591837 0.0
11.0489795918367 0.0
11.0530612244898 0.0
11.0571428571429 0.560403
11.0612244897959 9.23824
11.065306122449 37.5996
11.069387755102 60.9276
11.0734693877551 76.6048
11.0775510204082 80.8512
11.0816326530612 70.2751
11.0857142857143 55.0523
11.0897959183673 40.6729
11.0938775510204 25.6581
11.0979591836735 18.1883
11.1020408163265 10.1895
11.1061224489796 0.0
11.1102040816327 0.0
11.1142857142857 0.0
11.1183673469388 0.0
11.1224489795918 0.0
11.1265306122449 0.0
11.130612244898 0.0
11.134693877551 0.0
11.1387755102041 0.0
11.1428571428571 0.0
11.1469387755102 0.0
11.1510204081633 0.0
11.1551020408163 0.0
11.1591836734694 0.0
11.1632653061224 0.0
11.1673469387755 0.0
11.1714285714286 0.0
11.1755102040816 1.77968
11.1795918367347 10.6382
11.1836734693878 12.5378
11.1877551020408 4.41039
11.1918367346939 3.81243
11.1959183673469 0.0
11.2 0.0
11.2040816326531 0.0
11.2081632653061 0.0
11.2122448979592 0.0
11.2163265306122 0.0
11.2204081632653 0.0
11.2244897959184 1.06895
11.2285714285714 6.28352
11.2326530612245 0.0
11.2367346938776 0.0
11.2408163265306 1.40882
11.2448979591837 4.93455
11.2489795918367 0.0
11.2530612244898 0.0
11.2571428571429 0.0
11.2612244897959 0.0
11.265306122449 0.0
11.269387755102 3.07769
11.2734693877551 6.91527
11.2775510204082 3.09569
11.2816326530612 1.51014
11.2857142857143 0.0
11.2897959183673 0.0
11.2938775510204 0.0
11.2979591836735 0.0
11.3020408163265 0.0
11.3061224489796 2.16007
11.3102040816327 0.629783
11.3142857142857 0.0
11.3183673469388 0.0
11.3224489795918 0.0
11.3265306122449 0.0
11.330612244898 0.0
11.334693877551 0.0
11.3387755102041 1.32209
11.3428571428571 4.23563
11.3469387755102 4.44412
11.3510204081633 14.0257
11.3551020408163 7.08789
11.3591836734694 4.59301
11.3632653061224 9.14198
11.3673469387755 6.07437
11.3714285714286 3.21335
11.3755102040816 0.0
11.3795918367347 0.0
11.3836734693878 0.0
11.3877551020408 0.0
11.3918367346939 0.0
11.3959183673469 0.0
11.4 0.0
11.4040816326531 0.0
11.4081632653061 0.0
11.4122448979592 0.0
11.4163265306122 0.0
11.4204081632653 1.02305
11.4244897959184 0.0
11.4285714285714 3.69161
11.4326530612245 7.51343
11.4367346938776 1.41136
11.4408163265306 2.36119
11.4448979591837 0.215769
11.4489795918367 0.0
11.4530612244898 0.0
11.4571428571429 0.0
11.4612244897959 0.0
11.465306122449 0.0
11.469387755102 0.0
11.4734693877551 0.0
11.4775510204082 0.0
11.4816326530612 0.0
11.4857142857143 11.3581
11.4897959183673 34.1458
11.4938775510204 82.6027
11.4979591836735 112.543
11.5020408163265 139.319
11.5061224489796 146.12
11.5102040816327 139.858
11.5142857142857 119.748
11.5183673469388 98.1782
11.5224489795918 75.6594
11.5265306122449 51.7184
11.530612244898 31.1801
11.534693877551 13.932
11.5387755102041 0.770032
11.5428571428571 0.0
11.5469387755102 0.0
11.5510204081633 0.0
11.5551020408163 0.0
11.5591836734694 0.0
11.5632653061224 0.0
11.5673469387755 0.0
11.5714285714286 0.0
11.5755102040816 0.0
11.5795918367347 0.0
11.5836734693878 7.72643
11.5877551020408 12.0412
11.5918367346939 8.04162
11.5959183673469 2.64156
11.6 3.12126
11.6040816326531 0.0
11.6081632653061 0.691891
11.6122448979592 1.0047
11.6163265306122 0.881135
11.6204081632653 0.0
11.6244897959184 0.0
11.6285714285714 0.0
11.6326530612245 0.0
11.6367346938776 0.0
11.6408163265306 0.0
11.6448979591837 0.0
11.6489795918367 0.0
11.6530612244898 0.0
11.6571428571429 0.0
11.6612244897959 0.0
11.665306122449 0.0
11.669387755102 0.0
11.6734693877551 0.0
11.6775510204082 0.0
11.6816326530612 0.0
11.6857142857143 1.28818
11.6897959183673 1.423
11.6938775510204 1.07682
11.6979591836735 0.0
11.7020408163265 0.0
11.7061224489796 0.0
11.7102040816327 0.0
11.7142857142857 0.0
11.7183673469388 0.0
11.7224489795918 0.0
11.7265306122449 1.49822
11.730612244898 0.37837
11.734693877551 0.0
11.7387755102041 0.0
11.7428571428571 0.0
11.7469387755102 0.0
11.7510204081633 0.0
11.7551020408163 0.0
11.7591836734694 0.0
11.7632653061224 0.0
11.7673469387755 0.0
11.7714285714286 0.0
11.7755102040816 0.0
11.7795918367347 0.0
11.7836734693878 0.0
11.7877551020408 0.0
11.7918367346939 0.0
11.7959183673469 0.0
11.8 0.0
11.8040816326531 0.0
11.8081632653061 0.0
11.8122448979592 0.0
11.8163265306122 0.0
11.8204081632653 0.0
11.8244897959184 0.0
11.8285714285714 3.46315
11.8326530612245 0.744462
11.8367346938776 0.140101
11.8408163265306 0.0
11.8448979591837 0.0
11.8489795918367 0.0
11.8530612244898 0.0
11.8571428571429 0.0
11.8612244897959 0.0
11.865306122449 0.0
11.869387755102 0.0
11.8734693877551 0.0
11.8775510204082 0.0
11.8816326530612 0.0
11.8857142857143 0.0
11.8897959183673 0.0
11.8938775510204 0.0
11.8979591836735 0.67395
11.9020408163265 10.2901
11.9061224489796 22.9039
11.9102040816327 31.12
11.9142857142857 48.022
11.9183673469388 59.7886
11.9224489795918 61.1238
11.9265306122449 82.6992
11.930612244898 85.0443
11.934693877551 90.2737
11.9387755102041 103.185
11.9428571428571 117.819
11.9469387755102 134.816
11.9510204081633 141.543
11.9551020408163 136.068
11.9591836734694 124.699
11.9632653061224 101.677
11.9673469387755 80.435
11.9714285714286 66.2261
11.9755102040816 49.9175
11.9795918367347 34.428
11.9836734693878 16.9758
11.9877551020408 0.0379086
11.9918367346939 0.0
11.9959183673469 0.0
12.0 0.0
12.0040816326531 0.0
12.0081632653061 0.0
12.0122448979592 0.0
12.0163265306122 0.0
12.0204081632653 0.0
12.0244897959184 0.0
12.0285714285714 0.0
12.0326530612245 0.0
12.0367346938776 0.0
12.0408163265306 0.0
12.0448979591837 0.0
12.0489795918367 0.0
12.0530612244898 0.0
12.0571428571429 0.0
12.0612244897959 0.0
12.065306122449 4.86159
12.069387755102 3.04985
12.0734693877551 2.48933
12.0775510204082 5.77581
12.0816326530612 1.39105
12.0857142857143 0.0
12.0897959183673 0.0
12.0938775510204 0.0
12.0979591836735 0.0
12.1020408163265 0.0
12.1061224489796 0.0
12.1102040816327 0.0
12.1142857142857 0.0
12.1183673469388 0.0
12.1224489795918 0.0
12.1265306122449 0.0
12.130612244898 0.288486
12.134693877551 1.79446
12.1387755102041 3.41076
12.1428571428571 0.532448
12.1469387755102 0.0
12.1510204081633 0.870943
12.1551020408163 0.0
12.1591836734694 0.0
12.1632653061224 0.0
12.1673469387755 0.0
12.1714285714286 0.0
12.1755102040816 0.0
12.1795918367347 0.0
12.1836734693878 0.0
12.1877551020408 0.0
12.1918367346939 0.0
12.1959183673469 5.04935
12.2 5.62823
12.2040816326531 0.0
12.2081632653061 0.0
12.2122448979592 0.0
12.2163265306122 0.0
12.2204081632653 0.0
12.2244897959184 0.713319
12.2285714285714 3.08177
12.2326530612245 2.17968
12.2367346938776 4.4502
12.2408163265306 1.29536
12.2448979591837 1.24231
12.2489795918367 0.620246
12.2530612244898 0.0
12.2571428571429 0.0
12.2612244897959 0.0
12.265306122449 0.0
12.269387755102 0.0
12.2734693877551 0.0
12.2775510204082 0.0
12.2816326530612 0.0
12.2857142857143 0.0
12.2897959183673 0.0
12.2938775510204 0.0
12.2979591836735 5.5095
12.3020408163265 0.197649
12.3061224489796 5.68944
12.3102040816327 7.43151
12.3142857142857 4.29176
12.3183673469388 0.894666
12.3224489795918 11.2596
12.3265306122449 1.7181
12.330612244898 0.0
12.334693877551 0.189662
12.3387755102041 0.0
12.3428571428571 1.21284
12.3469387755102 4.35734
12.3510204081633 0.198603
12.3551020408163 0.0
12.3591836734694 0.0
12.3632653061224 0.257373
12.3673469387755 29.5401
12.3714285714286 24.2971
12.3755102040816 37.9677
12.3795918367347 52.5321
12.3836734693878 67.8394
12.3877551020408 82.9983
12.3918367346939 86.6447
12.3959183673469 80.4269
12.4 68.7042
12.4040816326531 52.2979
12.4081632653061 39.1667
12.4122448979592 21.6267
12.4163265306122 5.63884
12.4204081632653 0.0
12.4244897959184 0.0
12.4285714285714 0.0
12.4326530612245 0.0
12.4367346938776 0.0
12.4408163265306 0.0
12.4448979591837 0.0
12.4489795918367 0.0
12.4530612244898 0.0
12.4571428571429 0.0
12.4612244897959 0.0
12.465306122449 0.0
12.469387755102 0.0
12.4734693877551 0.0
12.4775510204082 0.0
12.4816326530612 0.0
12.4857142857143 0.0
12.4897959183673 0.0
12.4938775510204 10.3778
12.4979591836735 13.1596
12.5020408163265 10.3896
12.5061224489796 9.69636
12.5102040816327 0.397801
12.5142857142857 0.0
12.5183673469388 0.0
12.5224489795918 0.0
12.5265306122449 0.0
12.530612244898 0.0
12.534693877551 0.0
12.5387755102041 0.0
12.5428571428571 0.0
12.5469387755102 0.0
12.5510204081633 0.0
12.5551020408163 0.0
12.5591836734694 0.0
12.5632653061224 0.0
12.5673469387755 0.0
12.5714285714286 0.0
12.5755102040816 0.0
12.5795918367347 0.0
12.5836734693878 0.0
12.5877551020408 0.0
12.5918367346939 0.0
12.5959183673469 0.0
12.6 13.345
12.6040816326531 19.885
12.6081632653061 23.0064
12.6122448979592 27.4758
12.6163265306122 30.8258
12.6204081632653 34.304
12.6244897959184 59.7605
12.6285714285714 63.3004
12.6326530612245 64.4069
12.6367346938776 60.6121
12.6408163265306 50.2828
12.6448979591837 32.8529
12.6489795918367 24.3667
12.6530612244898 13.2555
12.6571428571429 4.10116
12.6612244897959 2.06327
12.665306122449 0.0
12.669387755102 0.0
12.6734693877551 0.0
12.6775510204082 0.0
12.6816326530612 0.0
12.6857142857143 4.19116
12.6897959183673 7.5109
12.6938775510204 15.2735
12.6979591836735 13.4202
12.7020408163265 3.90744
12.7061224489796 3.31128
12.7102040816327 0.0
12.7142857142857 1.5164
12.7183673469388 0.0
12.7224489795918 0.0
12.7265306122449 0.0
12.730612244898 0.0
12.734693877551 0.0
12.7387755102041 0.0
12.7428571428571 0.0
12.7469387755102 0.0
12.7510204081633 0.0
12.7551020408163 0.0
12.7591836734694 0.0
12.7632653061224 0.0
12.7673469387755 0.0
12.7714285714286 0.0
12.7755102040816 0.0
12.7795918367347 0.0
12.7836734693878 0.0
12.7877551020408 0.0
12.7918367346939 0.0
12.7959183673469 0.0
12.8 0.0
12.8040816326531 0.0
12.8081632653061 3.08025
12.8122448979592 3.18515
12.8163265306122 41.1527
12.8204081632653 68.8312
12.8244897959184 113.498
12.8285714285714 133.954
12.8326530612245 143.006
12.8367346938776 136.068
12.8408163265306 118.188
12.8448979591837 103.401
12.8489795918367 90.5755
12.8530612244898 70.7169
12.8571428571429 49.0326
12.8612244897959 37.6469
12.865306122449 22.253
12.869387755102 2.8342
12.8734693877551 0.0
12.8775510204082 0.0
12.8816326530612 0.0
12.8857142857143 0.0
12.8897959183673 0.0
12.8938775510204 0.0
12.8979591836735 0.0
12.9020408163265 0.0
12.9061224489796 0.0
12.9102040816327 0.0
12.9142857142857 0.0
12.9183673469388 0.0
12.9224489795918 0.0
12.9265306122449 0.0
12.930612244898 0.0
12.934693877551 0.129759
12.9387755102041 1.82897
12.9428571428571 8.12662
12.9469387755102 16.6688
12.9510204081633 12.4968
12.9551020408163 8.90309
12.9591836734694 7.59029
12.9632653061224 5.46062
12.9673469387755 2.83903
12.9714285714286 0.0
12.9755102040816 0.0
12.9795918367347 0.0
12.9836734693878 0.0
12.9877551020408 0.0
12.9918367346939 0.0
12.9959183673469 0.0
13.0 0.0
13.0040816326531 0.0
13.0081632653061 3.14617
13.0122448979592 5.62167
13.0163265306122 5.80025
13.0204081632653 9.06432
13.0244897959184 6.62124
13.0285714285714 4.91917
13.0326530612245 0.361323
13.0367346938776 0.0
13.0408163265306 0.0
13.0448979591837 0.0
13.0489795918367 0.0
13.0530612244898 0.0
13.0571428571429 0.0
13.0612244897959 0.0
13.065306122449 0.0
13.069387755102 0.0
13.0734693877551 0.0
13.0775510204082 6.26171
13.0816326530612 12.7221
13.0857142857143 17.1428
13.0897959183673 26.2028
13.0938775510204 36.5606
13.0979591836735 37.855
13.1020408163265 38.1091
13.1061224489796 31.6905
13.1102040816327 24.3906
13.1142857142857 16.3335
13.1183673469388 4.40896
13.1224489795918 0.0
13.1265306122449 0.0
13.130612244898 0.0
13.134693877551 0.0
13.1387755102041 0.0
13.1428571428571 1.01674
13.1469387755102 6.14178
13.1510204081633 9.161
13.1551020408163 8.12846
13.1591836734694 3.21454
13.1632653061224 5.47963
13.1673469387755 4.78756
13.1714285714286 0.0
13.1755102040816 0.579894
13.1795918367347 4.74316
13.1836734693878 9.97573
13.1877551020408 12.1505
13.1918367346939 8.24589
13.1959183673469 5.63824
13.2 9.70787
13.2040816326531 5.43827
13.2081632653061 0.130892
13.2122448979592 0.0
13.2163265306122 0.0
13.2204081632653 0.0
13.2244897959184 0.0
13.2285714285714 0.0
13.2326530612245 0.0
13.2367346938776 0.0
13.2408163265306 0.0
13.2448979591837 1.43129
13.2489795918367 3.04621
13.2530612244898 11.1958
13.2571428571429 17.6398
13.2612244897959 24.5723
13.265306122449 34.2785
13.269387755102 41.6343
13.2734693877551 45.6173
13.2775510204082 58.4683
13.2816326530612 52.335
13.2857142857143 33.879
13.2897959183673 22.9697
13.2938775510204 15.6777
13.2979591836735 2.41292
13.3020408163265 0.0
13.3061224489796 0.0
13.3102040816327 0.0
13.3142857142857 0.0
13.3183673469388 0.0
13.3224489795918 0.0
13.3265306122449 0.0
13.330612244898 0.0
13.334693877551 0.0
13.3387755102041 0.0
13.3428571428571 0.0
13.3469387755102 0.0
13.3510204081633 1.3957
13.3551020408163 0.568628
13.3591836734694 0.0
13.3632653061224 0.0
13.3673469387755 0.0
13.3714285714286 0.0
13.3755102040816 0.0
13.3795918367347 0.0
13.3836734693878 0.0
13.3877551020408 0.0
13.3918367346939 0.0
13.3959183673469 0.0392199
13.4 0.0
13.4040816326531 0.0
13.4081632653061 0.0
13.4122448979592 4.83733
13.4163265306122 5.40346
13.4204081632653 6.37567
13.4244897959184 4.44818
13.4285714285714 0.0
13.4326530612245 0.0
13.4367346938776 0.0
13.4408163265306 0.736713
13.4448979591837 0.0
13.4489795918367 0.735998
13.4530612244898 0.0
13.4571428571429 0.0
13.4612244897959 0.472426
13.465306122449 0.94676
13.469387755102 2.50295
13.4734693877551 2.18096
13.4775510204082 3.22321
13.4816326530612 6.58652
13.4857142857143 3.66414
13.4897959183673 2.15629
13.4938775510204 0.349998
13.4979591836735 0.464797
13.5020408163265 0.865042
13.5061224489796 0.0
13.5102040816327 0.0
13.5142857142857 0.0
13.5183673469388 0.0
13.5224489795918 0.0
13.5265306122449 0.0
13.530612244898 0.0
13.534693877551 0.0
13.5387755102041 0.0
13.5428571428571 0.0
13.5469387755102 0.106931
13.5510204081633 0.193477
13.5551020408163 0.0
13.5591836734694 0.0
13.5632653061224 0.0
13.5673469387755 0.0
13.5714285714286 0.0
13.5755102040816 0.0
13.5795918367347 0.0
13.5836734693878 0.0
13.5877551020408 0.0
13.5918367346939 0.0
13.5959183673469 0.0
13.6 0.0
13.6040816326531 0.0
13.6081632653061 0.0
13.6122448979592 0.0
13.6163265306122 0.0
13.6204081632653 0.0
13.6244897959184 0.0
13.6285714285714 0.0
13.6326530612245 0.0
13.6367346938776 0.0
13.6408163265306 0.0
13.6448979591837 0.0
13.6489795918367 0.0
13.6530612244898 0.0
13.6571428571429 0.0
13.6612244897959 0.721872
13.665306122449 4.53913
13.669387755102 1.93357
13.6734693877551 2.68483
13.6775510204082 19.7555
13.6816326530612 47.7697
13.6857142857143 64.8169
13.6897959183673 70.6364
13.6938775510204 92.0525
13.6979591836735 115.377
13.7020408163265 131.995
13.7061224489796 121.557
13.7102040816327 103.387
13.7142857142857 84.1796
13.7183673469388 60.1716
13.7224489795918 34.5807
13.7265306122449 16.7105
13.730612244898 5.97733
13.734693877551 0.0
13.7387755102041 0.0
13.7428571428571 0.0
13.7469387755102 0.0
13.7510204081633 0.0
13.7551020408163 0.0
13.7591836734694 0.0
13.7632653061224 0.0
13.7673469387755 0.0
13.7714285714286 0.0
13.7755102040816 0.0
13.7795918367347 0.0
13.7836734693878 0.0
13.7877551020408 0.0
13.7918367346939 0.0
13.7959183673469 0.0
13.8 0.0
13.8040816326531 0.0
13.8081632653061 0.0
13.8122448979592 0.0
13.8163265306122 0.0
13.8204081632653 0.0
13.8244897959184 0.0
13.8285714285714 0.0
13.8326530612245 1.45888
13.8367346938776 0.0
13.8408163265306 0.0
13.8448979591837 0.0858009
13.8489795918367 0.0
13.8530612244898 0.0
13.8571428571429 1.11461
13.8612244897959 0.0
13.865306122449 1.791
13.869387755102 4.4679
13.8734693877551 11.4301
13.8775510204082 12.6613
13.8816326530612 12.7795
13.8857142857143 11.2565
13.8897959183673 5.05078
13.8938775510204 4.70448
13.8979591836735 0.825644
13.9020408163265 0.0
13.9061224489796 1.42467
13.9102040816327 0.505269
13.9142857142857 0.0
13.9183673469388 0.0
13.9224489795918 0.0
13.9265306122449 0.0
13.930612244898 1.53488
13.934693877551 16.7913
13.9387755102041 21.9904
13.9428571428571 30.2225
13.9469387755102 25.3634
13.9510204081633 38.7343
13.9551020408163 48.3918
13.9591836734694 38.9621
13.9632653061224 30.9095
13.9673469387755 21.6407
13.9714285714286 22.8114
13.9755102040816 30.0275
13.9795918367347 32.0976
13.9836734693878 23.038
13.9877551020408 12.405
13.9918367346939 4.1284
13.9959183673469 1.96993
14.0 1.35541
14.0040816326531 0.0
14.0081632653061 0.0
14.0122448979592 0.0
14.0163265306122 0.0
14.0204081632653 0.0
14.0244897959184 0.0
14.0285714285714 0.0
14.0326530612245 0.0
14.0367346938776 5.49877
14.0408163265306 8.479
14.0448979591837 3.64816
14.0489795918367 3.77977
14.0530612244898 0.0
14.0571428571429 0.0
14.0612244897959 3.12793
14.065306122449 1.46508
14.069387755102 0.972599
14.0734693877551 1.14989
14.0775510204082 0.570416
14.0816326530612 0.0
14.0857142857143 0.0
14.0897959183673 0.0
14.0938775510204 0.0
14.0979591836735 0.0
14.1020408163265 0.0
14.1061224489796 0.0
14.1102040816327 0.0
14.1142857142857 0.0
14.1183673469388 0.0
14.1224489795918 0.0
14.1265306122449 0.0
14.130612244898 7.92116
14.134693877551 25.1984
14.1387755102041 40.5266
14.1428571428571 53.6292
14.1469387755102 69.6725
14.1510204081633 77.6722
14.1551020408163 67.7729
14.1591836734694 60.464
14.1632653061224 45.5666
14.1673469387755 20.8467
14.1714285714286 0.0
14.1755102040816 0.0
14.1795918367347 0.0
14.1836734693878 0.0
14.1877551020408 0.0
14.1918367346939 0.0
14.1959183673469 0.0
14.2 0.0
14.2040816326531 0.0
14.2081632653061 0.0
14.2122448979592 0.0
14.2163265306122 0.0
14.2204081632653 0.0
14.2244897959184 0.0
14.2285714285714 0.0
14.2326530612245 3.1786
14.2367346938776 3.26908
14.2408163265306 4.98241
14.2448979591837 2.68757
14.2489795918367 2.0048
14.2530612244898 0.362396
14.2571428571429 2.2105
14.2612244897959 0.0
14.265306122449 0.0
14.269387755102 0.0
14.2734693877551 0.0
14.2775510204082 0.0
14.2816326530612 0.0
14.2857142857143 0.0
14.2897959183673 0.286043
14.2938775510204 6.248
14.2979591836735 12.3417
14.3020408163265 3.28082
14.3061224489796 0.00810623
14.3102040816327 0.0
14.3142857142857 0.0
14.3183673469388 0.0
14.3224489795918 0.0
14.3265306122449 0.0
14.330612244898 0.0
14.334693877551 0.0
14.3387755102041 0.0
14.3428571428571 0.627875
14.3469387755102 2.56491
14.3510204081633 7.92384
14.3551020408163 3.83246
14.3591836734694 0.0
14.3632653061224 0.0
14.3673469387755 0.0
14.3714285714286 0.0
14.3755102040816 0.0
14.3795918367347 0.0
14.3836734693878 0.0
14.3877551020408 0.0
14.3918367346939 19.7501
14.3959183673469 34.3125
14.4 52.1878
14.4040816326531 44.4086
14.4081632653061 28.6654
14.4122448979592 11.2061
14.4163265306122 0.0
14.4204081632653 0.0
14.4244897959184 0.0
14.4285714285714 0.0
14.4326530612245 0.0
14.4367346938776 0.0
14.4408163265306 0.0
14.4448979591837 0.0
14.4489795918367 0.0
14.4530612244898 0.0
14.4571428571429 0.0
14.4612244897959 0.0
14.465306122449 0.0
14.469387755102 0.0
14.4734693877551 0.0
14.4775510204082 0.0
14.4816326530612 0.0
14.4857142857143 0.0
14.4897959183673 0.0
14.4938775510204 0.0
14.4979591836735 0.0
14.5020408163265 0.0
14.5061224489796 1.37645
14.5102040816327 5.99188
14.5142857142857 1.239
14.5183673469388 1.19454
14.5224489795918 0.70864
14.5265306122449 1.22827
14.530612244898 0.937581
14.534693877551 0.0485182
14.5387755102041 0.0
14.5428571428571 0.0
14.5469387755102 0.0
14.5510204081633 0.0
14.5551020408163 0.171542
14.5591836734694 9.32682
14.5632653061224 5.39613
14.5673469387755 24.6465
14.5714285714286 29.3679
14.5755102040816 52.9364
14.5795918367347 76.6226
14.5836734693878 97.9685
14.5877551020408 108.383
14.5918367346939 98.5682
14.5959183673469 82.3467
14.6 63.0426
14.6040816326531 50.9325
14.6081632653061 34.2368
14.6122448979592 22.89
14.6163265306122 9.05991
14.6204081632653 0.0
14.6244897959184 0.0
14.6285714285714 0.0
14.6326530612245 0.0
14.6367346938776 0.0
14.6408163265306 0.0
14.6448979591837 0.0
14.6489795918367 0.0
14.6530612244898 0.0
14.6571428571429 0.0
14.6612244897959 0.0
14.665306122449 0.0
14.669387755102 0.0
14.6734693877551 0.0
14.6775510204082 0.0
14.6816326530612 0.0
14.6857142857143 0.0
14.6897959183673 0.0
14.6938775510204 0.0
14.6979591836735 0.0
14.7020408163265 0.0
14.7061224489796 0.0
14.7102040816327 0.0
14.7142857142857 0.0
14.7183673469388 0.0
14.7224489795918 0.0
14.7265306122449 0.0
14.730612244898 4.81749
14.734693877551 4.95958
14.7387755102041 5.02568
14.7428571428571 0.850558
14.7469387755102 2.75064
14.7510204081633 0.0
14.7551020408163 0.0
14.7591836734694 5.15562
14.7632653061224 4.83829
14.7673469387755 2.58815
14.7714285714286 0.262737
14.7755102040816 0.328302
14.7795918367347 6.16324
14.7836734693878 5.09202
14.7877551020408 10.9007
14.7918367346939 15.7743
14.7959183673469 15.9604
14.8 13.7058
14.8040816326531 5.70393
14.8081632653061 1.3963
14.8122448979592 0.791073
14.8163265306122 0.0
14.8204081632653 0.0
14.8244897959184 0.0
14.8285714285714 1.88041
14.8326530612245 0.0
14.8367346938776 3.40116
14.8408163265306 0.0
14.8448979591837 0.0
14.8489795918367 0.0
14.8530612244898 0.0
14.8571428571429 0.0
14.8612244897959 0.0
14.865306122449 0.0
14.869387755102 0.0
14.8734693877551 0.0
14.8775510204082 0.0
14.8816326530612 0.0
14.8857142857143 0.0
14.8897959183673 0.0
14.8938775510204 0.0
14.8979591836735 0.0
14.9020408163265 0.0
14.9061224489796 0.0
14.9102040816327 0.0
14.9142857142857 0.0
14.9183673469388 0.0
14.9224489795918 0.0
14.9265306122449 0.0
14.930612244898 0.0
14.934693877551 0.0
14.9387755102041 0.0
14.9428571428571 0.0
14.9469387755102 0.0
14.9510204081633 0.0
14.9551020408163 0.0
14.9591836734694 0.0
14.9632653061224 0.0
14.9673469387755 0.0
14.9714285714286 0.0
14.9755102040816 0.0
14.9795918367347 0.0
14.9836734693878 0.0
14.9877551020408 0.0
14.9918367346939 0.0
14.9959183673469 0.0
15.0 0.878036
15.0040816326531 27.0112
15.0081632653061 73.1984
15.0122448979592 103.712
15.0163265306122 119.172
15.0204081632653 153.379
15.0244897959184 154.352
15.0285714285714 141.826
15.0326530612245 120.89
15.0367346938776 99.0477
15.0408163265306 79.585
15.0448979591837 56.7668
15.0489795918367 32.9565
15.0530612244898 8.79574
15.0571428571429 0.0
15.0612244897959 0.0
15.065306122449 0.0
15.069387755102 0.0
15.0734693877551 0.0
15.0775510204082 0.0
15.0816326530612 0.0
