0.00408163265306122 36.0071
0.00816326530612245 14.3814
0.0122448979591837 0.0
0.0163265306122449 0.0
0.0204081632653061 0.0
0.0244897959183673 0.0
0.0285714285714286 0.0
0.0326530612244898 0.0
0.036734693877551 0.0
0.0408163265306122 0.0
0.0448979591836735 0.0
0.0489795918367347 0.0
0.0530612244897959 10.2941
0.0571428571428571 0.0
0.0612244897959184 40.5958
0.0653061224489796 95.0721
0.0693877551020408 165.839
0.073469387755102 170.304
0.0775510204081633 174.895
0.0816326530612245 152.524
0.0857142857142857 129.243
0.0897959183673469 103.9
0.0938775510204082 83.8264
0.0979591836734694 64.6865
0.102040816326531 46.5025
0.106122448979592 29.4412
0.110204081632653 14.383
0.114285714285714 0.0
0.118367346938776 0.0
0.122448979591837 0.0
0.126530612244898 0.0
0.130612244897959 0.0
0.13469387755102 0.0
0.138775510204082 0.0
0.142857142857143 0.0
0.146938775510204 0.0
0.151020408163265 0.0
0.155102040816327 0.0
0.159183673469388 0.0
0.163265306122449 0.0
0.16734693877551 0.0
0.171428571428571 0.0
0.175510204081633 0.0
0.179591836734694 0.0
0.183673469387755 0.0
0.187755102040816 0.0
0.191836734693878 0.0
0.195918367346939 0.0
0.2 0.0
0.204081632653061 0.0
0.208163265306122 0.0
0.212244897959184 1.40828
0.216326530612245 0.0
0.220408163265306 0.0
0.224489795918367 0.0
0.228571428571429 0.0
0.23265306122449 0.0
0.236734693877551 0.0
0.240816326530612 0.0
0.244897959183673 0.0
0.248979591836735 0.0
0.253061224489796 0.0
0.257142857142857 0.0
0.261224489795918 0.0
0.26530612244898 0.0
0.269387755102041 0.0
0.273469387755102 0.0
0.277551020408163 0.0
0.281632653061224 0.0
0.285714285714286 2.81864
0.289795918367347 0.36931
0.293877551020408 0.0
0.297959183673469 1.64042
0.302040816326531 40.4188
0.306122448979592 14.4084
0.310204081632653 41.2026
0.314285714285714 18.0636
0.318367346938775 18.1161
0.322448979591837 3.21102
0.326530612244898 0.0
0.330612244897959 0.0
0.33469387755102 0.0
0.338775510204082 0.0
0.342857142857143 0.0
0.346938775510204 0.0
0.351020408163265 0.0
0.355102040816327 0.0
0.359183673469388 0.0
0.363265306122449 0.0
0.36734693877551 18.9526
0.371428571428571 0.0
0.375510204081633 68.8267
0.379591836734694 152.825
0.383673469387755 208.057
0.387755102040816 237.728
0.391836734693878 209.52
0.395918367346939 179.954
0.4 154.332
0.404081632653061 123.351
0.408163265306122 96.2611
0.412244897959184 74.5428
0.416326530612245 53.5406
0.420408163265306 34.2973
0.424489795918367 17.1051
0.428571428571429 2.79301
0.43265306122449 0.0
0.436734693877551 0.0
0.440816326530612 0.0
0.444897959183673 0.0
0.448979591836735 0.0
0.453061224489796 0.0
0.457142857142857 0.0
0.461224489795918 0.0
0.46530612244898 0.0
0.469387755102041 0.0
0.473469387755102 0.0
0.477551020408163 0.0
0.481632653061224 0.0
0.485714285714286 0.0
0.489795918367347 0.0
0.493877551020408 3.19928
0.497959183673469 11.759
0.502040816326531 7.82472
0.506122448979592 14.9569
0.510204081632653 15.8207
0.514285714285714 3.60841
0.518367346938776 0.0
0.522448979591837 0.0
0.526530612244898 0.0
0.530612244897959 0.0
0.53469387755102 0.0
0.538775510204082 0.0
0.542857142857143 0.0
0.546938775510204 0.0
0.551020408163265 0.0
0.555102040816327 0.0
0.559183673469388 0.0
0.563265306122449 0.0
0.56734693877551 0.0
0.571428571428571 0.0
0.575510204081633 0.0
0.579591836734694 0.0
0.583673469387755 0.0
0.587755102040816 0.0
0.591836734693878 0.0
0.595918367346939 0.0
0.6 0.0
0.604081632653061 0.0
0.608163265306122 0.0
0.612244897959184 0.0
0.616326530612245 0.0
0.620408163265306 0.0
0.624489795918367 0.0
0.628571428571429 0.0
0.63265306122449 0.0
0.636734693877551 0.0
0.640816326530612 0.0
0.644897959183673 0.0
0.648979591836735 0.0
0.653061224489796 0.0
0.657142857142857 0.0
0.661224489795918 0.0
0.66530612244898 0.0
0.669387755102041 0.0
0.673469387755102 0.0
0.677551020408163 2.75902
0.681632653061224 2.71517
0.685714285714286 6.39427
0.689795918367347 38.3489
0.693877551020408 55.195
0.697959183673469 69.8296
0.702040816326531 187.76
0.706122448979592 148.017
0.710204081632653 162.859
0.714285714285714 136.915
0.718367346938775 117.529
0.722448979591837 85.9016
0.726530612244898 64.8956
0.730612244897959 41.1444
0.73469387755102 20.1021
0.738775510204082 0.780642
0.742857142857143 0.0
0.746938775510204 0.0
0.751020408163265 0.0
0.755102040816326 0.0
0.759183673469388 0.0
0.763265306122449 0.0
0.76734693877551 0.0
0.771428571428571 0.0
0.775510204081633 0.0
0.779591836734694 0.0
0.783673469387755 0.0
0.787755102040816 0.0
0.791836734693877 0.0
0.795918367346939 0.0
0.8 0.0
0.804081632653061 0.0
0.808163265306122 0.0
0.812244897959184 0.0
0.816326530612245 0.0
0.820408163265306 0.0
0.824489795918367 0.0
0.828571428571429 0.0
0.83265306122449 0.0
0.836734693877551 0.0
0.840816326530612 0.0
0.844897959183673 0.0
0.848979591836735 0.0
0.853061224489796 0.0
0.857142857142857 0.0
0.861224489795918 0.0
0.86530612244898 0.0
0.869387755102041 0.0
0.873469387755102 0.0
0.877551020408163 0.0
0.881632653061225 0.0
0.885714285714286 1.18734
0.889795918367347 8.38411
0.893877551020408 30.7649
0.897959183673469 141.516
0.902040816326531 194.841
0.906122448979592 216.655
0.910204081632653 214.429
0.914285714285714 194.956
0.918367346938776 166.759
0.922448979591837 137.11
0.926530612244898 110.078
0.930612244897959 84.3404
0.93469387755102 65.5236
0.938775510204082 50.9639
0.942857142857143 37.5887
0.946938775510204 28.1194
0.951020408163265 13.408
0.955102040816327 1.40148
0.959183673469388 0.0
0.963265306122449 0.0
0.96734693877551 0.0
0.971428571428571 0.0
0.975510204081633 0.0
0.979591836734694 0.0
0.983673469387755 0.0
0.987755102040816 0.0
0.991836734693878 0.0
0.995918367346939 0.0
1.0 0.0
1.00408163265306 0.0
1.00816326530612 0.0
1.01224489795918 0.0
1.01632653061224 0.0
1.02040816326531 0.0
1.02448979591837 0.0
1.02857142857143 0.0
1.03265306122449 0.0
1.03673469387755 0.0
1.04081632653061 0.0
1.04489795918367 0.0
1.04897959183673 0.0
1.0530612244898 0.0
1.05714285714286 0.0
1.06122448979592 0.0
1.06530612244898 0.0
1.06938775510204 0.0
1.0734693877551 0.0
1.07755102040816 0.0
1.08163265306122 0.0
1.08571428571429 0.0
1.08979591836735 0.0
1.09387755102041 0.0
1.09795918367347 0.0
1.10204081632653 0.0
1.10612244897959 0.0
1.11020408163265 0.0
1.11428571428571 15.3579
1.11836734693878 0.0
1.12244897959184 20.4903
1.1265306122449 26.8726
1.13061224489796 51.7386
1.13469387755102 48.5032
1.13877551020408 45.4986
1.14285714285714 36.8855
1.1469387755102 20.3286
1.15102040816327 6.93089
1.15510204081633 0.0
1.15918367346939 0.0
1.16326530612245 0.0
1.16734693877551 0.0
1.17142857142857 0.0
1.17551020408163 0.0
1.17959183673469 0.0
1.18367346938776 0.0
1.18775510204082 0.0
1.19183673469388 14.334
1.19591836734694 83.1828
1.2 170.51
1.20408163265306 217.669
1.20816326530612 226.546
1.21224489795918 204.976
1.21632653061224 176.628
1.22040816326531 147.142
1.22448979591837 120.894
1.22857142857143 92.328
1.23265306122449 73.1739
1.23673469387755 45.493
1.24081632653061 34.723
1.24489795918367 15.3431
1.24897959183673 0.782311
1.2530612244898 0.0
1.25714285714286 0.0
1.26122448979592 0.0
1.26530612244898 0.0
1.26938775510204 0.0
1.2734693877551 0.0
1.27755102040816 0.0
1.28163265306122 0.0
1.28571428571429 0.0
1.28979591836735 0.0
1.29387755102041 0.0
1.29795918367347 0.0
1.30204081632653 0.0
1.30612244897959 0.0
1.31020408163265 0.0
1.31428571428571 0.0
1.31836734693878 0.0
1.32244897959184 0.0
1.3265306122449 0.0
1.33061224489796 0.0
1.33469387755102 0.0
1.33877551020408 0.0
1.34285714285714 0.0
1.3469387755102 0.0
1.35102040816327 0.0
1.35510204081633 0.0
1.35918367346939 0.0
1.36326530612245 0.0
1.36734693877551 0.0
1.37142857142857 0.0
1.37551020408163 0.0
1.37959183673469 0.0
1.38367346938776 0.0
1.38775510204082 0.0
1.39183673469388 0.0
1.39591836734694 0.0
1.4 0.0
1.40408163265306 0.0
1.40816326530612 0.0
1.41224489795918 0.0
1.41632653061225 0.0
1.42040816326531 0.0
1.42448979591837 0.0
1.42857142857143 0.0
1.43265306122449 0.0
1.43673469387755 0.0
1.44081632653061 0.0
1.44489795918367 0.0
1.44897959183673 0.0
1.4530612244898 0.0
1.45714285714286 0.0
1.46122448979592 0.0
1.46530612244898 0.0
1.46938775510204 0.0
1.4734693877551 0.0
1.47755102040816 0.0
1.48163265306122 0.0
1.48571428571429 0.0
1.48979591836735 0.0
1.49387755102041 0.0
1.49795918367347 0.0
1.50204081632653 0.0
1.50612244897959 0.0
1.51020408163265 0.0
1.51428571428571 0.0
1.51836734693878 0.0
1.52244897959184 0.0
1.5265306122449 0.0
1.53061224489796 0.0
1.53469387755102 0.0
1.53877551020408 0.0
1.54285714285714 0.0
1.5469387755102 0.0
1.55102040816327 0.0
1.55510204081633 0.0
1.55918367346939 0.0
1.56326530612245 0.0
1.56734693877551 0.0
1.57142857142857 0.0
1.57551020408163 0.0
1.57959183673469 0.0
1.58367346938775 0.0
1.58775510204082 0.0
1.59183673469388 0.0
1.59591836734694 0.0
1.6 0.0
1.60408163265306 0.0
1.60816326530612 85.7162
1.61224489795918 155.22
1.61632653061224 190.233
1.62040816326531 240.018
1.62448979591837 293.929
1.62857142857143 177.813
1.63265306122449 245.571
1.63673469387755 153.099
1.64081632653061 152.411
1.64489795918367 107.532
1.64897959183673 94.2951
1.6530612244898 66.9357
1.65714285714286 37.9263
1.66122448979592 14.9516
1.66530612244898 0.0
1.66938775510204 0.0
1.6734693877551 0.0
1.67755102040816 0.0
1.68163265306122 0.0
1.68571428571429 0.0
1.68979591836735 0.141501
1.69387755102041 0.0
1.69795918367347 0.0
1.70204081632653 0.0
1.70612244897959 0.0
1.71020408163265 0.0
1.71428571428571 12.8106
1.71836734693878 61.1589
1.72244897959184 106.543
1.7265306122449 138.956
1.73061224489796 132.345
1.73469387755102 132.163
1.73877551020408 121.228
1.74285714285714 100.637
1.7469387755102 80.3676
1.75102040816327 63.1391
1.75510204081633 45.3349
1.75918367346939 29.9752
1.76326530612245 12.4556
1.76734693877551 1.47867
1.77142857142857 0.481009
1.77551020408163 0.0
1.77959183673469 0.0
1.78367346938776 0.0
1.78775510204082 0.0
1.79183673469388 0.0
1.79591836734694 0.0
1.8 0.0
1.80408163265306 0.0
1.80816326530612 0.0
1.81224489795918 0.0
1.81632653061224 0.0
1.82040816326531 0.0
1.82448979591837 0.0
1.82857142857143 0.0
1.83265306122449 0.0
1.83673469387755 0.0
1.84081632653061 0.0
1.84489795918367 0.0
1.84897959183673 0.0
1.8530612244898 0.0
1.85714285714286 7.50971
1.86122448979592 0.0
1.86530612244898 4.83036
1.86938775510204 5.38459
1.8734693877551 0.0
1.87755102040816 0.0
1.88163265306122 0.0
1.88571428571429 0.0
1.88979591836735 0.0
1.89387755102041 0.0
1.89795918367347 0.0
1.90204081632653 0.0
1.90612244897959 0.0
1.91020408163265 0.0
1.91428571428571 0.0
1.91836734693878 0.0
1.92244897959184 0.0
1.9265306122449 0.0
1.93061224489796 0.0
1.93469387755102 0.0
1.93877551020408 0.0
1.94285714285714 0.0
1.9469387755102 0.0
1.95102040816327 0.0
1.95510204081633 0.0
1.95918367346939 0.0
1.96326530612245 31.3978
1.96734693877551 16.0214
1.97142857142857 32.7546
1.97551020408163 44.6896
1.97959183673469 39.3456
1.98367346938776 25.2905
1.98775510204082 7.39628
1.99183673469388 0.0
1.99591836734694 0.0
2.0 0.0
2.00408163265306 0.0
2.00816326530612 0.0
2.01224489795918 0.0
2.01632653061225 0.0
2.02040816326531 0.0
2.02448979591837 0.0
2.02857142857143 0.0
2.03265306122449 14.7798
2.03673469387755 69.9644
2.04081632653061 119.919
2.04489795918367 231.564
2.04897959183673 250.927
2.0530612244898 223.219
2.05714285714286 199.141
2.06122448979592 174.077
2.06530612244898 144.709
2.06938775510204 109.567
2.0734693877551 82.9757
2.07755102040816 66.7337
2.08163265306122 46.1341
2.08571428571429 26.1254
2.08979591836735 4.29624
2.09387755102041 0.0
2.09795918367347 0.0
2.10204081632653 0.0
2.10612244897959 0.0
2.11020408163265 0.0
2.11428571428571 0.0
2.11836734693878 0.0
2.12244897959184 0.0
2.1265306122449 0.0
2.13061224489796 0.0
2.13469387755102 0.0
2.13877551020408 0.0
2.14285714285714 0.0
2.1469387755102 0.0
2.15102040816327 0.0
2.15510204081633 0.0
2.15918367346939 4.52983
2.16326530612245 14.0956
2.16734693877551 35.3069
2.17142857142857 43.8397
2.17551020408163 55.6026
2.17959183673469 45.6552
2.18367346938776 18.3286
2.18775510204082 3.62694
2.19183673469388 0.0
2.19591836734694 0.0
2.2 0.0
2.20408163265306 0.0
2.20816326530612 0.0
2.21224489795918 0.0
2.21632653061224 0.0
2.22040816326531 0.0
2.22448979591837 0.0
2.22857142857143 0.0
2.23265306122449 0.0
2.23673469387755 0.0
2.24081632653061 0.0
2.24489795918367 0.0
2.24897959183673 0.0
2.2530612244898 0.0
2.25714285714286 0.0
2.26122448979592 0.0
2.26530612244898 0.0
2.26938775510204 0.0
2.2734693877551 0.0
2.27755102040816 0.0
2.28163265306122 0.0
2.28571428571429 0.0
2.28979591836735 0.0
2.29387755102041 0.0
2.29795918367347 0.0
2.30204081632653 0.0
2.30612244897959 0.0
2.31020408163265 0.0
2.31428571428571 0.0
2.31836734693878 0.0
2.32244897959184 0.0
2.3265306122449 0.0
2.33061224489796 0.0
2.33469387755102 0.0
2.33877551020408 0.0
2.34285714285714 0.0
2.3469387755102 5.2827
2.35102040816327 13.1394
2.35510204081633 82.0152
2.35918367346939 34.0874
2.36326530612245 138.283
2.36734693877551 133.353
2.37142857142857 137.161
2.37551020408163 126.459
2.37959183673469 107.715
2.38367346938776 80.2511
2.38775510204082 60.4712
2.39183673469388 35.1626
2.39591836734694 9.59623
2.4 0.0
2.40408163265306 0.0
2.40816326530612 0.0
2.41224489795918 0.0
2.41632653061225 0.0
2.42040816326531 0.0
2.42448979591837 0.0
2.42857142857143 0.0
2.43265306122449 0.0
2.43673469387755 0.0
2.44081632653061 0.0
2.44489795918367 0.0
2.44897959183673 0.0
2.4530612244898 0.0
2.45714285714286 0.0
2.46122448979592 0.0
2.46530612244898 0.0
2.46938775510204 0.0
2.4734693877551 0.0
2.47755102040816 0.0
2.48163265306122 0.0
2.48571428571429 0.0
2.48979591836735 4.14714
2.49387755102041 0.673652
2.49795918367347 0.0
2.50204081632653 0.0
2.50612244897959 0.0
2.51020408163265 0.115503
2.51428571428571 0.0
2.51836734693878 0.0
2.52244897959184 0.0
2.5265306122449 0.0
2.53061224489796 0.0
2.53469387755102 0.0
2.53877551020408 0.0
2.54285714285714 9.36426
2.5469387755102 0.0
2.55102040816327 95.4554
2.55510204081633 145.175
2.55918367346939 213.559
2.56326530612245 228.77
2.56734693877551 221.672
2.57142857142857 200.213
2.57551020408163 169.205
2.57959183673469 139.399
2.58367346938775 113.334
2.58775510204082 85.1119
2.59183673469388 68.2426
2.59591836734694 49.1133
2.6 26.9709
2.60408163265306 9.65756
2.60816326530612 0.905633
2.61224489795918 0.0
2.61632653061224 0.0
2.62040816326531 0.0
2.62448979591837 0.0
2.62857142857143 0.0
2.63265306122449 0.0
2.63673469387755 0.0
2.64081632653061 0.0
2.64489795918367 0.0
2.64897959183673 0.0
2.6530612244898 0.0
2.65714285714286 0.0
2.66122448979592 0.0
2.66530612244898 0.0
2.66938775510204 0.0
2.6734693877551 0.0
2.67755102040816 0.0
2.68163265306122 0.831604
2.68571428571429 0.0
2.68979591836735 8.29416
2.69387755102041 2.63852
2.69795918367347 5.2399
2.70204081632653 2.28083
2.70612244897959 0.0
2.71020408163265 0.0
2.71428571428571 0.0
2.71836734693878 0.0
2.72244897959184 0.0
2.7265306122449 0.0
2.73061224489796 0.0
2.73469387755102 0.0
2.73877551020408 0.0
2.74285714285714 0.0
2.7469387755102 0.0
2.75102040816327 0.0
2.75510204081633 0.0
2.75918367346939 0.0
2.76326530612245 0.0
2.76734693877551 0.0
2.77142857142857 0.0
2.77551020408163 4.51455
2.77959183673469 0.0
2.78367346938776 28.9167
2.78775510204082 34.7994
2.79183673469388 44.1817
2.79591836734694 34.8632
2.8 36.5497
2.80408163265306 18.7321
2.80816326530612 5.46846
2.81224489795918 0.0
2.81632653061224 0.0
2.82040816326531 0.0
2.82448979591837 0.0
2.82857142857143 0.0
2.83265306122449 0.0
2.83673469387755 0.0
2.84081632653061 0.0
2.84489795918367 0.0
2.84897959183673 0.0
2.8530612244898 0.0
2.85714285714286 56.4742
2.86122448979592 2.88539
2.86530612244898 155.712
2.86938775510204 225.411
2.8734693877551 210.378
2.87755102040816 232.271
2.88163265306122 205.382
2.88571428571429 178.601
2.88979591836735 148.725
2.89387755102041 122.007
2.89795918367347 92.7634
2.90204081632653 72.3776
2.90612244897959 50.9
2.91020408163265 30.8838
2.91428571428571 12.7116
2.91836734693878 0.968814
2.92244897959184 0.0
2.9265306122449 0.0
2.93061224489796 0.0
2.93469387755102 0.0
2.93877551020408 0.0
2.94285714285714 0.0
2.9469387755102 0.0
2.95102040816327 0.0
2.95510204081633 0.0
2.95918367346939 0.0
2.96326530612245 0.0
2.96734693877551 0.0
2.97142857142857 0.0
2.97551020408163 0.0
2.97959183673469 0.0
2.98367346938775 0.0
2.98775510204082 0.0
2.99183673469388 0.0
2.99591836734694 0.0
3.0 0.0
3.00408163265306 0.0
3.00816326530612 0.0
3.01224489795918 0.0
3.01632653061225 0.0
3.02040816326531 0.0
3.02448979591837 0.0
3.02857142857143 0.0
3.03265306122449 0.0
3.03673469387755 0.0
3.04081632653061 0.0
3.04489795918367 0.0
3.04897959183673 0.0
3.0530612244898 0.0
3.05714285714286 0.0
3.06122448979592 0.0
3.06530612244898 0.0
3.06938775510204 0.0
3.0734693877551 0.0
3.07755102040816 0.0
3.08163265306122 0.0
3.08571428571429 0.0
3.08979591836735 0.0
3.09387755102041 0.0
3.09795918367347 0.0
3.10204081632653 0.0
3.10612244897959 0.0
3.11020408163265 0.0
3.11428571428571 0.0
3.11836734693878 0.0
3.12244897959184 0.0
3.1265306122449 0.0
3.13061224489796 0.0
3.13469387755102 0.0
3.13877551020408 0.0
3.14285714285714 0.0
3.1469387755102 0.0
3.15102040816327 0.0
3.15510204081633 0.0
3.15918367346939 0.0
3.16326530612245 0.0
3.16734693877551 0.0
3.17142857142857 0.0
3.17551020408163 0.0
3.17959183673469 0.0
3.18367346938776 0.0
3.18775510204082 0.0
3.19183673469388 0.0
3.19591836734694 0.0
3.2 0.0
3.20408163265306 0.0
3.20816326530612 0.0
3.21224489795918 0.0
3.21632653061224 0.0
3.22040816326531 0.0
3.22448979591837 0.0
3.22857142857143 0.0
3.23265306122449 0.0
3.23673469387755 0.0
3.24081632653061 0.0
3.24489795918367 0.0
3.24897959183673 0.0
3.2530612244898 0.0
3.25714285714286 0.0
3.26122448979592 0.0
3.26530612244898 0.0
3.26938775510204 245.826
3.2734693877551 236.716
3.27755102040816 312.176
3.28163265306122 66.3249
3.28571428571429 293.827
3.28979591836735 134.016
3.29387755102041 194.997
3.29795918367347 126.873
3.30204081632653 122.82
3.30612244897959 82.6587
3.31020408163265 66.5415
3.31428571428571 44.5045
3.31836734693878 25.5657
3.32244897959184 5.18537
3.3265306122449 0.0
3.33061224489796 0.0
3.33469387755102 0.0
3.33877551020408 0.0
3.34285714285714 0.0
3.3469387755102 0.0
3.35102040816327 0.0
3.35510204081633 0.0
3.35918367346939 0.0
3.36326530612245 0.0
3.36734693877551 0.0
3.37142857142857 0.0
3.37551020408163 0.0
3.37959183673469 0.0
3.38367346938776 0.0
3.38775510204082 57.201
3.39183673469388 114.179
3.39591836734694 172.734
3.4 193.07
3.40408163265306 187.859
3.40816326530612 158.703
3.41224489795918 132.469
3.41632653061225 106.233
3.42040816326531 80.7587
3.42448979591837 57.4409
3.42857142857143 40.7636
3.43265306122449 22.0852
3.43673469387755 2.5208
3.44081632653061 0.0
3.44489795918367 0.0
3.44897959183673 0.0
3.4530612244898 0.0
3.45714285714286 0.0
3.46122448979592 0.0
3.46530612244898 0.0
3.46938775510204 0.0
3.4734693877551 0.0
3.47755102040816 0.0
3.48163265306122 0.0
3.48571428571429 0.0
3.48979591836735 0.0
3.49387755102041 0.0
3.49795918367347 0.0
3.50204081632653 0.0
3.50612244897959 0.0
3.51020408163265 0.0
3.51428571428571 0.0
3.51836734693878 0.0
3.52244897959184 0.0
3.5265306122449 13.9824
3.53061224489796 19.3243
3.53469387755102 10.7666
3.53877551020408 6.1509
3.54285714285714 2.38621
3.5469387755102 0.0
3.55102040816327 0.0
3.55510204081633 0.0
3.55918367346939 0.0
3.56326530612245 0.0
3.56734693877551 0.0
3.57142857142857 0.0
3.57551020408163 0.0
3.57959183673469 0.0
3.58367346938775 0.0
3.58775510204082 0.0
3.59183673469388 0.0
3.59591836734694 0.0
3.6 0.0
3.60408163265306 0.0
3.60816326530612 0.0
3.61224489795918 0.0
3.61632653061224 0.0
3.62040816326531 0.0
3.62448979591837 4.66758
3.62857142857143 28.8766
3.63265306122449 38.398
3.63673469387755 39.2095
3.64081632653061 41.501
3.64489795918367 32.8708
3.64897959183673 24.8991
3.6530612244898 3.69313
3.65714285714286 0.0
3.66122448979592 0.0
3.66530612244898 0.0
3.66938775510204 0.0
3.6734693877551 0.0
3.67755102040816 0.0
3.68163265306122 0.0
3.68571428571429 0.0
3.68979591836735 0.0
3.69387755102041 1.06147
3.69795918367347 29.5386
3.70204081632653 125.022
3.70612244897959 174.164
3.71020408163265 187.318
3.71428571428571 193.512
3.71836734693878 176.749
3.72244897959184 155.891
3.7265306122449 128.992
3.73061224489796 105.105
3.73469387755102 83.5106
3.73877551020408 63.6353
3.74285714285714 44.6982
3.7469387755102 27.7417
3.75102040816327 11.515
3.75510204081633 0.0
3.75918367346939 0.0
3.76326530612245 0.0
3.76734693877551 0.0
3.77142857142857 0.0
3.77551020408163 0.0
3.77959183673469 0.0
3.78367346938776 0.0
3.78775510204082 0.0
3.79183673469388 0.0
3.79591836734694 0.0
3.8 0.0
3.80408163265306 0.0
3.80816326530612 0.0
3.81224489795918 0.0
3.81632653061224 0.0
3.82040816326531 4.76819
3.82448979591837 14.2879
3.82857142857143 24.5262
3.83265306122449 27.0559
3.83673469387755 34.8879
3.84081632653061 26.6611
3.84489795918367 22.7715
3.84897959183673 5.99408
3.8530612244898 0.0
3.85714285714286 0.0
3.86122448979592 0.0
3.86530612244898 0.0
3.86938775510204 0.0
3.8734693877551 0.0
3.87755102040816 0.0
3.88163265306122 0.0
3.88571428571429 0.0
3.88979591836735 0.0
3.89387755102041 0.0
3.89795918367347 0.0
3.90204081632653 0.0
3.90612244897959 0.0
3.91020408163265 0.0
3.91428571428571 0.0
3.91836734693878 0.0
3.92244897959184 0.0
3.9265306122449 0.0
3.93061224489796 0.0
3.93469387755102 0.0
3.93877551020408 0.0
3.94285714285714 0.0
3.9469387755102 0.0
3.95102040816327 0.0
3.95510204081633 0.0
3.95918367346939 0.0
3.96326530612245 0.0
3.96734693877551 0.0
3.97142857142857 0.0
3.97551020408163 0.0
3.97959183673469 0.0
3.98367346938775 0.0
3.98775510204082 0.0
3.99183673469388 0.0
3.99591836734694 0.0
4.0 0.0
4.00408163265306 0.0
4.00816326530612 0.0
4.01224489795918 0.0
4.01632653061225 0.0
4.02040816326531 0.0
4.02448979591837 29.0858
4.02857142857143 59.5216
4.03265306122449 177.159
4.03673469387755 141.286
4.04081632653061 164.222
4.04489795918367 135.569
4.04897959183673 123.504
4.0530612244898 93.927
4.05714285714286 69.6444
4.06122448979592 47.3577
4.06530612244898 24.2328
4.06938775510204 2.07824
4.0734693877551 0.0
4.07755102040816 0.0
4.08163265306122 0.0
4.08571428571429 0.0
4.08979591836735 0.0
4.09387755102041 0.0
4.09795918367347 0.0
4.10204081632653 0.0
4.10612244897959 0.0
4.11020408163265 0.0
4.11428571428571 0.0
4.11836734693878 0.0
4.12244897959184 0.0
4.1265306122449 0.0
4.13061224489796 0.0
4.13469387755102 0.0
4.13877551020408 0.0
4.14285714285714 0.0
4.1469387755102 0.0
4.15102040816326 0.0
4.15510204081633 0.0
4.15918367346939 0.0
4.16326530612245 0.0
4.16734693877551 0.0
4.17142857142857 0.591099
4.17551020408163 0.0
4.17959183673469 2.58745
4.18367346938776 0.0
4.18775510204082 0.0
4.19183673469388 0.0
4.19591836734694 0.0
4.2 0.0
4.20408163265306 0.0
4.20816326530612 0.0
4.21224489795918 0.0
4.21632653061225 0.0
4.22040816326531 0.0
4.22448979591837 0.0
4.22857142857143 22.9185
4.23265306122449 60.2902
4.23673469387755 85.1953
4.24081632653061 185.49
4.24489795918367 237.32
4.24897959183673 239.914
4.2530612244898 233.129
4.25714285714286 207.342
4.26122448979592 167.26
4.26530612244898 130.973
4.26938775510204 102.589
4.2734693877551 78.5225
4.27755102040816 55.4598
4.28163265306122 36.9384
4.28571428571429 19.7141
4.28979591836735 0.943422
4.29387755102041 0.0
4.29795918367347 0.0
4.30204081632653 0.0
4.30612244897959 0.0
4.31020408163265 0.0
4.31428571428571 0.0
4.31836734693878 0.0
4.32244897959184 0.0
4.3265306122449 0.0
4.33061224489796 0.0
4.33469387755102 0.0
4.33877551020408 0.0
4.34285714285714 0.0
4.3469387755102 0.0
4.35102040816327 0.0
4.35510204081633 0.0
4.35918367346939 0.0
4.36326530612245 3.90148
4.36734693877551 4.69166
4.37142857142857 0.901163
4.37551020408163 0.0
4.37959183673469 0.0
4.38367346938776 0.0
4.38775510204082 0.0
4.39183673469388 0.0
4.39591836734694 0.0
4.4 0.0
4.40408163265306 0.0
4.40816326530612 0.0
4.41224489795918 0.0
4.41632653061224 0.0
4.42040816326531 0.0
4.42448979591837 0.0
4.42857142857143 0.0
4.43265306122449 0.0
4.43673469387755 0.0
4.44081632653061 0.0
4.44489795918367 0.0
4.44897959183673 0.0
4.4530612244898 0.0
4.45714285714286 0.0
4.46122448979592 0.772402
4.46530612244898 0.0
4.46938775510204 39.1454
4.4734693877551 33.474
4.47755102040816 37.9019
4.48163265306122 30.293
4.48571428571429 25.4346
4.48979591836735 15.8254
4.49387755102041 0.0
4.49795918367347 0.0
4.50204081632653 0.0
4.50612244897959 0.0
4.51020408163265 0.0
4.51428571428571 0.0
4.51836734693878 0.0
4.52244897959184 0.0
4.5265306122449 0.0
4.53061224489796 0.0
4.53469387755102 0.0
4.53877551020408 2.76032
4.54285714285714 25.4603
4.5469387755102 90.098
4.55102040816327 177.261
4.55510204081633 220.203
4.55918367346939 231.187
4.56326530612245 210.585
4.56734693877551 188.281
4.57142857142857 155.911
4.57551020408163 127.154
4.57959183673469 97.6769
4.58367346938776 73.7812
4.58775510204082 53.3476
4.59183673469388 35.5054
4.59591836734694 17.9855
4.6 3.54695
4.60408163265306 0.0
4.60816326530612 0.0
4.61224489795918 0.0
4.61632653061224 0.0
4.62040816326531 0.0
4.62448979591837 0.0
4.62857142857143 0.0
4.63265306122449 0.0
4.63673469387755 0.0
4.64081632653061 0.0
4.64489795918367 0.0
4.64897959183673 0.0
4.6530612244898 0.0
4.65714285714286 0.0
4.66122448979592 0.0
4.66530612244898 0.0
4.66938775510204 0.0
4.6734693877551 0.0
4.67755102040816 0.0
4.68163265306122 0.0
4.68571428571429 0.0
4.68979591836735 0.0
4.69387755102041 0.0
4.69795918367347 0.0
4.70204081632653 0.0
4.70612244897959 0.0
4.71020408163265 0.0
4.71428571428571 0.0
4.71836734693878 0.0
4.72244897959184 0.0
4.7265306122449 0.0
4.73061224489796 0.0
4.73469387755102 0.0
4.73877551020408 0.0
4.74285714285714 0.0
4.7469387755102 0.0
4.75102040816327 0.0
4.75510204081633 0.0
4.75918367346939 0.0
4.76326530612245 0.0
4.76734693877551 0.0
4.77142857142857 0.0
4.77551020408163 0.0
4.77959183673469 0.0
4.78367346938775 0.0
4.78775510204082 0.0
4.79183673469388 0.0
4.79591836734694 0.0
4.8 0.0
4.80408163265306 0.0
4.80816326530612 0.0
4.81224489795918 0.0
4.81632653061224 0.0
4.82040816326531 0.0
4.82448979591837 0.0
4.82857142857143 0.0
4.83265306122449 0.0
4.83673469387755 0.0
4.84081632653061 0.0
4.84489795918367 0.0
4.84897959183674 0.0
4.8530612244898 0.0
4.85714285714286 0.0
4.86122448979592 0.0
4.86530612244898 0.0
4.86938775510204 0.0
4.8734693877551 0.0
4.87755102040816 0.0
4.88163265306122 0.0
4.88571428571429 0.0
4.88979591836735 0.0
4.89387755102041 0.0
4.89795918367347 0.0
4.90204081632653 0.0
4.90612244897959 0.0
4.91020408163265 0.0
4.91428571428571 0.0
4.91836734693878 0.0
4.92244897959184 0.0
4.9265306122449 0.0
4.93061224489796 0.0
4.93469387755102 0.0
4.93877551020408 0.0
4.94285714285714 0.0
4.9469387755102 0.0
4.95102040816327 0.0
4.95510204081633 0.0
4.95918367346939 0.0
4.96326530612245 68.1295
4.96734693877551 115.705
4.97142857142857 181.605
4.97551020408163 249.878
4.97959183673469 284.779
4.98367346938775 184.68
4.98775510204082 224.402
4.99183673469388 175.367
4.99591836734694 160.342
5.0 110.132
5.00408163265306 87.2583
5.00816326530612 65.1383
5.01224489795918 44.1656
5.01632653061225 21.5085
5.02040816326531 0.0
5.02448979591837 0.0
5.02857142857143 0.0
5.03265306122449 0.0
5.03673469387755 0.0
5.04081632653061 0.0
5.04489795918367 0.0
5.04897959183673 0.0
5.0530612244898 0.0
5.05714285714286 0.0
5.06122448979592 0.0
5.06530612244898 0.0
5.06938775510204 0.0
5.0734693877551 0.0
5.07755102040816 0.0
5.08163265306122 86.3049
5.08571428571429 90.8931
5.08979591836735 177.802
5.09387755102041 187.203
5.09795918367347 185.677
5.10204081632653 164.303
5.10612244897959 134.349
5.11020408163265 106.152
5.11428571428571 78.3895
5.11836734693878 56.9769
5.12244897959184 38.8237
5.1265306122449 23.2759
5.13061224489796 7.74848
5.13469387755102 1.18995
5.13877551020408 0.0
5.14285714285714 0.0
5.1469387755102 0.0
5.15102040816326 0.0
5.15510204081633 0.0
5.15918367346939 0.0
5.16326530612245 0.0
5.16734693877551 0.0
5.17142857142857 0.0
5.17551020408163 0.0
5.17959183673469 0.0
5.18367346938776 0.0
5.18775510204082 0.0
5.19183673469388 0.0
5.19591836734694 0.0
5.2 0.0
5.20408163265306 0.0
5.20816326530612 0.0
5.21224489795918 0.0
5.21632653061225 0.0827312
5.22040816326531 15.5372
5.22448979591837 18.7246
5.22857142857143 8.29637
5.23265306122449 4.92567
5.23673469387755 0.185251
5.24081632653061 0.0
5.24489795918367 0.0
5.24897959183673 0.0
5.2530612244898 0.0
5.25714285714286 0.0
5.26122448979592 0.0
5.26530612244898 0.0
5.26938775510204 0.0
5.2734693877551 0.0
5.27755102040816 0.0
5.28163265306122 0.0
5.28571428571429 0.0
5.28979591836735 0.0
5.29387755102041 0.0
5.29795918367347 0.0
5.30204081632653 0.0
5.30612244897959 0.0
5.31020408163265 0.0
5.31428571428571 0.0
5.31836734693878 13.5353
5.32244897959184 11.8524
5.3265306122449 27.7503
5.33061224489796 12.4008
5.33469387755102 37.3389
5.33877551020408 38.0691
5.34285714285714 23.0094
5.3469387755102 6.49917
5.35102040816327 0.0
5.35510204081633 0.0
5.35918367346939 0.0
5.36326530612245 0.0
5.36734693877551 0.0
5.37142857142857 0.0
5.37551020408163 0.0
5.37959183673469 0.0
5.38367346938776 0.0
5.38775510204082 0.0
5.39183673469388 0.0
5.39591836734694 10.9016
5.4 2.49936
5.40408163265306 108.404
5.40816326530612 202.861
5.41224489795918 231.616
5.41632653061224 228.096
5.42040816326531 195.008
5.42448979591837 178.398
5.42857142857143 143.008
5.43265306122449 114.774
5.43673469387755 90.5106
5.44081632653061 69.3387
5.44489795918367 50.4031
5.44897959183673 32.7206
5.4530612244898 19.3505
5.45714285714286 6.98078
5.46122448979592 0.0
5.46530612244898 0.0
5.46938775510204 0.0
5.4734693877551 0.0
5.47755102040816 0.0
5.48163265306122 0.0
5.48571428571429 0.0
5.48979591836735 0.0
5.49387755102041 0.0
5.49795918367347 0.0
5.50204081632653 0.0
5.50612244897959 0.0
5.51020408163265 0.0
5.51428571428571 0.0
5.51836734693878 0.823021
5.52244897959184 0.0
5.5265306122449 2.56467
5.53061224489796 5.99599
5.53469387755102 8.71843
5.53877551020408 7.52425
5.54285714285714 4.01688
5.5469387755102 0.0
5.55102040816327 0.0
5.55510204081633 0.0
5.55918367346939 0.0
5.56326530612245 0.0
5.56734693877551 0.0
5.57142857142857 0.0
5.57551020408163 0.0
5.57959183673469 0.0
5.58367346938776 0.0
5.58775510204082 0.0
5.59183673469388 0.0
5.59591836734694 0.0
5.6 0.0
5.60408163265306 0.0
5.60816326530612 0.0
5.61224489795918 0.0
5.61632653061224 0.0
5.62040816326531 0.0
5.62448979591837 0.0
5.62857142857143 0.0
5.63265306122449 0.0
5.63673469387755 0.0
5.64081632653061 0.0
5.64489795918367 0.0
5.64897959183673 0.0
5.6530612244898 0.0
5.65714285714286 0.0
5.66122448979592 0.0
5.66530612244898 0.0
5.66938775510204 0.0
5.6734693877551 0.0
5.67755102040816 0.0
5.68163265306122 0.0
5.68571428571429 0.0
5.68979591836735 0.0
5.69387755102041 0.0
5.69795918367347 0.0
5.70204081632653 0.0
5.70612244897959 0.0
5.71020408163265 0.0
5.71428571428571 0.0
5.71836734693878 19.8053
5.72244897959184 43.8551
5.7265306122449 172.326
5.73061224489796 132.107
5.73469387755102 156.431
5.73877551020408 128.942
5.74285714285714 111.898
5.7469387755102 82.8711
5.75102040816327 60.0344
5.75510204081633 34.1181
5.75918367346939 11.7442
5.76326530612245 0.0
5.76734693877551 0.0
5.77142857142857 0.0
5.77551020408163 0.0
5.77959183673469 0.0
5.78367346938775 0.0
5.78775510204082 0.0
5.79183673469388 0.0
5.79591836734694 0.0
5.8 0.0
5.80408163265306 0.0
5.80816326530612 0.0
5.81224489795918 0.0
5.81632653061224 0.0
5.82040816326531 0.0
5.82448979591837 0.0
5.82857142857143 0.0
5.83265306122449 0.0
5.83673469387755 2.90731
5.84081632653061 0.0
5.84489795918367 10.1173
5.84897959183674 8.6356
5.8530612244898 8.76099
5.85714285714286 8.16375
5.86122448979592 1.20331
5.86530612244898 8.84115
5.86938775510204 1.99572
5.8734693877551 6.92921
5.87755102040816 0.0
5.88163265306122 0.0
5.88571428571429 0.0
5.88979591836735 0.0
5.89387755102041 0.0
5.89795918367347 0.0
5.90204081632653 0.0
5.90612244897959 0.0
5.91020408163265 0.0
5.91428571428571 0.0
5.91836734693878 34.0574
5.92244897959184 76.4249
5.9265306122449 112.867
5.93061224489796 196.605
5.93469387755102 228.637
5.93877551020408 233.105
5.94285714285714 198.869
5.9469387755102 171.319
5.95102040816327 152.202
5.95510204081633 119.739
5.95918367346939 89.1131
5.96326530612245 67.5794
5.96734693877551 45.522
5.97142857142857 25.5736
5.97551020408163 5.60564
5.97959183673469 0.0
5.98367346938775 0.0
5.98775510204082 0.0
5.99183673469388 0.0
5.99591836734694 0.0
6.0 0.0
6.00408163265306 0.0
6.00816326530612 0.0
6.01224489795918 0.0
6.01632653061225 0.0
6.02040816326531 0.0
6.02448979591837 0.0
6.02857142857143 0.0
6.03265306122449 0.0
6.03673469387755 0.0
6.04081632653061 0.0
6.04489795918367 1.98305
6.04897959183673 0.431538
6.0530612244898 13.7196
6.05714285714286 10.5951
6.06122448979592 4.70078
6.06530612244898 0.385702
6.06938775510204 0.0
6.0734693877551 0.0
6.07755102040816 0.0
6.08163265306122 0.0
6.08571428571429 0.0
6.08979591836735 0.0
6.09387755102041 0.0
6.09795918367347 0.0
6.10204081632653 0.0
6.10612244897959 0.0
6.11020408163265 0.0
6.11428571428571 0.0
6.11836734693878 0.0
6.12244897959184 0.0
6.1265306122449 0.0
6.13061224489796 0.0
6.13469387755102 0.0
6.13877551020408 0.0
6.14285714285714 0.256002
6.1469387755102 23.6039
6.15102040816326 23.6345
6.15510204081633 66.8032
6.15918367346939 51.1394
6.16326530612245 63.5103
6.16734693877551 46.2546
6.17142857142857 29.0297
6.17551020408163 12.984
6.17959183673469 0.0
6.18367346938776 0.0
6.18775510204082 0.0
6.19183673469388 0.0
6.19591836734694 0.0
6.2 0.0
6.20408163265306 0.0
6.20816326530612 0.0
6.21224489795918 0.0
6.21632653061225 0.0
6.22040816326531 0.0
6.22448979591837 0.0
6.22857142857143 0.0
6.23265306122449 14.8637
6.23673469387755 121.014
6.24081632653061 210.715
6.24489795918367 276.334
6.24897959183673 287.579
6.2530612244898 267.567
6.25714285714286 229.824
6.26122448979592 197.365
6.26530612244898 161.665
6.26938775510204 128.169
6.2734693877551 97.5655
6.27755102040816 72.3962
6.28163265306122 51.3941
6.28571428571429 28.1162
6.28979591836735 8.17907
6.29387755102041 0.0
6.29795918367347 0.0
6.30204081632653 0.0
6.30612244897959 0.0
6.31020408163265 0.0
6.31428571428571 0.0
6.31836734693878 0.0
6.32244897959184 0.0
6.3265306122449 0.0
6.33061224489796 0.0
6.33469387755102 0.0
6.33877551020408 0.0
6.34285714285714 0.0
6.3469387755102 0.0
6.35102040816327 0.0
6.35510204081633 0.0
6.35918367346939 0.0
6.36326530612245 0.0
6.36734693877551 0.0
6.37142857142857 0.0
6.37551020408163 0.0
6.37959183673469 0.0
6.38367346938776 0.0
6.38775510204082 0.0
6.39183673469388 0.0
6.39591836734694 0.0
6.4 0.0
6.40408163265306 0.0
6.40816326530612 0.0
6.41224489795918 0.0
6.41632653061224 0.0
6.42040816326531 0.0
6.42448979591837 2.74873
6.42857142857143 0.0
6.43265306122449 0.0
6.43673469387755 1.03754
6.44081632653061 0.529647
6.44489795918367 0.0
6.44897959183673 18.7518
6.4530612244898 35.3066
6.45714285714286 89.9527
6.46122448979592 139.122
6.46530612244898 189.369
6.46938775510204 191.555
6.4734693877551 190.154
6.47755102040816 169.964
6.48163265306122 139.559
6.48571428571429 112.198
6.48979591836735 86.9801
6.49387755102041 66.278
6.49795918367347 39.2817
6.50204081632653 16.2338
6.50612244897959 0.0
6.51020408163265 0.0
6.51428571428571 0.0
6.51836734693878 0.0
6.52244897959184 0.0
6.5265306122449 0.0
6.53061224489796 0.0
6.53469387755102 0.0
6.53877551020408 0.0
6.54285714285714 0.0
6.5469387755102 0.0
6.55102040816327 0.0
6.55510204081633 0.0
6.55918367346939 0.0
6.56326530612245 0.0
6.56734693877551 0.0
6.57142857142857 0.0
6.57551020408163 0.0
6.57959183673469 0.0
6.58367346938776 0.0
6.58775510204082 0.0
6.59183673469388 0.0
6.59591836734694 0.0
6.6 0.0
6.60408163265306 0.0
6.60816326530612 0.0
6.61224489795918 0.0
6.61632653061224 0.0
6.62040816326531 0.0
6.62448979591837 0.0
6.62857142857143 0.0
6.63265306122449 0.0
6.63673469387755 0.0
6.64081632653061 0.0
6.64489795918367 0.0
6.64897959183673 0.0
6.6530612244898 0.0
6.65714285714286 0.0
6.66122448979592 0.0
6.66530612244898 3.51441
6.66938775510204 35.4085
6.6734693877551 57.8501
6.67755102040816 69.7965
6.68163265306122 93.0762
6.68571428571429 109.953
6.68979591836735 129.222
6.69387755102041 132.983
6.69795918367347 122.673
6.70204081632653 118.126
6.70612244897959 100.958
6.71020408163265 108.056
6.71428571428571 100.433
6.71836734693878 87.29
6.72244897959184 72.5321
6.7265306122449 56.3376
6.73061224489796 44.9753
6.73469387755102 39.6825
6.73877551020408 28.2496
6.74285714285714 14.1277
6.7469387755102 9.92298
6.75102040816327 13.3988
6.75510204081633 6.4429
6.75918367346939 8.23581
6.76326530612245 13.4324
6.76734693877551 21.9469
6.77142857142857 21.6814
6.77551020408163 15.1416
6.77959183673469 7.00855
6.78367346938775 0.0
6.78775510204082 0.0
6.79183673469388 0.0
6.79591836734694 0.0
6.8 0.0
6.80408163265306 0.0
6.80816326530612 0.0
6.81224489795918 0.0
6.81632653061224 0.0
6.82040816326531 0.0
6.82448979591837 0.0
6.82857142857143 0.0
6.83265306122449 0.0
6.83673469387755 0.0
6.84081632653061 0.0
6.84489795918367 0.0
6.84897959183674 0.0
6.8530612244898 0.0
6.85714285714286 0.0
6.86122448979592 0.0
6.86530612244898 0.0
6.86938775510204 0.0
6.8734693877551 0.0
6.87755102040816 0.0
6.88163265306122 0.767112
6.88571428571429 5.32901
6.88979591836735 6.36077
6.89387755102041 12.9125
6.89795918367347 14.2063
6.90204081632653 23.4749
6.90612244897959 36.2198
6.91020408163265 46.4464
6.91428571428571 57.4791
6.91836734693878 56.9239
6.92244897959184 50.1764
6.9265306122449 44.3019
6.93061224489796 40.2956
6.93469387755102 34.4427
6.93877551020408 22.2845
6.94285714285714 11.9913
6.9469387755102 9.26077
6.95102040816327 5.03433
6.95510204081633 3.67749
6.95918367346939 0.0
6.96326530612245 0.0
6.96734693877551 0.0
6.97142857142857 0.0
6.97551020408163 0.0
6.97959183673469 0.0
6.98367346938775 0.0
6.98775510204082 0.0
6.99183673469388 0.0
6.99591836734694 0.0
7.0 0.0
7.00408163265306 0.0
7.00816326530612 0.0
7.01224489795918 0.0
7.01632653061225 0.0
7.02040816326531 0.0
7.02448979591837 17.5721
7.02857142857143 31.9266
7.03265306122449 31.6092
7.03673469387755 33.2063
7.04081632653061 30.7078
7.04489795918367 25.6836
7.04897959183673 13.6447
7.0530612244898 0.0
7.05714285714286 1.01328
7.06122448979592 0.0
7.06530612244898 0.0
7.06938775510204 0.0
7.0734693877551 0.0
7.07755102040816 0.0
7.08163265306122 0.0
7.08571428571429 0.0
7.08979591836735 0.0
7.09387755102041 0.0
7.09795918367347 0.0
7.10204081632653 3.93713
7.10612244897959 10.8785
7.11020408163265 35.0073
7.11428571428571 56.8681
7.11836734693878 92.4026
7.12244897959184 92.3129
7.1265306122449 102.143
7.13061224489796 98.8549
7.13469387755102 82.9898
7.13877551020408 66.8751
7.14285714285714 53.2646
7.1469387755102 49.8921
7.15102040816326 41.8147
7.15510204081633 31.2898
7.15918367346939 16.9514
7.16326530612245 0.0
7.16734693877551 0.0
7.17142857142857 0.0
7.17551020408163 0.0
7.17959183673469 0.0
7.18367346938776 0.0
7.18775510204082 0.0
7.19183673469388 0.0
7.19591836734694 0.0
7.2 0.0
7.20408163265306 0.0
7.20816326530612 0.0
7.21224489795918 0.0
7.21632653061225 0.0
7.22040816326531 1.86074
7.22448979591837 9.98354
7.22857142857143 25.8064
7.23265306122449 32.2671
7.23673469387755 31.5682
7.24081632653061 27.3222
7.24489795918367 26.862
7.24897959183673 19.5904
7.2530612244898 20.4009
7.25714285714286 18.9452
7.26122448979592 16.046
7.26530612244898 0.504494
7.26938775510204 0.0
7.2734693877551 0.0
7.27755102040816 0.0
7.28163265306122 0.0
7.28571428571429 0.0
7.28979591836735 0.0
7.29387755102041 0.0
7.29795918367347 0.0
7.30204081632653 0.0
7.30612244897959 0.0
7.31020408163265 0.0
7.31428571428571 0.0
7.31836734693878 0.0
7.32244897959184 0.0
7.3265306122449 0.0
7.33061224489796 0.0
7.33469387755102 14.6995
7.33877551020408 24.7141
7.34285714285714 52.1064
7.3469387755102 62.2363
7.35102040816327 71.0917
7.35510204081633 74.8819
7.35918367346939 65.0169
7.36326530612245 54.7868
7.36734693877551 49.1333
7.37142857142857 40.3215
7.37551020408163 35.048
7.37959183673469 23.4437
7.38367346938776 12.8196
7.38775510204082 0.72515
7.39183673469388 0.0
7.39591836734694 0.0
7.4 0.0
7.40408163265306 0.0
7.40816326530612 0.0
7.41224489795918 0.0
7.41632653061224 0.0
7.42040816326531 0.0
7.42448979591837 0.0
7.42857142857143 0.0
7.43265306122449 0.0
7.43673469387755 0.0
7.44081632653061 0.0
7.44489795918367 0.0
7.44897959183673 0.0
7.4530612244898 2.82991
7.45714285714286 18.9002
7.46122448979592 34.4925
7.46530612244898 38.4071
7.46938775510204 34.9916
7.4734693877551 18.8662
7.47755102040816 8.55863
7.48163265306122 10.0762
7.48571428571429 6.45071
7.48979591836735 2.01178
7.49387755102041 2.99335
7.49795918367347 0.0
7.50204081632653 0.0
7.50612244897959 0.0
7.51020408163265 0.0
7.51428571428571 0.0
7.51836734693878 0.0
7.52244897959184 0.0
7.5265306122449 13.2551
7.53061224489796 47.7512
7.53469387755102 86.2709
7.53877551020408 110.779
7.54285714285714 138.718
7.5469387755102 137.982
7.55102040816327 135.445
7.55510204081633 113.635
7.55918367346939 91.3454
7.56326530612245 68.5666
7.56734693877551 42.6129
7.57142857142857 19.6627
7.57551020408163 2.66743
7.57959183673469 0.0
7.58367346938776 0.0
7.58775510204082 0.0
7.59183673469388 0.0
7.59591836734694 0.0
7.6 0.0
7.60408163265306 0.0
7.60816326530612 0.0
7.61224489795918 0.0
7.61632653061224 0.0
7.62040816326531 0.0
7.62448979591837 0.0
7.62857142857143 9.33444
7.63265306122449 28.7508
7.63673469387755 28.1637
7.64081632653061 41.8231
7.64489795918367 49.8254
7.64897959183673 76.9262
7.6530612244898 96.0808
7.65714285714286 102.818
7.66122448979592 104.652
7.66530612244898 99.1386
7.66938775510204 82.2706
7.6734693877551 75.9954
7.67755102040816 56.2894
7.68163265306122 30.3839
7.68571428571429 12.6412
7.68979591836735 2.31588
7.69387755102041 0.0
7.69795918367347 0.0
7.70204081632653 0.0
7.70612244897959 0.0
7.71020408163265 0.0
7.71428571428571 0.0
7.71836734693878 0.0
7.72244897959184 0.0
7.7265306122449 0.0
7.73061224489796 0.0
7.73469387755102 0.0
7.73877551020408 0.0
7.74285714285714 10.0974
7.7469387755102 20.2239
7.75102040816327 18.3598
7.75510204081633 12.1912
7.75918367346939 3.99613
7.76326530612245 0.0
7.76734693877551 0.0
7.77142857142857 0.0
7.77551020408163 0.0
7.77959183673469 0.0
7.78367346938775 0.0
7.78775510204082 0.0
7.79183673469388 0.0
7.79591836734694 0.0
7.8 0.0
7.80408163265306 0.0
7.80816326530612 0.0
7.81224489795918 0.0
7.81632653061224 0.0
7.82040816326531 0.0
7.82448979591837 0.0
7.82857142857143 0.0
7.83265306122449 0.0
7.83673469387755 0.0
7.84081632653061 5.51277
7.84489795918367 14.7387
7.84897959183674 12.8263
7.8530612244898 9.55021
7.85714285714286 12.753
7.86122448979592 4.73678
7.86530612244898 6.49571
7.86938775510204 10.7419
7.8734693877551 16.1254
7.87755102040816 11.6209
7.88163265306122 20.538
7.88571428571429 16.2065
7.88979591836735 11.0345
7.89387755102041 5.03206
7.89795918367347 0.703931
7.90204081632653 0.0
7.90612244897959 0.0
7.91020408163265 0.0
7.91428571428571 0.0
7.91836734693878 0.0
7.92244897959184 0.0
7.9265306122449 0.0
7.93061224489796 1.88577
7.93469387755102 3.8414
7.93877551020408 11.0757
7.94285714285714 16.409
7.9469387755102 10.4169
7.95102040816327 27.8395
7.95510204081633 50.4377
7.95918367346939 86.7219
7.96326530612245 101.612
7.96734693877551 93.0179
7.97142857142857 78.5137
7.97551020408163 64.2544
7.97959183673469 58.9252
7.98367346938775 52.0561
7.98775510204082 44.5679
7.99183673469388 32.2841
7.99591836734694 16.0202
8.0 0.0
8.00408163265306 0.0
8.00816326530612 0.0
8.01224489795918 0.0
8.01632653061225 0.0
8.02040816326531 0.0
8.02448979591837 0.0
8.02857142857143 0.0
8.03265306122449 0.0
8.03673469387755 0.0
8.04081632653061 0.0
8.04489795918367 0.0
8.04897959183674 0.0
8.0530612244898 0.0
8.05714285714286 0.0
8.06122448979592 0.0
8.06530612244898 0.0
8.06938775510204 0.0
8.0734693877551 0.0
8.07755102040816 0.0
8.08163265306122 0.0
8.08571428571429 2.27177
8.08979591836735 2.0752
8.09387755102041 0.923157
8.09795918367347 0.219226
8.10204081632653 0.0
8.10612244897959 0.0
8.11020408163265 0.0
8.11428571428571 0.0
8.11836734693878 0.0
8.12244897959184 0.0
8.1265306122449 0.0
8.13061224489796 0.0
8.13469387755102 0.0
8.13877551020408 0.0
8.14285714285714 0.0
8.1469387755102 0.0
8.15102040816327 0.0
8.15510204081633 0.0
8.15918367346939 0.0
8.16326530612245 0.0
8.16734693877551 0.0
8.17142857142857 1.44666
8.17551020408163 0.0
8.17959183673469 0.885814
8.18367346938776 13.2464
8.18775510204082 15.6177
8.19183673469388 29.1164
8.19591836734694 36.5917
8.2 43.3604
8.20408163265306 24.4324
8.20816326530612 14.164
8.21224489795918 10.3769
8.21632653061224 1.3783
8.22040816326531 0.0
8.22448979591837 0.0
8.22857142857143 0.0
8.23265306122449 0.0
8.23673469387755 0.0
8.24081632653061 0.0
8.24489795918367 0.0
8.24897959183673 0.0
8.2530612244898 0.0
8.25714285714286 0.0
8.26122448979592 0.0
8.26530612244898 0.0
8.26938775510204 0.0
8.2734693877551 0.0
8.27755102040816 0.0
8.28163265306122 0.133514
8.28571428571429 7.3902
8.28979591836735 15.8794
8.29387755102041 37.3008
8.29795918367347 37.9205
8.30204081632653 39.0833
8.30612244897959 28.8102
8.31020408163265 21.7863
8.31428571428571 16.4221
8.31836734693877 12.6262
8.32244897959184 7.339
8.3265306122449 0.0
8.33061224489796 0.0
8.33469387755102 0.0
8.33877551020408 0.0
8.34285714285714 0.0
8.3469387755102 0.0
8.35102040816327 0.0
8.35510204081633 0.0
8.35918367346939 15.7037
8.36326530612245 17.7696
8.36734693877551 40.1911
8.37142857142857 63.1478
8.37551020408163 61.6584
8.37959183673469 154.465
8.38367346938776 154.841
8.38775510204082 187.339
8.39183673469388 183.022
8.39591836734694 155.702
8.4 128.945
8.40408163265306 102.16
8.40816326530612 76.2994
8.41224489795918 65.6985
8.41632653061225 48.4767
8.42040816326531 28.0621
8.42448979591837 8.62825
8.42857142857143 0.0
8.43265306122449 0.0
8.43673469387755 0.0
8.44081632653061 0.0
8.44489795918367 0.0
8.44897959183673 0.0
8.4530612244898 0.0
8.45714285714286 0.0
8.46122448979592 0.0
8.46530612244898 0.0
8.46938775510204 0.0
8.4734693877551 0.0
8.47755102040816 0.0
8.48163265306122 0.0
8.48571428571429 0.0
8.48979591836735 0.0
8.49387755102041 12.769
8.49795918367347 42.0877
8.50204081632653 58.8255
8.50612244897959 64.2988
8.51020408163265 53.2768
8.51428571428571 43.0093
8.51836734693878 34.8361
8.52244897959184 28.7087
8.5265306122449 18.3431
8.53061224489796 10.4369
8.53469387755102 5.65016
8.53877551020408 0.0
8.54285714285714 0.0
8.5469387755102 0.0
8.55102040816327 0.0
8.55510204081633 0.0
8.55918367346939 0.0
8.56326530612245 0.0
8.56734693877551 0.0
8.57142857142857 0.0
8.57551020408163 0.0
8.57959183673469 0.0
8.58367346938775 0.0
8.58775510204082 0.0
8.59183673469388 0.0
8.59591836734694 0.0
8.6 0.0
8.60408163265306 0.0
8.60816326530612 0.0
8.61224489795918 21.916
8.61632653061224 21.1744
8.62040816326531 37.2893
8.62448979591837 40.3813
8.62857142857143 43.8849
8.63265306122449 34.7738
8.63673469387755 24.0843
8.64081632653061 13.4366
8.64489795918367 3.57735
8.64897959183673 0.0
8.6530612244898 0.0
8.65714285714286 0.0
8.66122448979592 0.0
8.66530612244898 0.0
8.66938775510204 0.0
8.6734693877551 0.0
8.67755102040816 0.0
8.68163265306123 0.0
8.68571428571429 0.0
8.68979591836735 0.0
8.69387755102041 0.0
8.69795918367347 0.0
8.70204081632653 0.0
8.70612244897959 0.0
8.71020408163265 0.0
8.71428571428571 4.1281
8.71836734693878 32.3178
8.72244897959184 69.3009
8.7265306122449 118.626
8.73061224489796 118.848
8.73469387755102 114.164
8.73877551020408 108.785
8.74285714285714 97.9066
8.7469387755102 83.3568
8.75102040816327 69.7365
8.75510204081633 49.9663
8.75918367346939 42.8891
8.76326530612245 31.0937
8.76734693877551 27.061
8.77142857142857 22.199
8.77551020408163 17.0605
8.77959183673469 9.81855
8.78367346938776 1.02997
8.78775510204082 0.0
8.79183673469388 0.0
8.79591836734694 0.0
8.8 0.0
8.80408163265306 0.0
8.80816326530612 0.0
8.81224489795918 1.93775
8.81632653061224 5.87869
8.82040816326531 17.5432
8.82448979591837 25.8698
8.82857142857143 20.2284
8.83265306122449 9.66144
8.83673469387755 4.7729
8.84081632653061 4.00078
8.84489795918367 0.0
8.84897959183673 0.0
8.8530612244898 1.10579
8.85714285714286 0.687242
8.86122448979592 1.27113
8.86530612244898 0.548482
8.86938775510204 0.0
8.8734693877551 4.36175
8.87755102040816 3.17097
8.88163265306122 3.84927
8.88571428571429 0.320911
8.88979591836735 0.0
8.89387755102041 0.0
8.89795918367347 0.0
8.90204081632653 0.0
8.90612244897959 0.0
8.91020408163265 0.0
8.91428571428571 0.0
8.91836734693878 0.0
8.92244897959184 0.0
8.9265306122449 1.99413
8.93061224489796 0.964403
8.93469387755102 1.31536
8.93877551020408 0.0
8.94285714285714 0.0
8.9469387755102 0.0
8.95102040816326 2.5115
8.95510204081633 0.0
8.95918367346939 0.0
8.96326530612245 0.0
8.96734693877551 0.0
8.97142857142857 4.0586
8.97551020408163 0.0
8.97959183673469 0.0
8.98367346938775 0.0
8.98775510204082 0.0
8.99183673469388 0.0
8.99591836734694 0.0
9.0 0.0
9.00408163265306 0.0
9.00816326530612 7.90644
9.01224489795918 50.3434
9.01632653061225 58.9906
9.02040816326531 69.5535
9.02448979591837 67.7227
9.02857142857143 75.4727
9.03265306122449 61.1982
9.03673469387755 43.418
9.04081632653061 32.4049
9.04489795918367 20.844
9.04897959183674 16.506
9.0530612244898 5.67865
9.05714285714286 0.0
9.06122448979592 0.0
9.06530612244898 0.0
9.06938775510204 0.595331
9.0734693877551 7.66027
9.07755102040816 3.25334
9.08163265306122 0.0
9.08571428571429 0.0
9.08979591836735 7.47329
9.09387755102041 5.49304
9.09795918367347 0.0
9.10204081632653 0.0
9.10612244897959 0.0
9.11020408163265 0.0
9.11428571428571 0.0
9.11836734693878 0.0
9.12244897959184 0.0
9.1265306122449 0.0
9.13061224489796 0.0
9.13469387755102 0.0
9.13877551020408 0.0
9.14285714285714 0.0
9.1469387755102 2.73275
9.15102040816327 15.1239
9.15510204081633 33.2364
9.15918367346939 42.7513
9.16326530612245 46.1601
9.16734693877551 34.9888
9.17142857142857 24.088
9.17551020408163 16.8864
9.17959183673469 0.0
9.18367346938776 0.0
9.18775510204082 0.0
9.19183673469388 0.0
9.19591836734694 0.0
9.2 0.0
9.20408163265306 0.0
9.20816326530612 0.0
9.21224489795918 0.0
9.21632653061224 0.0
9.22040816326531 0.0
9.22448979591837 0.0
9.22857142857143 0.0
9.23265306122449 16.0871
9.23673469387755 44.7187
9.24081632653061 63.6134
9.24489795918367 70.4901
9.24897959183673 63.091
9.2530612244898 76.456
9.25714285714286 64.7151
9.26122448979592 52.6932
9.26530612244898 43.3122
9.26938775510204 54.8313
9.2734693877551 65.9447
9.27755102040816 50.4569
9.28163265306122 35.5877
9.28571428571429 21.0955
9.28979591836735 10.8654
9.29387755102041 3.41547
9.29795918367347 0.0
9.30204081632653 0.0
9.30612244897959 0.0
9.31020408163265 0.0
9.31428571428571 0.0
9.31836734693877 0.0
9.32244897959184 0.0
9.3265306122449 0.0
9.33061224489796 0.0
9.33469387755102 0.0
9.33877551020408 0.0
9.34285714285714 0.0
9.3469387755102 13.4206
9.35102040816327 44.8326
9.35510204081633 83.7322
9.35918367346939 101.681
9.36326530612245 90.4021
9.36734693877551 92.1733
9.37142857142857 89.3691
9.37551020408163 67.1321
9.37959183673469 41.9981
9.38367346938776 25.048
9.38775510204082 16.5654
9.39183673469388 4.44567
9.39591836734694 1.13153
9.4 0.0
9.40408163265306 0.0
9.40816326530612 0.0
9.41224489795918 0.0
9.41632653061225 0.0
9.42040816326531 0.0
9.42448979591837 0.438809
9.42857142857143 3.65108
9.43265306122449 5.02419
9.43673469387755 8.20506
9.44081632653061 8.34161
9.44489795918367 9.03547
9.44897959183673 0.0
9.4530612244898 0.488043
9.45714285714286 0.0
9.46122448979592 0.0
9.46530612244898 0.0
9.46938775510204 0.0
9.4734693877551 0.0
9.47755102040816 0.0
9.48163265306122 0.0
9.48571428571429 0.0
9.48979591836735 0.0
9.49387755102041 0.0
9.49795918367347 0.0
9.50204081632653 0.172198
9.50612244897959 3.91102
9.51020408163265 0.0
9.51428571428571 5.25439
9.51836734693878 5.43725
9.52244897959184 6.93464
9.5265306122449 8.55517
9.53061224489796 15.254
9.53469387755102 10.8219
9.53877551020408 9.16505
9.54285714285714 2.90585
9.5469387755102 0.0
9.55102040816327 0.0
9.55510204081633 0.0
9.55918367346939 0.0
9.56326530612245 0.0
9.56734693877551 0.0
9.57142857142857 0.0
9.57551020408163 0.0
9.57959183673469 0.0
9.58367346938775 5.05257
9.58775510204082 4.34315
9.59183673469388 2.40636
9.59591836734694 0.346303
9.6 0.0
9.60408163265306 0.0
9.60816326530612 0.0
9.61224489795918 0.0
9.61632653061224 0.0
9.62040816326531 0.0
9.62448979591837 0.0
9.62857142857143 0.0
9.63265306122449 0.0
9.63673469387755 0.0
9.64081632653061 0.0
9.64489795918367 0.0
9.64897959183673 11.7596
9.6530612244898 20.2339
9.65714285714286 36.1481
9.66122448979592 55.4257
9.66530612244898 71.9301
9.66938775510204 67.7757
9.6734693877551 62.4431
9.67755102040816 65.2136
9.68163265306123 60.6992
9.68571428571429 40.3526
9.68979591836735 23.9588
9.69387755102041 10.7359
9.69795918367347 0.0
9.70204081632653 0.0
9.70612244897959 0.0
9.71020408163265 0.0
9.71428571428571 0.0
9.71836734693878 0.0
9.72244897959184 0.0
9.7265306122449 0.0
9.73061224489796 0.0
9.73469387755102 0.0
9.73877551020408 0.0
9.74285714285714 0.0
9.7469387755102 0.0
9.75102040816327 2.53999
9.75510204081633 8.45969
9.75918367346939 0.0
9.76326530612245 0.0
9.76734693877551 0.0
9.77142857142857 0.0
9.77551020408163 0.0
9.77959183673469 0.0
9.78367346938776 0.0
9.78775510204082 0.0
9.79183673469388 0.0
9.79591836734694 0.0
9.8 0.0
9.80408163265306 0.0
9.80816326530612 0.0
9.81224489795918 0.0
9.81632653061224 0.0
9.82040816326531 0.0
9.82448979591837 0.0
9.82857142857143 0.0
9.83265306122449 0.0
9.83673469387755 0.0
9.84081632653061 0.0
9.84489795918367 0.0
9.84897959183673 0.0
9.8530612244898 3.29357
9.85714285714286 12.2073
9.86122448979592 5.43779
9.86530612244898 6.30724
9.86938775510204 8.01539
9.8734693877551 13.1067
9.87755102040816 9.74667
9.88163265306122 23.0588
9.88571428571429 25.4003
9.88979591836735 21.7032
9.89387755102041 11.4406
9.89795918367347 12.3286
9.90204081632653 23.3939
9.90612244897959 14.7727
9.91020408163265 24.2885
9.91428571428571 27.1539
9.91836734693878 24.3515
9.92244897959184 29.232
9.9265306122449 25.8732
9.93061224489796 19.8879
9.93469387755102 11.4142
9.93877551020408 5.04088
9.94285714285714 0.0
9.9469387755102 0.0
9.95102040816326 0.0
9.95510204081633 0.0
9.95918367346939 0.0
9.96326530612245 0.0
9.96734693877551 0.0
9.97142857142857 0.0
9.97551020408163 0.0
9.97959183673469 0.0
9.98367346938775 0.0
9.98775510204082 0.0
9.99183673469388 22.2906
9.99591836734694 102.322
10.0 119.116
10.0040816326531 109.752
10.0081632653061 96.0829
10.0122448979592 77.1921
10.0163265306122 56.3374
10.0204081632653 30.096
10.0244897959184 27.4979
10.0285714285714 9.75311
10.0326530612245 0.0
10.0367346938776 0.0
10.0408163265306 0.0
10.0448979591837 0.0
10.0489795918367 0.0
10.0530612244898 0.0
10.0571428571429 0.0
10.0612244897959 3.06082
10.065306122449 11.4707
10.069387755102 11.833
10.0734693877551 25.4123
10.0775510204082 73.5152
10.0816326530612 69.7434
10.0857142857143 54.1211
10.0897959183673 54.833
10.0938775510204 50.6642
10.0979591836735 53.1202
10.1020408163265 54.7996
10.1061224489796 41.7614
10.1102040816327 32.8723
10.1142857142857 20.2395
10.1183673469388 10.0824
10.1224489795918 10.143
10.1265306122449 13.1525
10.130612244898 13.0847
10.134693877551 4.99827
10.1387755102041 8.23283
10.1428571428571 4.79442
10.1469387755102 8.42094
10.1510204081633 3.5342
10.1551020408163 10.1275
10.1591836734694 6.63543
10.1632653061224 1.01542
10.1673469387755 0.0
10.1714285714286 0.0
10.1755102040816 0.0
10.1795918367347 0.0
10.1836734693878 0.0
10.1877551020408 0.0
10.1918367346939 0.0
10.1959183673469 0.0
10.2 7.14517
10.2040816326531 1.97875
10.2081632653061 9.02331
10.2122448979592 13.3762
10.2163265306122 15.0959
10.2204081632653 8.97646
10.2244897959184 7.44402
10.2285714285714 8.63051
10.2326530612245 7.71379
10.2367346938776 2.39766
10.2408163265306 0.0
10.2448979591837 0.0
10.2489795918367 0.0
10.2530612244898 0.0
10.2571428571429 0.0
10.2612244897959 0.0
10.265306122449 0.0
10.269387755102 0.0
10.2734693877551 0.0
10.2775510204082 0.0
10.2816326530612 0.0
10.2857142857143 0.0
10.2897959183673 0.0
10.2938775510204 0.0
10.2979591836735 0.0
10.3020408163265 4.55534
10.3061224489796 30.8505
10.3102040816327 62.56
10.3142857142857 88.7495
10.3183673469388 102.886
10.3224489795918 108.581
10.3265306122449 97.0675
10.330612244898 88.4487
10.334693877551 83.0992
10.3387755102041 63.5501
10.3428571428571 48.4909
10.3469387755102 25.0659
10.3510204081633 4.00913
10.3551020408163 0.0
10.3591836734694 0.0
10.3632653061224 0.0
10.3673469387755 0.0
10.3714285714286 0.0
10.3755102040816 0.0
10.3795918367347 0.0
10.3836734693878 0.0
10.3877551020408 0.0
10.3918367346939 14.4878
10.3959183673469 42.7936
10.4 54.1251
10.4040816326531 54.0183
10.4081632653061 49.9119
10.4122448979592 43.6378
10.4163265306122 53.1286
10.4204081632653 43.3362
10.4244897959184 28.2437
10.4285714285714 27.8156
10.4326530612245 19.8299
10.4367346938776 7.28726
10.4408163265306 2.20728
10.4448979591837 0.0
10.4489795918367 7.63416
10.4530612244898 2.56252
10.4571428571429 0.0
10.4612244897959 0.0
10.465306122449 0.0
10.469387755102 0.0
10.4734693877551 0.0
10.4775510204082 0.0
10.4816326530612 0.0
10.4857142857143 0.0
10.4897959183673 0.0
10.4938775510204 0.0
10.4979591836735 0.0
10.5020408163265 0.0
10.5061224489796 7.62105
10.5102040816327 0.143409
10.5142857142857 0.38445
10.5183673469388 9.77218
10.5224489795918 7.34401
10.5265306122449 23.8786
10.530612244898 43.0052
10.534693877551 39.2673
10.5387755102041 29.5625
10.5428571428571 16.8128
10.5469387755102 16.463
10.5510204081633 7.14254
10.5551020408163 3.62134
10.5591836734694 0.0
10.5632653061224 0.0
10.5673469387755 0.0
10.5714285714286 0.0
10.5755102040816 0.0
10.5795918367347 0.0
10.5836734693878 0.0
10.5877551020408 0.0
10.5918367346939 0.0
10.5959183673469 0.0
10.6 0.0
10.6040816326531 0.0
10.6081632653061 0.0
10.6122448979592 0.0
10.6163265306122 0.0
10.6204081632653 10.1911
10.6244897959184 11.3204
10.6285714285714 5.12445
10.6326530612245 51.6102
10.6367346938776 75.6792
10.6408163265306 100.072
10.6448979591837 106.504
10.6489795918367 101.918
10.6530612244898 88.501
10.6571428571429 82.0106
10.6612244897959 68.3686
10.665306122449 48.8915
10.669387755102 29.5109
10.6734693877551 19.3547
10.6775510204082 4.39191
10.6816326530612 0.0
10.6857142857143 0.0
10.6897959183673 0.0
10.6938775510204 0.0
10.6979591836735 0.0
10.7020408163265 0.0
10.7061224489796 0.0
10.7102040816327 0.0
10.7142857142857 0.0
10.7183673469388 0.0
10.7224489795918 0.0
10.7265306122449 0.0
10.730612244898 0.0
10.734693877551 0.0
10.7387755102041 0.0
10.7428571428571 0.0
10.7469387755102 0.454366
10.7510204081633 8.90219
10.7551020408163 9.34422
10.7591836734694 6.00445
10.7632653061224 5.56087
10.7673469387755 10.5704
10.7714285714286 10.98
10.7755102040816 3.39925
10.7795918367347 0.0
10.7836734693878 0.0
10.7877551020408 0.0
10.7918367346939 0.0
10.7959183673469 0.0
10.8 0.0
10.8040816326531 0.0
10.8081632653061 0.0
10.8122448979592 0.0
10.8163265306122 0.0
10.8204081632653 0.0
10.8244897959184 7.24989
10.8285714285714 15.1857
10.8326530612245 15.1072
10.8367346938776 24.1457
10.8408163265306 27.1353
10.8448979591837 32.2317
10.8489795918367 32.9984
10.8530612244898 34.2232
10.8571428571429 30.5409
10.8612244897959 39.3367
10.865306122449 33.1665
10.869387755102 29.9831
10.8734693877551 26.3253
10.8775510204082 14.8563
10.8816326530612 8.52627
10.8857142857143 0.878274
10.8897959183673 0.0
10.8938775510204 0.0
10.8979591836735 0.0
10.9020408163265 0.0
10.9061224489796 0.0
10.9102040816327 0.0
10.9142857142857 0.0
10.9183673469388 0.0
10.9224489795918 29.3784
10.9265306122449 67.2705
10.930612244898 100.638
10.934693877551 109.892
10.9387755102041 96.6524
10.9428571428571 88.7523
10.9469387755102 74.698
10.9510204081633 58.552
10.9551020408163 43.9671
10.9591836734694 34.544
10.9632653061224 17.265
10.9673469387755 10.2936
10.9714285714286 5.72884
10.9755102040816 3.07226
10.9795918367347 0.0
10.9836734693878 0.0
10.9877551020408 0.0
10.9918367346939 0.0
10.9959183673469 0.0
11.0 0.0
11.0040816326531 0.0
11.0081632653061 0.0
11.0122448979592 0.0
11.0163265306122 5.99933
11.0204081632653 7.14135
11.0244897959184 8.48162
11.0285714285714 13.4777
11.0326530612245 21.3126
11.0367346938776 17.3724
11.0408163265306 42.5347
11.0448979591837 40.1644
11.0489795918367 50.9288
11.0530612244898 52.4428
11.0571428571429 59.7606
11.0612244897959 67.1095
11.065306122449 69.2729
11.069387755102 66.6727
11.0734693877551 68.2644
11.0775510204082 55.9165
11.0816326530612 36.7688
11.0857142857143 14.7954
11.0897959183673 5.24449
11.0938775510204 0.0
11.0979591836735 0.0
11.1020408163265 0.0
11.1061224489796 0.0
11.1102040816327 0.0
11.1142857142857 0.0
11.1183673469388 0.0
11.1224489795918 0.0
11.1265306122449 0.0
11.130612244898 0.0
11.134693877551 0.0
11.1387755102041 0.0
11.1428571428571 0.0
11.1469387755102 0.0
11.1510204081633 1.25146
11.1551020408163 3.18408
11.1591836734694 3.21484
11.1632653061224 13.5578
11.1673469387755 7.7821
11.1714285714286 9.01651
11.1755102040816 9.89676
11.1795918367347 3.47209
11.1836734693878 2.3495
11.1877551020408 0.0
11.1918367346939 0.0
11.1959183673469 0.0
11.2 0.0
11.2040816326531 0.0
11.2081632653061 0.0
11.2122448979592 0.551939
11.2163265306122 0.0
11.2204081632653 0.0
11.2244897959184 0.0
11.2285714285714 0.0
11.2326530612245 0.0
11.2367346938776 0.0
11.2408163265306 0.0
11.2448979591837 0.0
11.2489795918367 0.0
11.2530612244898 0.0
11.2571428571429 0.0
11.2612244897959 0.0
11.265306122449 0.0
11.269387755102 0.0
11.2734693877551 0.0
11.2775510204082 0.0
11.2816326530612 0.487983
11.2857142857143 0.0
11.2897959183673 4.4446
11.2938775510204 4.41056
11.2979591836735 14.6965
11.3020408163265 17.7085
11.3061224489796 22.588
11.3102040816327 32.7123
11.3142857142857 44.268
11.3183673469388 56.1826
11.3224489795918 62.1134
11.3265306122449 64.9023
11.330612244898 68.5254
11.334693877551 65.9714
11.3387755102041 60.7126
11.3428571428571 45.2718
11.3469387755102 31.7854
11.3510204081633 22.0543
11.3551020408163 2.4904
11.3591836734694 8.08728
11.3632653061224 16.6385
11.3673469387755 3.29328
11.3714285714286 0.0
11.3755102040816 0.0
11.3795918367347 13.6843
11.3836734693878 18.3357
11.3877551020408 19.5248
11.3918367346939 6.92427
11.3959183673469 5.92506
11.4 0.0107288
11.4040816326531 0.0
11.4081632653061 0.0
11.4122448979592 0.0
11.4163265306122 0.0
11.4204081632653 0.0
11.4244897959184 0.0
11.4285714285714 0.0
11.4326530612245 0.0
11.4367346938776 0.0
11.4408163265306 0.0
11.4448979591837 0.0
11.4489795918367 0.0
11.4530612244898 0.0
11.4571428571429 0.0
11.4612244897959 2.26891
11.465306122449 0.0
11.469387755102 0.712752
11.4734693877551 0.0
11.4775510204082 0.0
11.4816326530612 0.0
11.4857142857143 0.0
11.4897959183673 0.0
11.4938775510204 1.56647
11.4979591836735 2.67291
11.5020408163265 1.9865
11.5061224489796 0.0
11.5102040816327 3.87138
11.5142857142857 0.881732
11.5183673469388 0.63014
11.5224489795918 3.73358
11.5265306122449 1.6489
11.530612244898 0.317097
11.534693877551 0.0
11.5387755102041 0.0
11.5428571428571 0.0
11.5469387755102 1.43892
11.5510204081633 7.63613
11.5551020408163 33.0969
11.5591836734694 52.9176
11.5632653061224 52.327
11.5673469387755 51.9553
11.5714285714286 47.4181
11.5755102040816 32.0388
11.5795918367347 11.6441
11.5836734693878 9.22954
11.5877551020408 3.92473
11.5918367346939 0.0
11.5959183673469 0.0
11.6 0.0
11.6040816326531 0.0
11.6081632653061 0.0
11.6122448979592 0.0
11.6163265306122 0.0
11.6204081632653 0.0
11.6244897959184 0.0
11.6285714285714 0.0
11.6326530612245 0.0
11.6367346938776 0.0
11.6408163265306 0.0
11.6448979591837 0.0
11.6489795918367 0.0
11.6530612244898 0.0
11.6571428571429 0.0
11.6612244897959 0.0
11.665306122449 0.0
11.669387755102 0.0
11.6734693877551 0.0
11.6775510204082 0.0
11.6816326530612 0.0
11.6857142857143 0.0
11.6897959183673 0.0
11.6938775510204 0.0
11.6979591836735 0.0
11.7020408163265 7.02232
11.7061224489796 3.25054
11.7102040816327 8.23545
11.7142857142857 2.10088
11.7183673469388 0.0
11.7224489795918 5.08577
11.7265306122449 2.0647
11.730612244898 2.6435
11.734693877551 0.0
11.7387755102041 0.0
11.7428571428571 0.0
11.7469387755102 0.0
11.7510204081633 0.0
11.7551020408163 0.0
11.7591836734694 10.1215
11.7632653061224 20.7083
11.7673469387755 45.6727
11.7714285714286 112.7
11.7755102040816 99.7522
11.7795918367347 138.994
11.7836734693878 162.346
11.7877551020408 159.571
11.7918367346939 144.431
11.7959183673469 124.621
11.8 95.4776
11.8040816326531 68.6399
11.8081632653061 48.1404
11.8122448979592 33.1057
11.8163265306122 17.7449
11.8204081632653 0.0
11.8244897959184 0.0
11.8285714285714 0.0
11.8326530612245 0.0
11.8367346938776 0.0
11.8408163265306 0.0
11.8448979591837 0.0
11.8489795918367 0.0
11.8530612244898 0.0
11.8571428571429 0.0
11.8612244897959 0.113726
11.865306122449 0.0
11.869387755102 0.0
11.8734693877551 0.0
11.8775510204082 0.0
11.8816326530612 0.0
11.8857142857143 0.0
11.8897959183673 0.0
11.8938775510204 0.0
11.8979591836735 0.0
11.9020408163265 0.0
11.9061224489796 0.0
11.9102040816327 1.61934
11.9142857142857 26.7439
11.9183673469388 54.8459
11.9224489795918 58.3667
11.9265306122449 66.7567
11.930612244898 62.9152
11.934693877551 49.9863
11.9387755102041 34.7185
11.9428571428571 21.3006
11.9469387755102 9.22757
11.9510204081633 0.0
11.9551020408163 0.0
11.9591836734694 0.0
11.9632653061224 0.0
11.9673469387755 0.0
11.9714285714286 0.0
11.9755102040816 0.0
11.9795918367347 0.0
11.9836734693878 0.0
11.9877551020408 0.0
11.9918367346939 0.0
11.9959183673469 0.0
12.0 0.0
12.0040816326531 1.99842
12.0081632653061 11.82
12.0122448979592 46.1673
12.0163265306122 72.1508
12.0204081632653 75.0954
12.0244897959184 60.6172
12.0285714285714 54.3957
12.0326530612245 41.1185
12.0367346938776 26.7731
12.0408163265306 18.0506
12.0448979591837 6.338
12.0489795918367 0.0
12.0530612244898 0.0
12.0571428571429 0.0
12.0612244897959 0.0
12.065306122449 0.0
12.069387755102 0.0
12.0734693877551 0.0
12.0775510204082 0.0
12.0816326530612 0.0
12.0857142857143 0.0
12.0897959183673 0.0
12.0938775510204 0.0
12.0979591836735 0.0
12.1020408163265 0.0
12.1061224489796 0.0
12.1102040816327 0.0
12.1142857142857 0.0
12.1183673469388 0.0
12.1224489795918 0.0
12.1265306122449 0.0
12.130612244898 9.49591
12.134693877551 16.8767
12.1387755102041 23.6667
12.1428571428571 37.0709
12.1469387755102 35.7259
12.1510204081633 38.392
12.1551020408163 35.6268
12.1591836734694 37.8238
12.1632653061224 28.9261
12.1673469387755 20.9517
12.1714285714286 11.8087
12.1755102040816 7.31468
12.1795918367347 1.31983
12.1836734693878 0.0
12.1877551020408 6.7668
12.1918367346939 26.085
12.1959183673469 30.9721
12.2 31.0827
12.2040816326531 31.2111
12.2081632653061 22.2592
12.2122448979592 8.78906
12.2163265306122 12.4506
12.2204081632653 12.7544
12.2244897959184 8.31294
12.2285714285714 8.7142
12.2326530612245 6.91843
12.2367346938776 20.2271
12.2408163265306 35.7827
12.2448979591837 50.9893
12.2489795918367 32.2906
12.2530612244898 24.3025
12.2571428571429 11.7062
12.2612244897959 12.6648
12.265306122449 5.92721
12.269387755102 0.978231
12.2734693877551 0.0
12.2775510204082 0.0
12.2816326530612 0.0
12.2857142857143 0.0
12.2897959183673 0.0
12.2938775510204 0.0
12.2979591836735 0.0
12.3020408163265 0.0
12.3061224489796 0.0
12.3102040816327 0.0
12.3142857142857 0.0
12.3183673469388 0.0
12.3224489795918 5.51307
12.3265306122449 16.1787
12.330612244898 18.0895
12.334693877551 24.0282
12.3387755102041 18.243
12.3428571428571 16.407
12.3469387755102 15.9947
12.3510204081633 19.1007
12.3551020408163 20.2504
12.3591836734694 19.6643
12.3632653061224 15.3114
12.3673469387755 12.0394
12.3714285714286 0.0
12.3755102040816 0.0
12.3795918367347 0.0
12.3836734693878 0.0
12.3877551020408 0.0
12.3918367346939 0.0
12.3959183673469 0.0
12.4 0.0
12.4040816326531 0.0
12.4081632653061 0.0
12.4122448979592 0.0
12.4163265306122 0.0
12.4204081632653 0.0
12.4244897959184 0.0
12.4285714285714 0.0
12.4326530612245 0.0
12.4367346938776 0.0
12.4408163265306 0.0
12.4448979591837 2.80243
12.4489795918367 9.25499
12.4530612244898 30.1296
12.4571428571429 52.2026
12.4612244897959 71.1226
12.465306122449 62.2386
12.469387755102 34.3748
12.4734693877551 20.9306
12.4775510204082 11.5162
12.4816326530612 0.0
12.4857142857143 0.0
12.4897959183673 0.0
12.4938775510204 0.0
12.4979591836735 0.0
12.5020408163265 0.0
12.5061224489796 0.0
12.5102040816327 0.0
12.5142857142857 0.0
12.5183673469388 1.06543
12.5224489795918 0.0
12.5265306122449 0.0
12.530612244898 0.0
12.534693877551 0.0
12.5387755102041 0.0
12.5428571428571 0.0
12.5469387755102 0.643134
12.5510204081633 7.49201
12.5551020408163 24.9763
12.5591836734694 38.0293
12.5632653061224 67.3712
12.5673469387755 62.1468
12.5714285714286 60.2323
12.5755102040816 41.1695
12.5795918367347 41.2143
12.5836734693878 30.6078
12.5877551020408 21.0738
12.5918367346939 9.08339
12.5959183673469 7.25645
12.6 0.647902
12.6040816326531 8.58849
12.6081632653061 27.4889
12.6122448979592 38.9904
12.6163265306122 58.7823
12.6204081632653 89.5575
12.6244897959184 96.8129
12.6285714285714 87.6765
12.6326530612245 78.9635
12.6367346938776 60.2889
12.6408163265306 49.9041
12.6448979591837 27.2018
12.6489795918367 18.4667
12.6530612244898 4.95076
12.6571428571429 0.0
12.6612244897959 0.0
12.665306122449 0.0
12.669387755102 4.56834
12.6734693877551 0.0
12.6775510204082 0.0
12.6816326530612 1.86825
12.6857142857143 0.519514
12.6897959183673 0.0
12.6938775510204 0.0
12.6979591836735 0.0
12.7020408163265 0.0
12.7061224489796 0.0
12.7102040816327 0.0
12.7142857142857 0.0
12.7183673469388 0.0
12.7224489795918 0.0
12.7265306122449 0.0
12.730612244898 5.58639
12.734693877551 40.2981
12.7387755102041 48.35
12.7428571428571 43.2746
12.7469387755102 40.2645
12.7510204081633 28.3241
12.7551020408163 25.7387
12.7591836734694 16.8705
12.7632653061224 12.3081
12.7673469387755 35.2581
12.7714285714286 36.0705
12.7755102040816 35.4387
12.7795918367347 34.2734
12.7836734693878 29.8398
12.7877551020408 30.0424
12.7918367346939 18.3684
12.7959183673469 1.20652
12.8 0.0
12.8040816326531 0.289321
12.8081632653061 0.0
12.8122448979592 0.0
12.8163265306122 0.0
12.8204081632653 0.0
12.8244897959184 0.0
12.8285714285714 0.0
12.8326530612245 0.0
12.8367346938776 0.0
12.8408163265306 7.12299
12.8448979591837 20.0475
12.8489795918367 32.4619
12.8530612244898 35.5525
12.8571428571429 33.1485
12.8612244897959 31.773
12.865306122449 25.5982
12.869387755102 16.9395
12.8734693877551 6.51693
12.8775510204082 1.55675
12.8816326530612 0.0
12.8857142857143 0.0
12.8897959183673 0.0
12.8938775510204 0.0
12.8979591836735 0.0
12.9020408163265 0.0
12.9061224489796 0.0
12.9102040816327 0.0
12.9142857142857 0.0
12.9183673469388 0.0
12.9224489795918 0.0
12.9265306122449 0.810981
12.930612244898 6.55067
12.934693877551 3.76892
12.9387755102041 0.902414
12.9428571428571 0.0
12.9469387755102 0.0
12.9510204081633 0.0
12.9551020408163 0.0
12.9591836734694 0.0
12.9632653061224 0.0
12.9673469387755 0.0
12.9714285714286 0.0
12.9755102040816 0.0
12.9795918367347 0.379801
12.9836734693878 2.77388
12.9877551020408 3.50118
12.9918367346939 8.97157
12.9959183673469 4.67587
13.0 0.679851
13.0040816326531 1.09816
13.0081632653061 1.17189
13.0122448979592 0.0
13.0163265306122 0.0
13.0204081632653 0.0
13.0244897959184 0.0
13.0285714285714 0.0
13.0326530612245 0.0
13.0367346938776 0.0
13.0408163265306 0.0
13.0448979591837 0.0
13.0489795918367 0.0
13.0530612244898 0.0
13.0571428571429 0.0
13.0612244897959 0.0
13.065306122449 3.77738
13.069387755102 13.5604
13.0734693877551 55.5198
13.0775510204082 90.179
13.0816326530612 121.613
13.0857142857143 130.325
13.0897959183673 115.54
13.0938775510204 98.9772
13.0979591836735 83.1665
13.1020408163265 59.0734
13.1061224489796 38.7222
13.1102040816327 36.3741
13.1142857142857 20.7746
13.1183673469388 6.85406
13.1224489795918 0.0
13.1265306122449 0.0
13.130612244898 0.0
13.134693877551 0.0
13.1387755102041 0.0
13.1428571428571 0.0
13.1469387755102 0.0
13.1510204081633 0.0
13.1551020408163 0.0
13.1591836734694 0.0
13.1632653061224 0.0
13.1673469387755 0.0
13.1714285714286 0.0
13.1755102040816 0.0
13.1795918367347 0.0
13.1836734693878 0.0
13.1877551020408 0.0
13.1918367346939 0.0
13.1959183673469 0.0
13.2 0.0
13.2040816326531 0.0
13.2081632653061 0.0
13.2122448979592 0.0
13.2163265306122 0.0
13.2204081632653 0.0
13.2244897959184 0.0
13.2285714285714 0.0
13.2326530612245 0.0
13.2367346938776 0.0
13.2408163265306 0.0
13.2448979591837 3.28839
13.2489795918367 3.17717
13.2530612244898 3.62885
13.2571428571429 4.29726
13.2612244897959 0.0
13.265306122449 0.0
13.269387755102 0.0
13.2734693877551 0.0
13.2775510204082 0.0
13.2816326530612 0.0
13.2857142857143 0.0
13.2897959183673 0.0
13.2938775510204 0.0
13.2979591836735 0.0
13.3020408163265 2.45351
13.3061224489796 5.44989
13.3102040816327 14.584
13.3142857142857 23.1234
13.3183673469388 30.1139
13.3224489795918 34.4606
13.3265306122449 42.5874
13.330612244898 33.0463
13.334693877551 28.8659
13.3387755102041 22.0712
13.3428571428571 11.8091
13.3469387755102 9.61703
13.3510204081633 6.33991
13.3551020408163 0.0
13.3591836734694 0.0
13.3632653061224 0.0
13.3673469387755 6.15454
13.3714285714286 19.0087
13.3755102040816 22.7625
13.3795918367347 24.1314
13.3836734693878 36.0082
13.3877551020408 21.2406
13.3918367346939 3.67916
13.3959183673469 0.0
13.4 0.0
13.4040816326531 0.0
13.4081632653061 0.0
13.4122448979592 0.0
13.4163265306122 0.0
13.4204081632653 0.0
13.4244897959184 0.0
13.4285714285714 0.0
13.4326530612245 0.0
13.4367346938776 0.0
13.4408163265306 0.0
13.4448979591837 0.0
13.4489795918367 11.8099
13.4530612244898 31.406
13.4571428571429 25.6328
13.4612244897959 44.0176
13.465306122449 34.8989
13.469387755102 17.0777
13.4734693877551 1.38664
13.4775510204082 21.9499
13.4816326530612 0.0
13.4857142857143 1.77312
13.4897959183673 0.0
13.4938775510204 0.0
13.4979591836735 0.0
13.5020408163265 51.6162
13.5061224489796 92.897
13.5102040816327 130.285
13.5142857142857 125.178
13.5183673469388 114.414
13.5224489795918 109.796
13.5265306122449 96.4688
13.530612244898 83.8376
13.534693877551 69.2877
13.5387755102041 51.3856
13.5428571428571 33.3495
13.5469387755102 16.3114
13.5510204081633 1.49262
13.5551020408163 0.0
13.5591836734694 0.0
13.5632653061224 0.0
13.5673469387755 0.0
13.5714285714286 0.0
13.5755102040816 0.0
13.5795918367347 0.0
13.5836734693878 0.0
13.5877551020408 0.0
13.5918367346939 0.0
13.5959183673469 0.0
13.6 3.13628
13.6040816326531 1.95885
13.6081632653061 11.6957
13.6122448979592 14.01
13.6163265306122 8.44562
13.6204081632653 5.78749
13.6244897959184 4.8008
13.6285714285714 0.0
13.6326530612245 0.0
13.6367346938776 1.70994
13.6408163265306 0.0
13.6448979591837 0.0
13.6489795918367 0.0
13.6530612244898 0.0
13.6571428571429 0.0
13.6612244897959 0.0
13.665306122449 0.0
13.669387755102 0.0
13.6734693877551 0.0
13.6775510204082 0.0
13.6816326530612 0.0
13.6857142857143 0.0
13.6897959183673 0.0
13.6938775510204 0.0
13.6979591836735 0.0
13.7020408163265 0.0
13.7061224489796 0.0
13.7102040816327 0.0
13.7142857142857 0.0
13.7183673469388 0.0
13.7224489795918 5.82325
13.7265306122449 22.1136
13.730612244898 57.166
13.734693877551 68.0754
13.7387755102041 87.456
13.7428571428571 106.238
13.7469387755102 99.9766
13.7510204081633 88.0268
13.7551020408163 70.5732
13.7591836734694 48.5418
13.7632653061224 45.2689
13.7673469387755 22.0523
13.7714285714286 10.8601
13.7755102040816 0.485897
13.7795918367347 0.0
13.7836734693878 0.0
13.7877551020408 0.0
13.7918367346939 0.0
13.7959183673469 0.0
13.8 0.0
13.8040816326531 0.0
13.8081632653061 0.0
13.8122448979592 0.0
13.8163265306122 0.0
13.8204081632653 0.0
13.8244897959184 0.0
13.8285714285714 0.0
13.8326530612245 0.0
13.8367346938776 0.0
13.8408163265306 0.0
13.8448979591837 0.0
13.8489795918367 0.0
13.8530612244898 0.0
13.8571428571429 0.0
13.8612244897959 0.0
13.865306122449 0.597596
13.869387755102 0.880122
13.8734693877551 0.0
13.8775510204082 0.0
13.8816326530612 0.0
13.8857142857143 0.0
13.8897959183673 0.0
13.8938775510204 0.0
13.8979591836735 0.0
13.9020408163265 0.0
13.9061224489796 0.0
13.9102040816327 0.0
13.9142857142857 0.0
13.9183673469388 0.0
13.9224489795918 0.0
13.9265306122449 19.0414
13.930612244898 38.3004
13.934693877551 48.4369
13.9387755102041 98.5352
13.9428571428571 121.272
13.9469387755102 129.12
13.9510204081633 118.856
13.9551020408163 96.6642
13.9591836734694 89.1246
13.9632653061224 84.3189
13.9673469387755 67.0182
13.9714285714286 58.0564
13.9755102040816 34.8307
13.9795918367347 18.8969
13.9836734693878 0.223398
13.9877551020408 0.0
13.9918367346939 0.0
13.9959183673469 0.0
14.0 0.0
14.0040816326531 0.0
14.0081632653061 0.0
14.0122448979592 0.0
14.0163265306122 0.0
14.0204081632653 0.0
14.0244897959184 0.0
14.0285714285714 0.0
14.0326530612245 5.00917
14.0367346938776 25.4681
14.0408163265306 15.3661
14.0448979591837 5.8949
14.0489795918367 0.0
14.0530612244898 0.0
14.0571428571429 0.0
14.0612244897959 6.60861
14.065306122449 14.3408
14.069387755102 18.3411
14.0734693877551 14.3777
14.0775510204082 7.81864
14.0816326530612 5.64325
14.0857142857143 2.46882
14.0897959183673 0.171185
14.0938775510204 0.0
14.0979591836735 0.0
14.1020408163265 0.0
14.1061224489796 0.0
14.1102040816327 0.0
14.1142857142857 0.0
14.1183673469388 0.0
14.1224489795918 0.0
14.1265306122449 2.73514
14.130612244898 23.468
14.134693877551 31.3448
14.1387755102041 27.8984
14.1428571428571 26.54
14.1469387755102 38.7844
14.1510204081633 36.0596
14.1551020408163 25.3766
14.1591836734694 51.9573
14.1632653061224 43.431
14.1673469387755 29.4845
14.1714285714286 20.746
14.1755102040816 15.7624
14.1795918367347 25.9279
14.1836734693878 17.0022
14.1877551020408 13.0751
14.1918367346939 10.7933
14.1959183673469 0.203967
14.2 0.0
14.2040816326531 0.0
14.2081632653061 0.0
14.2122448979592 0.0
14.2163265306122 0.0
14.2204081632653 0.0
14.2244897959184 0.0
14.2285714285714 0.0
14.2326530612245 0.0
14.2367346938776 0.0
14.2408163265306 0.0
14.2448979591837 0.0
14.2489795918367 0.0
14.2530612244898 0.0
14.2571428571429 0.0
14.2612244897959 0.0
14.265306122449 3.53479
14.269387755102 13.989
14.2734693877551 11.7544
14.2775510204082 16.1652
14.2816326530612 24.3079
14.2857142857143 25.6684
14.2897959183673 12.9368
14.2938775510204 8.63087
14.2979591836735 4.17584
14.3020408163265 0.0
14.3061224489796 0.0
14.3102040816327 0.00834465
14.3142857142857 17.0711
14.3183673469388 79.9108
14.3224489795918 101.648
14.3265306122449 101.024
14.330612244898 87.2052
14.334693877551 66.3124
14.3387755102041 44.5368
14.3428571428571 30.1955
14.3469387755102 13.4262
14.3510204081633 3.11291
14.3551020408163 0.0
14.3591836734694 0.0
14.3632653061224 0.0
14.3673469387755 0.0
14.3714285714286 0.0
14.3755102040816 0.0
14.3795918367347 0.0
14.3836734693878 0.0
14.3877551020408 4.05598
14.3918367346939 21.0081
14.3959183673469 13.0242
14.4 7.56007
14.4040816326531 5.41955
14.4081632653061 5.84388
14.4122448979592 0.0
14.4163265306122 0.0
14.4204081632653 0.0
14.4244897959184 0.0
14.4285714285714 0.0
14.4326530612245 0.0
14.4367346938776 0.0
14.4408163265306 0.0
14.4448979591837 0.0
14.4489795918367 0.0
14.4530612244898 0.0
14.4571428571429 15.4272
14.4612244897959 8.36396
14.465306122449 4.12714
14.469387755102 32.741
14.4734693877551 66.3196
14.4775510204082 84.3583
14.4816326530612 91.1301
14.4857142857143 93.4547
14.4897959183673 75.1837
14.4938775510204 64.8465
14.4979591836735 48.5533
14.5020408163265 31.152
14.5061224489796 18.663
14.5102040816327 6.46889
14.5142857142857 0.0
14.5183673469388 0.0
14.5224489795918 0.0
14.5265306122449 0.0
14.530612244898 0.0
14.534693877551 0.0
14.5387755102041 0.0
14.5428571428571 0.0
14.5469387755102 3.75319
14.5510204081633 9.72962
14.5551020408163 18.6188
14.5591836734694 26.4409
14.5632653061224 38.4746
14.5673469387755 43.1436
14.5714285714286 51.5049
14.5755102040816 65.4731
14.5795918367347 47.1567
14.5836734693878 29.1618
14.5877551020408 20.7955
14.5918367346939 13.249
14.5959183673469 8.38244
14.6 0.0
14.6040816326531 0.0
14.6081632653061 0.0
14.6122448979592 0.0
14.6163265306122 0.0
14.6204081632653 0.0
14.6244897959184 0.0
14.6285714285714 0.0
14.6326530612245 0.0
14.6367346938776 0.0
14.6408163265306 0.0
14.6448979591837 0.0
14.6489795918367 0.0
14.6530612244898 0.0
14.6571428571429 0.0
14.6612244897959 0.0
14.665306122449 0.0
14.669387755102 0.0
14.6734693877551 0.0
14.6775510204082 0.0
14.6816326530612 0.0
14.6857142857143 0.0
14.6897959183673 0.0
14.6938775510204 0.0
14.6979591836735 2.21008
14.7020408163265 5.12964
14.7061224489796 7.72423
14.7102040816327 9.29093
14.7142857142857 0.0
14.7183673469388 0.0
14.7224489795918 0.0
14.7265306122449 0.0
14.730612244898 0.0
14.734693877551 0.0
14.7387755102041 0.0
14.7428571428571 0.0
14.7469387755102 0.0
14.7510204081633 0.0
14.7551020408163 0.0
14.7591836734694 13.5826
14.7632653061224 43.1812
14.7673469387755 57.072
14.7714285714286 95.545
14.7755102040816 125.456
14.7795918367347 122.158
14.7836734693878 119.361
14.7877551020408 96.4619
14.7918367346939 76.5821
14.7959183673469 60.8445
14.8 53.7435
14.8040816326531 59.3404
14.8081632653061 42.2871
14.8122448979592 24.5563
14.8163265306122 22.7605
14.8204081632653 9.49323
14.8244897959184 0.0
14.8285714285714 0.0
14.8326530612245 0.0
14.8367346938776 0.0
14.8408163265306 0.0
14.8448979591837 0.0
14.8489795918367 0.0
14.8530612244898 0.0
14.8571428571429 0.0
14.8612244897959 0.0
14.865306122449 0.0
14.869387755102 0.0
14.8734693877551 0.0
14.8775510204082 0.0
14.8816326530612 0.0
14.8857142857143 0.0
14.8897959183673 0.0
14.8938775510204 0.0
14.8979591836735 0.0
14.9020408163265 0.0
14.9061224489796 0.0
14.9102040816327 0.0
14.9142857142857 0.0
14.9183673469388 0.0
14.9224489795918 0.0
14.9265306122449 0.0
14.930612244898 0.0
14.934693877551 0.0
14.9387755102041 0.0
14.9428571428571 0.0
14.9469387755102 0.0
14.9510204081633 0.0
14.9551020408163 0.0
14.9591836734694 0.0
14.9632653061224 0.0
14.9673469387755 7.49683
14.9714285714286 12.0003
14.9755102040816 8.35228
14.9795918367347 11.6974
14.9836734693878 14.9423
14.9877551020408 16.5485
14.9918367346939 11.0339
14.9959183673469 5.44643
15.0 1.68443
