1.62448979591837 1
2.04897959183673 1
2.56326530612245 1
2.87755102040816 1
3.27755102040816 1
3.4 1
3.71428571428571 1
4.24897959183674 1
4.55918367346939 1
4.97959183673469 1
5.09387755102041 1
5.41224489795918 1
5.7265306122449 1
5.93877551020408 1
6.24897959183674 1
6.46938775510204 1
7.54285714285714 1
7.96326530612245 1
8.38775510204082 1
8.73061224489796 1
9.66530612244898 1
10.0 1
10.3224489795918 1
10.6448979591837 1
10.934693877551 1
11.330612244898 1
11.7836734693878 1
13.0857142857143 1
13.5102040816327 1
13.7428571428571 1
13.9469387755102 1
14.3224489795918 1
14.4857142857143 1
14.7755102040816 1
