0.00408163265306122 6.37151
0.00816326530612245 28.3638
0.0122448979591837 33.5662
0.0163265306122449 36.5078
0.0204081632653061 33.6741
0.0244897959183673 18.3024
0.0285714285714286 16.5538
0.0326530612244898 17.0441
0.036734693877551 14.5094
0.0408163265306122 11.1747
0.0448979591836735 7.55852
0.0489795918367347 3.15978
0.0530612244897959 0.0
0.0571428571428571 0.0
0.0612244897959184 0.0
0.0653061224489796 0.0
0.0693877551020408 0.0
0.073469387755102 0.0
0.0775510204081633 0.0
0.0816326530612245 0.0
0.0857142857142857 0.0
0.0897959183673469 0.0
0.0938775510204082 0.0
0.0979591836734694 0.377297
0.102040816326531 3.25991
0.106122448979592 5.74577
0.110204081632653 2.57374
0.114285714285714 12.1405
0.118367346938776 25.0482
0.122448979591837 22.8246
0.126530612244898 17.1605
0.130612244897959 27.6176
0.13469387755102 30.9855
0.138775510204082 21.5404
0.142857142857143 17.166
0.146938775510204 13.1858
0.151020408163265 12.7099
0.155102040816327 18.3238
0.159183673469388 18.0268
0.163265306122449 0.232063
0.16734693877551 8.62178
0.171428571428571 3.79275
0.175510204081633 2.11579
0.179591836734694 0.0
0.183673469387755 0.0
0.187755102040816 0.0
0.191836734693878 0.0
0.195918367346939 0.0
0.2 0.0
0.204081632653061 0.0
0.208163265306122 3.74812
0.212244897959184 25.5692
0.216326530612245 25.1286
0.220408163265306 32.7405
0.224489795918367 55.6505
0.228571428571429 55.0068
0.23265306122449 62.2776
0.236734693877551 70.4433
0.240816326530612 68.838
0.244897959183673 38.8325
0.248979591836735 44.838
0.253061224489796 23.4117
0.257142857142857 15.876
0.261224489795918 2.09423
0.26530612244898 0.0
0.269387755102041 0.0
0.273469387755102 0.0
0.277551020408163 0.0
0.281632653061224 0.0
0.285714285714286 0.0
0.289795918367347 0.0
0.293877551020408 0.0
0.297959183673469 0.0
0.302040816326531 0.0
0.306122448979592 0.0
0.310204081632653 0.0
0.314285714285714 0.0
0.318367346938775 0.0
0.322448979591837 0.0
0.326530612244898 0.0
0.330612244897959 0.0
0.33469387755102 0.0
0.338775510204082 0.0
0.342857142857143 0.0
0.346938775510204 0.0
0.351020408163265 0.0
0.355102040816327 0.0
0.359183673469388 0.0
0.363265306122449 0.0
0.36734693877551 0.0
0.371428571428571 0.0
0.375510204081633 3.06369
0.379591836734694 0.0
0.383673469387755 1.3507
0.387755102040816 7.24947
0.391836734693878 7.61427
0.395918367346939 9.23967
0.4 5.66185
0.404081632653061 3.78382
0.408163265306122 7.17372
0.412244897959184 1.68556
0.416326530612245 0.0
0.420408163265306 5.33396
0.424489795918367 3.96772
0.428571428571429 22.3688
0.43265306122449 49.9045
0.436734693877551 73.9384
0.440816326530612 90.8877
0.444897959183673 102.24
0.448979591836735 99.729
0.453061224489796 83.1926
0.457142857142857 76.699
0.461224489795918 59.4592
0.46530612244898 37.2655
0.469387755102041 24.5197
0.473469387755102 8.42458
0.477551020408163 0.0
0.481632653061224 0.0
0.485714285714286 0.0
0.489795918367347 0.0
0.493877551020408 0.0
0.497959183673469 0.0
0.502040816326531 0.0
0.506122448979592 0.0
0.510204081632653 0.0
0.514285714285714 0.0
0.518367346938776 0.0
0.522448979591837 0.0
0.526530612244898 0.0
0.530612244897959 0.0
0.53469387755102 0.0
0.538775510204082 0.0
0.542857142857143 0.0
0.546938775510204 0.0
0.551020408163265 0.0
0.555102040816327 0.0
0.559183673469388 0.0
0.563265306122449 0.0
0.56734693877551 0.0
0.571428571428571 0.0
0.575510204081633 0.0
0.579591836734694 0.0
0.583673469387755 0.0
0.587755102040816 1.04575
0.591836734693878 0.0
0.595918367346939 0.0
0.6 0.0
0.604081632653061 7.58554
0.608163265306122 0.521861
0.612244897959184 0.0
0.616326530612245 0.0
0.620408163265306 1.52004
0.624489795918367 0.0
0.628571428571429 11.4771
0.63265306122449 93.1568
0.636734693877551 146.681
0.640816326530612 171.01
0.644897959183673 156.083
0.648979591836735 131.585
0.653061224489796 121.038
0.657142857142857 97.7674
0.661224489795918 77.3108
0.66530612244898 57.3327
0.669387755102041 48.828
0.673469387755102 28.3668
0.677551020408163 22.6809
0.681632653061224 14.1587
0.685714285714286 7.36269
0.689795918367347 4.18004
0.693877551020408 1.40095
0.697959183673469 1.74287
0.702040816326531 2.07242
0.706122448979592 1.8276
0.710204081632653 0.140905
0.714285714285714 0.0
0.718367346938775 0.199795
0.722448979591837 0.0
0.726530612244898 0.0
0.730612244897959 0.0
0.73469387755102 0.0
0.738775510204082 0.0
0.742857142857143 0.0
0.746938775510204 0.0
0.751020408163265 0.0
0.755102040816326 0.0
0.759183673469388 0.0
0.763265306122449 0.0
0.76734693877551 0.0
0.771428571428571 0.0
0.775510204081633 0.0
0.779591836734694 0.0
0.783673469387755 0.0
0.787755102040816 0.0
0.791836734693877 0.0
0.795918367346939 0.0
0.8 0.0
0.804081632653061 0.0
0.808163265306122 0.0
0.812244897959184 0.0
0.816326530612245 0.0
0.820408163265306 0.0
0.824489795918367 0.0
0.828571428571429 11.4349
0.83265306122449 25.2065
0.836734693877551 43.5082
0.840816326530612 61.3477
0.844897959183673 77.6875
0.848979591836735 86.1642
0.853061224489796 85.6637
0.857142857142857 75.6807
0.861224489795918 58.4349
0.86530612244898 46.7931
0.869387755102041 32.9592
0.873469387755102 20.7965
0.877551020408163 11.1907
0.881632653061225 5.41911
0.885714285714286 0.0
0.889795918367347 0.0
0.893877551020408 0.0
0.897959183673469 0.0
0.902040816326531 0.0
0.906122448979592 0.0
0.910204081632653 0.0
0.914285714285714 0.0
0.918367346938776 0.0
0.922448979591837 0.0
0.926530612244898 0.0
0.930612244897959 0.0
0.93469387755102 0.0
0.938775510204082 0.0
0.942857142857143 0.0
0.946938775510204 0.0
0.951020408163265 0.0
0.955102040816327 0.0
0.959183673469388 0.0
0.963265306122449 0.0
0.96734693877551 0.0
0.971428571428571 0.0
0.975510204081633 0.0
0.979591836734694 0.0
0.983673469387755 0.0
0.987755102040816 0.0
0.991836734693878 0.0
0.995918367346939 0.0
1.0 0.0
1.00408163265306 0.0
1.00816326530612 0.0
1.01224489795918 0.0
1.01632653061224 0.0
1.02040816326531 0.0
1.02448979591837 1.93429
1.02857142857143 5.26192
1.03265306122449 8.27194
1.03673469387755 9.17224
1.04081632653061 14.166
1.04489795918367 15.6107
1.04897959183673 5.41899
1.0530612244898 8.49158
1.05714285714286 11.4355
1.06122448979592 11.0465
1.06530612244898 10.4282
1.06938775510204 15.2686
1.0734693877551 8.02335
1.07755102040816 1.58553
1.08163265306122 0.0
1.08571428571429 0.0
1.08979591836735 0.0
1.09387755102041 0.0
1.09795918367347 0.0
1.10204081632653 0.0
1.10612244897959 0.0
1.11020408163265 0.0
1.11428571428571 0.0
1.11836734693878 0.0
1.12244897959184 0.0
1.1265306122449 0.0
1.13061224489796 0.0
1.13469387755102 0.0
1.13877551020408 0.0
1.14285714285714 0.0
1.1469387755102 0.0
1.15102040816327 0.0
1.15510204081633 0.0
1.15918367346939 0.0
1.16326530612245 0.0
1.16734693877551 0.0
1.17142857142857 0.0
1.17551020408163 0.0
1.17959183673469 0.0
1.18367346938776 0.0
1.18775510204082 0.0
1.19183673469388 0.0
1.19591836734694 0.0
1.2 0.0
1.20408163265306 0.0
1.20816326530612 0.0
1.21224489795918 0.0
1.21632653061224 0.0
1.22040816326531 4.76635
1.22448979591837 15.8529
1.22857142857143 28.762
1.23265306122449 57.0983
1.23673469387755 76.5697
1.24081632653061 94.7109
1.24489795918367 106.24
1.24897959183673 97.9445
1.2530612244898 96.323
1.25714285714286 85.9183
1.26122448979592 71.9426
1.26530612244898 50.8768
1.26938775510204 30.1757
1.2734693877551 14.2259
1.27755102040816 2.54101
1.28163265306122 0.0
1.28571428571429 0.0
1.28979591836735 0.0
1.29387755102041 0.0
1.29795918367347 0.0
1.30204081632653 0.0
1.30612244897959 0.0
1.31020408163265 0.0
1.31428571428571 0.0
1.31836734693878 0.0
1.32244897959184 0.0
1.3265306122449 0.0
1.33061224489796 0.0
1.33469387755102 0.0
1.33877551020408 0.0
1.34285714285714 0.0
1.3469387755102 0.0
1.35102040816327 0.0
1.35510204081633 0.0
1.35918367346939 0.0
1.36326530612245 0.0
1.36734693877551 0.0
1.37142857142857 0.0420809
1.37551020408163 0.0
1.37959183673469 0.0
1.38367346938776 0.0
1.38775510204082 0.0
1.39183673469388 0.0
1.39591836734694 0.0
1.4 0.0
1.40408163265306 0.0
1.40816326530612 0.0
1.41224489795918 0.0
1.41632653061225 0.0
1.42040816326531 0.0
1.42448979591837 0.0
1.42857142857143 0.0
1.43265306122449 0.0
1.43673469387755 0.0
1.44081632653061 0.869855
1.44489795918367 5.54298
1.44897959183673 9.90421
1.4530612244898 20.1815
1.45714285714286 24.1147
1.46122448979592 18.7082
1.46530612244898 10.4658
1.46938775510204 6.58712
1.4734693877551 0.0
1.47755102040816 0.0
1.48163265306122 0.0
1.48571428571429 0.0
1.48979591836735 0.650257
1.49387755102041 0.0
1.49795918367347 0.0
1.50204081632653 0.0
1.50612244897959 0.0
1.51020408163265 0.0
1.51428571428571 0.0
1.51836734693878 0.0
1.52244897959184 0.0
1.5265306122449 0.0
1.53061224489796 0.0
1.53469387755102 0.0
1.53877551020408 0.0
1.54285714285714 0.0
1.5469387755102 0.0
1.55102040816327 0.0
1.55510204081633 0.0
1.55918367346939 0.0
1.56326530612245 0.0
1.56734693877551 0.0
1.57142857142857 0.0
1.57551020408163 0.0
1.57959183673469 0.0
1.58367346938775 0.0
1.58775510204082 0.0
1.59183673469388 0.0
1.59591836734694 0.0
1.6 0.0
1.60408163265306 0.0
1.60816326530612 0.0
1.61224489795918 0.0
1.61632653061224 0.0
1.62040816326531 0.0
1.62448979591837 0.0
1.62857142857143 0.0618696
1.63265306122449 0.0
1.63673469387755 0.0
1.64081632653061 0.0
1.64489795918367 4.30644
1.64897959183673 4.52882
1.6530612244898 8.29858
1.65714285714286 6.71726
1.66122448979592 4.93872
1.66530612244898 5.74027
1.66938775510204 6.36762
1.6734693877551 3.78716
1.67755102040816 6.85665
1.68163265306122 3.55823
1.68571428571429 0.727668
1.68979591836735 0.0
1.69387755102041 0.0
1.69795918367347 1.53965
1.70204081632653 0.0
1.70612244897959 0.0
1.71020408163265 0.0
1.71428571428571 0.0
1.71836734693878 0.0
1.72244897959184 0.0
1.7265306122449 0.0
1.73061224489796 0.0
1.73469387755102 0.0
1.73877551020408 0.0
1.74285714285714 0.0
1.7469387755102 0.665128
1.75102040816327 4.3208
1.75510204081633 0.671923
1.75918367346939 4.29595
1.76326530612245 1.53571
1.76734693877551 0.0
1.77142857142857 0.0
1.77551020408163 0.0
1.77959183673469 0.0
1.78367346938776 0.0
1.78775510204082 0.0
1.79183673469388 0.0
1.79591836734694 0.0
1.8 0.0
1.80408163265306 0.474691
1.80816326530612 0.0
1.81224489795918 0.0
1.81632653061224 0.0
1.82040816326531 0.0
1.82448979591837 0.0
1.82857142857143 2.99454
1.83265306122449 3.76028
1.83673469387755 11.523
1.84081632653061 18.7001
1.84489795918367 20.5453
1.84897959183673 15.4783
1.8530612244898 14.6824
1.85714285714286 12.9461
1.86122448979592 13.2231
1.86530612244898 7.78592
1.86938775510204 13.7966
1.8734693877551 11.5614
1.87755102040816 7.26026
1.88163265306122 9.06551
1.88571428571429 2.79179
1.88979591836735 0.0
1.89387755102041 0.0
1.89795918367347 0.0
1.90204081632653 0.0
1.90612244897959 0.0
1.91020408163265 0.0
1.91428571428571 0.0
1.91836734693878 0.0
1.92244897959184 0.0
1.9265306122449 0.0
1.93061224489796 0.0
1.93469387755102 0.0
1.93877551020408 0.0
1.94285714285714 0.491202
1.9469387755102 0.0
1.95102040816327 0.0
1.95510204081633 0.0
1.95918367346939 0.0
1.96326530612245 0.0
1.96734693877551 0.0
1.97142857142857 0.0
1.97551020408163 0.0
1.97959183673469 0.0
1.98367346938776 0.0
1.98775510204082 0.0
1.99183673469388 0.0
1.99591836734694 0.0
2.0 0.0
2.00408163265306 0.0
2.00816326530612 0.0
2.01224489795918 19.2004
2.01632653061225 33.4767
2.02040816326531 32.6121
2.02448979591837 61.819
2.02857142857143 74.4137
2.03265306122449 74.8783
2.03673469387755 69.4524
2.04081632653061 87.6512
2.04489795918367 76.7727
2.04897959183673 65.1878
2.0530612244898 70.097
2.05714285714286 37.1624
2.06122448979592 35.9052
2.06530612244898 45.432
2.06938775510204 28.3821
2.0734693877551 21.8726
2.07755102040816 14.5413
2.08163265306122 18.7433
2.08571428571429 11.9947
2.08979591836735 7.37113
2.09387755102041 8.59252
2.09795918367347 0.0
2.10204081632653 3.67465
2.10612244897959 1.03528
2.11020408163265 0.0
2.11428571428571 0.0
2.11836734693878 0.0
2.12244897959184 0.0
2.1265306122449 0.0
2.13061224489796 0.0
2.13469387755102 0.0
2.13877551020408 0.0
2.14285714285714 0.0
2.1469387755102 0.0
2.15102040816327 0.0
2.15510204081633 0.0
2.15918367346939 0.0
2.16326530612245 0.0
2.16734693877551 0.0
2.17142857142857 0.0
2.17551020408163 0.0
2.17959183673469 0.0
2.18367346938776 0.0
2.18775510204082 0.0
2.19183673469388 0.0
2.19591836734694 0.0
2.2 0.0
2.20408163265306 0.0
2.20816326530612 0.0
2.21224489795918 0.0
2.21632653061224 0.0
2.22040816326531 0.0
2.22448979591837 0.0
2.22857142857143 0.0
2.23265306122449 3.70967
2.23673469387755 11.0089
2.24081632653061 39.9853
2.24489795918367 31.8384
2.24897959183673 37.6948
2.2530612244898 32.5363
2.25714285714286 29.224
2.26122448979592 25.1842
2.26530612244898 2.79895
2.26938775510204 2.48247
2.2734693877551 11.086
2.27755102040816 0.0
2.28163265306122 0.0
2.28571428571429 0.0
2.28979591836735 0.0
2.29387755102041 0.0
2.29795918367347 0.0
2.30204081632653 0.0
2.30612244897959 0.0
2.31020408163265 0.0
2.31428571428571 0.0
2.31836734693878 0.0
2.32244897959184 0.0
2.3265306122449 0.0
2.33061224489796 4.80279
2.33469387755102 0.0
2.33877551020408 0.0
2.34285714285714 0.0
2.3469387755102 0.0
2.35102040816327 0.0
2.35510204081633 0.0
2.35918367346939 0.0
2.36326530612245 0.0
2.36734693877551 6.33416
2.37142857142857 0.342429
2.37551020408163 0.0
2.37959183673469 0.0
2.38367346938776 0.0
2.38775510204082 0.818908
2.39183673469388 0.0
2.39591836734694 0.0
2.4 0.0
2.40408163265306 0.0
2.40816326530612 0.0
2.41224489795918 0.0
2.41632653061225 0.849605
2.42040816326531 5.62119
2.42448979591837 13.7792
2.42857142857143 15.4462
2.43265306122449 26.1241
2.43673469387755 43.2882
2.44081632653061 48.5617
2.44489795918367 43.0087
2.44897959183673 37.518
2.4530612244898 28.957
2.45714285714286 17.3139
2.46122448979592 9.38663
2.46530612244898 2.29024
2.46938775510204 0.0
2.4734693877551 0.0
2.47755102040816 0.0
2.48163265306122 0.0
2.48571428571429 0.0
2.48979591836735 0.0
2.49387755102041 0.0
2.49795918367347 0.0
2.50204081632653 0.0
2.50612244897959 0.582874
2.51020408163265 0.0
2.51428571428571 0.0
2.51836734693878 0.653177
2.52244897959184 0.0
2.5265306122449 0.57745
2.53061224489796 0.0
2.53469387755102 0.0
2.53877551020408 2.35009
2.54285714285714 1.02031
2.5469387755102 6.16866
2.55102040816327 5.4656
2.55510204081633 6.75762
2.55918367346939 17.945
2.56326530612245 15.361
2.56734693877551 5.91177
2.57142857142857 0.0
2.57551020408163 0.0
2.57959183673469 0.0
2.58367346938775 0.0
2.58775510204082 0.0
2.59183673469388 0.0
2.59591836734694 0.0
2.6 0.0
2.60408163265306 0.0
2.60816326530612 0.0
2.61224489795918 4.84902
2.61632653061224 11.5765
2.62040816326531 7.47019
2.62448979591837 6.12778
2.62857142857143 3.0309
2.63265306122449 5.13169
2.63673469387755 3.18283
2.64081632653061 6.22755
2.64489795918367 29.1378
2.64897959183673 29.8883
2.6530612244898 33.8817
2.65714285714286 32.7647
2.66122448979592 24.5064
2.66530612244898 19.3531
2.66938775510204 0.372648
2.6734693877551 0.0
2.67755102040816 0.0
2.68163265306122 0.0
2.68571428571429 0.0
2.68979591836735 0.0
2.69387755102041 0.0
2.69795918367347 0.0
2.70204081632653 0.0
2.70612244897959 0.0
2.71020408163265 0.0
2.71428571428571 0.0
2.71836734693878 0.734843
2.72244897959184 18.5485
2.7265306122449 24.5698
2.73061224489796 28.4102
2.73469387755102 49.1302
2.73877551020408 35.8837
2.74285714285714 47.015
2.7469387755102 36.8439
2.75102040816327 18.9553
2.75510204081633 12.3998
2.75918367346939 13.7721
2.76326530612245 2.77243
2.76734693877551 0.0
2.77142857142857 0.0
2.77551020408163 0.0
2.77959183673469 0.0
2.78367346938776 0.0
2.78775510204082 0.0
2.79183673469388 0.0
2.79591836734694 0.0
2.8 0.0
2.80408163265306 0.0
2.80816326530612 0.0
2.81224489795918 0.0
2.81632653061224 0.0
2.82040816326531 0.669837
2.82448979591837 20.3106
2.82857142857143 2.97511
2.83265306122449 20.5997
2.83673469387755 36.486
2.84081632653061 16.8706
2.84489795918367 18.21
2.84897959183673 24.795
2.8530612244898 18.0479
2.85714285714286 8.47605
2.86122448979592 5.03647
2.86530612244898 0.0
2.86938775510204 6.36187
2.8734693877551 3.3837
2.87755102040816 0.0
2.88163265306122 0.893384
2.88571428571429 1.75531
2.88979591836735 2.80656
2.89387755102041 3.49849
2.89795918367347 4.46728
2.90204081632653 4.04263
2.90612244897959 3.51858
2.91020408163265 0.986934
2.91428571428571 2.64642
2.91836734693878 0.0
2.92244897959184 0.0
2.9265306122449 0.0
2.93061224489796 0.0
2.93469387755102 0.0
2.93877551020408 0.0
2.94285714285714 0.0
2.9469387755102 0.0
2.95102040816327 4.44627
2.95510204081633 0.0
2.95918367346939 0.0
2.96326530612245 0.0
2.96734693877551 0.0
2.97142857142857 1.16175
2.97551020408163 0.0
2.97959183673469 0.0
2.98367346938775 0.0
2.98775510204082 0.0
2.99183673469388 0.0
2.99591836734694 0.0
3.0 0.0
3.00408163265306 0.0
3.00816326530612 0.0
3.01224489795918 0.0
3.01632653061225 0.0
3.02040816326531 0.0
3.02448979591837 0.0
3.02857142857143 0.0
3.03265306122449 0.0
3.03673469387755 0.0
3.04081632653061 0.0
3.04489795918367 0.0
3.04897959183673 0.0
3.0530612244898 16.3227
3.05714285714286 22.5284
3.06122448979592 42.4331
3.06530612244898 69.5974
3.06938775510204 75.4709
3.0734693877551 85.3091
3.07755102040816 85.3654
3.08163265306122 81.6078
3.08571428571429 71.1269
3.08979591836735 55.0966
3.09387755102041 46.6176
3.09795918367347 33.6692
3.10204081632653 19.9372
3.10612244897959 3.75766
3.11020408163265 0.0
3.11428571428571 0.0
3.11836734693878 0.0
3.12244897959184 0.0
3.1265306122449 0.0
3.13061224489796 0.0
3.13469387755102 0.0
3.13877551020408 0.0
3.14285714285714 0.0
3.1469387755102 0.0
3.15102040816327 0.0
3.15510204081633 0.0
3.15918367346939 0.0
3.16326530612245 0.0
3.16734693877551 0.0
3.17142857142857 0.0
3.17551020408163 0.0
3.17959183673469 0.0
3.18367346938776 0.0
3.18775510204082 0.0
3.19183673469388 0.0
3.19591836734694 0.0
3.2 0.0
3.20408163265306 0.0
3.20816326530612 0.0
3.21224489795918 0.0
3.21632653061224 0.0
3.22040816326531 0.0
3.22448979591837 0.0
3.22857142857143 0.0
3.23265306122449 0.0
3.23673469387755 0.0
3.24081632653061 0.0
3.24489795918367 0.0
3.24897959183673 0.0
3.2530612244898 0.0
3.25714285714286 0.0641048
3.26122448979592 1.17075
3.26530612244898 0.0
3.26938775510204 1.12653
3.2734693877551 0.0
3.27755102040816 3.05194
3.28163265306122 11.0109
3.28571428571429 13.1235
3.28979591836735 3.59923
3.29387755102041 0.0
3.29795918367347 0.0
3.30204081632653 0.0
3.30612244897959 0.0
3.31020408163265 0.0
3.31428571428571 0.0
3.31836734693878 0.0
3.32244897959184 0.0
3.3265306122449 0.0
3.33061224489796 0.0
3.33469387755102 0.0
3.33877551020408 0.0
3.34285714285714 0.0
3.3469387755102 0.0
3.35102040816327 0.0
3.35510204081633 0.104189
3.35918367346939 5.61005
3.36326530612245 13.0187
3.36734693877551 48.105
3.37142857142857 30.321
3.37551020408163 38.7426
3.37959183673469 51.1183
3.38367346938776 60.1577
3.38775510204082 56.2313
3.39183673469388 54.3362
3.39591836734694 43.4088
3.4 40.2429
3.40408163265306 31.5896
3.40816326530612 22.403
3.41224489795918 15.8153
3.41632653061225 8.69627
3.42040816326531 1.57267
3.42448979591837 2.94974
3.42857142857143 0.0
3.43265306122449 0.0
3.43673469387755 0.0
3.44081632653061 0.0
3.44489795918367 0.0
3.44897959183673 0.0
3.4530612244898 0.0
3.45714285714286 0.0
3.46122448979592 0.0
3.46530612244898 0.0
3.46938775510204 0.0
3.4734693877551 0.0
3.47755102040816 3.44355
3.48163265306122 2.73585
3.48571428571429 15.2945
3.48979591836735 23.4405
3.49387755102041 28.8838
3.49795918367347 40.6501
3.50204081632653 39.43
3.50612244897959 62.924
3.51020408163265 57.8704
3.51428571428571 50.4965
3.51836734693878 27.0315
3.52244897959184 9.64782
3.5265306122449 1.75819
3.53061224489796 0.0
3.53469387755102 0.0
3.53877551020408 0.0
3.54285714285714 0.0
3.5469387755102 0.0
3.55102040816327 0.0
3.55510204081633 0.0
3.55918367346939 0.0
3.56326530612245 0.0
3.56734693877551 0.0
3.57142857142857 0.0
3.57551020408163 0.0
3.57959183673469 0.0
3.58367346938775 0.0
3.58775510204082 0.0
3.59183673469388 3.07125
3.59591836734694 6.52105
3.6 15.3946
3.60408163265306 24.359
3.60816326530612 28.7456
3.61224489795918 26.6053
3.61632653061224 18.6452
3.62040816326531 7.06917
3.62448979591837 8.45027
3.62857142857143 0.0
3.63265306122449 0.0
3.63673469387755 0.0
3.64081632653061 0.0
3.64489795918367 0.0
3.64897959183673 0.0
3.6530612244898 0.0
3.65714285714286 0.0
3.66122448979592 0.0
3.66530612244898 0.0
3.66938775510204 0.0
3.6734693877551 0.0
3.67755102040816 0.0
3.68163265306122 7.73735
3.68571428571429 0.0
3.68979591836735 38.8382
3.69387755102041 47.5695
3.69795918367347 43.6
3.70204081632653 42.9361
3.70612244897959 69.3101
3.71020408163265 34.5293
3.71428571428571 12.721
3.71836734693878 16.5311
3.72244897959184 8.61424
3.7265306122449 5.82534
3.73061224489796 0.0
3.73469387755102 0.0
3.73877551020408 0.0
3.74285714285714 0.0
3.7469387755102 0.0
3.75102040816327 0.0
3.75510204081633 0.0
3.75918367346939 0.0
3.76326530612245 0.0
3.76734693877551 0.0
3.77142857142857 0.0
3.77551020408163 0.0
3.77959183673469 0.809789
3.78367346938776 8.90195
3.78775510204082 14.4254
3.79183673469388 28.8723
3.79591836734694 16.8061
3.8 34.1297
3.80408163265306 11.7109
3.80816326530612 12.0326
3.81224489795918 5.60875
3.81632653061224 0.34678
3.82040816326531 0.0
3.82448979591837 0.0
3.82857142857143 0.0
3.83265306122449 0.0
3.83673469387755 0.0
3.84081632653061 0.0
3.84489795918367 0.0
3.84897959183673 0.0
3.8530612244898 0.0
3.85714285714286 0.0
3.86122448979592 0.0
3.86530612244898 0.0
3.86938775510204 0.0
3.8734693877551 0.0
3.87755102040816 0.0
3.88163265306122 5.43573
3.88571428571429 15.4155
3.88979591836735 37.5494
3.89387755102041 54.7693
3.89795918367347 71.8797
3.90204081632653 80.806
3.90612244897959 79.4162
3.91020408163265 61.9067
3.91428571428571 58.7454
3.91836734693878 37.5699
3.92244897959184 36.7218
3.9265306122449 23.2956
3.93061224489796 12.3686
3.93469387755102 5.56634
3.93877551020408 3.25285
3.94285714285714 0.0
3.9469387755102 0.0
3.95102040816327 0.0
3.95510204081633 0.0
3.95918367346939 0.0
3.96326530612245 0.0
3.96734693877551 0.0
3.97142857142857 0.0
3.97551020408163 0.0
3.97959183673469 0.0
3.98367346938775 0.0
3.98775510204082 0.0
3.99183673469388 0.0
3.99591836734694 0.0
4.0 4.41176
4.00408163265306 0.0
4.00816326530612 0.0
4.01224489795918 0.0
4.01632653061225 0.0
4.02040816326531 0.0
4.02448979591837 0.0
4.02857142857143 0.0
4.03265306122449 0.0
4.03673469387755 0.0
4.04081632653061 0.0
4.04489795918367 0.0
4.04897959183673 0.0
4.0530612244898 0.0
4.05714285714286 0.0
4.06122448979592 0.0
4.06530612244898 0.0
4.06938775510204 0.0
4.0734693877551 0.0
4.07755102040816 0.0
4.08163265306122 0.0
4.08571428571429 0.897944
4.08979591836735 0.0
4.09387755102041 5.42836
4.09795918367347 8.40849
4.10204081632653 7.54201
4.10612244897959 0.885844
4.11020408163265 0.0
4.11428571428571 7.68965
4.11836734693878 3.19546
4.12244897959184 0.0
4.1265306122449 0.0
4.13061224489796 0.0
4.13469387755102 0.0
4.13877551020408 0.0
4.14285714285714 0.0
4.1469387755102 0.0
4.15102040816326 0.0
4.15510204081633 0.0
4.15918367346939 0.0
4.16326530612245 0.0
4.16734693877551 0.0
4.17142857142857 0.0
4.17551020408163 0.0
4.17959183673469 0.0
4.18367346938776 0.0
4.18775510204082 0.0
4.19183673469388 0.0
4.19591836734694 0.0
4.2 0.0
4.20408163265306 0.0
4.20816326530612 7.54893
4.21224489795918 13.4442
4.21632653061225 22.4872
4.22040816326531 32.3948
4.22448979591837 38.0648
4.22857142857143 51.2424
4.23265306122449 42.2049
4.23673469387755 25.0172
4.24081632653061 13.5154
4.24489795918367 0.802845
4.24897959183673 0.0
4.2530612244898 0.0
4.25714285714286 0.0
4.26122448979592 0.0
4.26530612244898 0.0
4.26938775510204 0.0
4.2734693877551 0.0
4.27755102040816 0.0
4.28163265306122 0.0
4.28571428571429 0.0
4.28979591836735 0.0
4.29387755102041 0.0
4.29795918367347 0.0
4.30204081632653 0.0
4.30612244897959 0.0
4.31020408163265 0.0
4.31428571428571 0.0
4.31836734693878 0.0
4.32244897959184 45.15
4.3265306122449 53.7331
4.33061224489796 35.4825
4.33469387755102 144.793
4.33877551020408 152.607
4.34285714285714 150.787
4.3469387755102 136.438
4.35102040816327 109.897
4.35510204081633 100.395
4.35918367346939 71.2031
4.36326530612245 53.544
4.36734693877551 31.7917
4.37142857142857 16.5224
4.37551020408163 0.0
4.37959183673469 0.0
4.38367346938776 0.0
4.38775510204082 0.0
4.39183673469388 0.0
4.39591836734694 0.0
4.4 0.0
4.40408163265306 0.0
4.40816326530612 0.0
4.41224489795918 0.0
4.41632653061224 0.0
4.42040816326531 0.0
4.42448979591837 0.0
4.42857142857143 0.0
4.43265306122449 0.0
4.43673469387755 0.0
4.44081632653061 0.0
4.44489795918367 0.0
4.44897959183673 0.0
4.4530612244898 0.0
4.45714285714286 0.0
4.46122448979592 0.0
4.46530612244898 0.0
4.46938775510204 0.0
4.4734693877551 0.0
4.47755102040816 0.0
4.48163265306122 0.0
4.48571428571429 0.0
4.48979591836735 0.0
4.49387755102041 0.0
4.49795918367347 0.0
4.50204081632653 0.0
4.50612244897959 0.0
4.51020408163265 0.0
4.51428571428571 7.43088
4.51836734693878 0.0
4.52244897959184 7.16811
4.5265306122449 15.691
4.53061224489796 97.4967
4.53469387755102 125.565
4.53877551020408 89.3481
4.54285714285714 133.751
4.5469387755102 77.3414
4.55102040816327 79.4598
4.55510204081633 72.7307
4.55918367346939 45.9992
4.56326530612245 36.0367
4.56734693877551 8.8203
4.57142857142857 13.9238
4.57551020408163 7.53903
4.57959183673469 0.0
4.58367346938776 0.0
4.58775510204082 0.0
4.59183673469388 0.0
4.59591836734694 0.0
4.6 0.0
4.60408163265306 0.0
4.60816326530612 0.0
4.61224489795918 0.0
4.61632653061224 0.0
4.62040816326531 0.0
4.62448979591837 0.897825
4.62857142857143 0.0
4.63265306122449 0.0
4.63673469387755 0.0
4.64081632653061 0.0
4.64489795918367 0.0
4.64897959183673 0.0
4.6530612244898 0.0
4.65714285714286 0.701487
4.66122448979592 0.0
4.66530612244898 0.0
4.66938775510204 0.0
4.6734693877551 0.0
4.67755102040816 0.0
4.68163265306122 0.0
4.68571428571429 0.0
4.68979591836735 0.0
4.69387755102041 0.0
4.69795918367347 0.0
4.70204081632653 0.0
4.70612244897959 0.679702
4.71020408163265 0.0
4.71428571428571 0.0
4.71836734693878 5.33783
4.72244897959184 6.66003
4.7265306122449 3.24363
4.73061224489796 14.4763
4.73469387755102 26.7335
4.73877551020408 78.4335
4.74285714285714 80.9334
4.7469387755102 99.9337
4.75102040816327 125.338
4.75510204081633 105.213
4.75918367346939 87.6355
4.76326530612245 62.6675
4.76734693877551 41.8288
4.77142857142857 28.4977
4.77551020408163 21.1599
4.77959183673469 9.85038
4.78367346938775 2.0926
4.78775510204082 0.0
4.79183673469388 0.0
4.79591836734694 0.0
4.8 0.0
4.80408163265306 0.0
4.80816326530612 0.0
4.81224489795918 0.0
4.81632653061224 0.0
4.82040816326531 0.0
4.82448979591837 0.0
4.82857142857143 0.0
4.83265306122449 0.0
4.83673469387755 0.0
4.84081632653061 0.0
4.84489795918367 0.0
4.84897959183674 0.0
4.8530612244898 0.0
4.85714285714286 0.0
4.86122448979592 0.0
4.86530612244898 0.0
4.86938775510204 0.0
4.8734693877551 0.0
4.87755102040816 0.0
4.88163265306122 0.0
4.88571428571429 0.0
4.88979591836735 0.0
4.89387755102041 0.0
4.89795918367347 0.0
4.90204081632653 0.0
4.90612244897959 0.0
4.91020408163265 0.0
4.91428571428571 0.0
4.91836734693878 0.0
4.92244897959184 0.0
4.9265306122449 0.0
4.93061224489796 3.70657
4.93469387755102 0.0
4.93877551020408 9.18078
4.94285714285714 18.9943
4.9469387755102 32.1462
4.95102040816327 24.5575
4.95510204081633 36.6356
4.95918367346939 47.9117
4.96326530612245 48.9561
4.96734693877551 53.7778
4.97142857142857 43.3599
4.97551020408163 37.3101
4.97959183673469 16.9836
4.98367346938775 0.0
4.98775510204082 0.0
4.99183673469388 0.0
4.99591836734694 0.0
5.0 0.0
5.00408163265306 0.0
5.00816326530612 0.0
5.01224489795918 0.0
5.01632653061225 0.0
5.02040816326531 0.0
5.02448979591837 0.0
5.02857142857143 0.0
5.03265306122449 0.0
5.03673469387755 0.0
5.04081632653061 3.94428
5.04489795918367 11.7995
5.04897959183673 28.5065
5.0530612244898 87.768
5.05714285714286 142.678
5.06122448979592 160.725
5.06530612244898 159.233
5.06938775510204 151.86
5.0734693877551 119.672
5.07755102040816 96.2954
5.08163265306122 76.7866
5.08571428571429 55.9813
5.08979591836735 37.6688
5.09387755102041 40.0008
5.09795918367347 22.5537
5.10204081632653 7.07325
5.10612244897959 3.1078
5.11020408163265 2.48139
5.11428571428571 0.0
5.11836734693878 0.11903
5.12244897959184 0.285655
5.1265306122449 0.0849515
5.13061224489796 0.0
5.13469387755102 0.0
5.13877551020408 0.0
5.14285714285714 0.0
5.1469387755102 0.0
5.15102040816326 6.19875
5.15510204081633 16.5338
5.15918367346939 27.3886
5.16326530612245 51.8485
5.16734693877551 71.9906
5.17142857142857 90.2557
5.17551020408163 73.8032
5.17959183673469 62.4745
5.18367346938776 54.8511
5.18775510204082 42.2025
5.19183673469388 25.3872
5.19591836734694 8.21087
5.2 0.0
5.20408163265306 0.0
5.20816326530612 0.0
5.21224489795918 0.0
5.21632653061225 0.0
5.22040816326531 0.0
5.22448979591837 0.0
5.22857142857143 0.0
5.23265306122449 0.0
5.23673469387755 0.0
5.24081632653061 0.0
5.24489795918367 0.0
5.24897959183673 0.0
5.2530612244898 0.0
5.25714285714286 0.0
5.26122448979592 0.0
5.26530612244898 0.0
5.26938775510204 0.0
5.2734693877551 0.0
5.27755102040816 0.0
5.28163265306122 0.0
5.28571428571429 0.0
5.28979591836735 0.0
5.29387755102041 0.0
5.29795918367347 0.0
5.30204081632653 0.0
5.30612244897959 0.0
5.31020408163265 0.0
5.31428571428571 0.0
5.31836734693878 0.0
5.32244897959184 0.0
5.3265306122449 0.0
5.33061224489796 0.0
5.33469387755102 0.0
5.33877551020408 0.0
5.34285714285714 0.0
5.3469387755102 0.0
5.35102040816327 0.0
5.35510204081633 0.0
5.35918367346939 0.0
5.36326530612245 0.0
5.36734693877551 0.0
5.37142857142857 0.0
5.37551020408163 0.0
5.37959183673469 6.4286
5.38367346938776 22.7199
5.38775510204082 39.8527
5.39183673469388 72.1126
5.39591836734694 131.434
5.4 116.938
5.40408163265306 81.3859
5.40816326530612 59.1384
5.41224489795918 44.3446
5.41632653061224 27.2761
5.42040816326531 20.0241
5.42448979591837 11.1644
5.42857142857143 5.72455
5.43265306122449 0.0
5.43673469387755 0.0
5.44081632653061 0.0
5.44489795918367 0.0
5.44897959183673 0.0
5.4530612244898 0.0
5.45714285714286 0.0
5.46122448979592 0.0
5.46530612244898 0.0
5.46938775510204 0.0
5.4734693877551 0.0
5.47755102040816 0.0
5.48163265306122 0.0
5.48571428571429 0.0
5.48979591836735 0.665486
5.49387755102041 0.0
5.49795918367347 0.0
5.50204081632653 0.0
5.50612244897959 0.0
5.51020408163265 0.0
5.51428571428571 0.0
5.51836734693878 2.66397
5.52244897959184 0.0
5.5265306122449 0.0251532
5.53061224489796 0.0
5.53469387755102 0.0
5.53877551020408 0.0
5.54285714285714 0.0
5.5469387755102 0.0
5.55102040816327 0.0
5.55510204081633 0.0
5.55918367346939 0.0
5.56326530612245 0.0
5.56734693877551 0.0
5.57142857142857 0.0
5.57551020408163 0.0
5.57959183673469 10.6429
5.58367346938776 22.6435
5.58775510204082 59.1977
5.59183673469388 81.8626
5.59591836734694 102.459
5.6 103.976
5.60408163265306 84.7797
5.60816326530612 66.3364
5.61224489795918 54.2691
5.61632653061224 33.1031
5.62040816326531 12.7453
5.62448979591837 0.501271
5.62857142857143 0.0
5.63265306122449 0.0
5.63673469387755 0.0
5.64081632653061 0.0
5.64489795918367 0.0
5.64897959183673 0.0
5.6530612244898 0.0
5.65714285714286 0.0
5.66122448979592 0.0
5.66530612244898 0.0
5.66938775510204 0.0
5.6734693877551 0.0
5.67755102040816 0.0
5.68163265306122 0.0
5.68571428571429 0.0
5.68979591836735 0.0
5.69387755102041 0.0
5.69795918367347 0.0
5.70204081632653 0.0
5.70612244897959 0.0
5.71020408163265 0.0
5.71428571428571 0.0
5.71836734693878 0.0
5.72244897959184 0.0
5.7265306122449 0.0
5.73061224489796 0.0
5.73469387755102 0.0
5.73877551020408 0.0
5.74285714285714 0.0
5.7469387755102 0.0
5.75102040816327 0.0
5.75510204081633 0.0
5.75918367346939 0.0
5.76326530612245 0.0
5.76734693877551 0.0
5.77142857142857 0.0
5.77551020408163 0.0
5.77959183673469 0.0
5.78367346938775 38.4372
5.78775510204082 88.742
5.79183673469388 120.119
5.79591836734694 137.816
5.8 141.31
5.80408163265306 116.243
5.80816326530612 88.733
5.81224489795918 70.4889
5.81632653061224 56.1008
5.82040816326531 48.447
5.82448979591837 41.7893
5.82857142857143 25.4933
5.83265306122449 9.98336
5.83673469387755 0.0
5.84081632653061 0.0
5.84489795918367 0.0
5.84897959183674 0.0
5.8530612244898 0.0
5.85714285714286 0.0
5.86122448979592 0.0
5.86530612244898 0.0
5.86938775510204 0.0
5.8734693877551 0.0
5.87755102040816 2.41554
5.88163265306122 9.59923
5.88571428571429 14.6624
5.88979591836735 14.7004
5.89387755102041 7.19424
5.89795918367347 0.0
5.90204081632653 0.0
5.90612244897959 2.31236
5.91020408163265 2.95192
5.91428571428571 0.0
5.91836734693878 0.0
5.92244897959184 0.0
5.9265306122449 0.0
5.93061224489796 0.0
5.93469387755102 0.0
5.93877551020408 0.0
5.94285714285714 0.0
5.9469387755102 0.0
5.95102040816327 0.0
5.95510204081633 0.0
5.95918367346939 0.0
5.96326530612245 2.96447
5.96734693877551 1.67635
5.97142857142857 1.27046
5.97551020408163 15.3375
5.97959183673469 5.30521
5.98367346938775 27.0623
5.98775510204082 46.3743
5.99183673469388 27.3864
5.99591836734694 65.4144
6.0 69.2093
6.00408163265306 46.5768
6.00816326530612 53.5012
6.01224489795918 42.165
6.01632653061225 39.0015
6.02040816326531 15.6772
6.02448979591837 20.161
6.02857142857143 10.5939
6.03265306122449 0.0
6.03673469387755 0.0
6.04081632653061 0.0
6.04489795918367 0.0
6.04897959183673 0.0
6.0530612244898 0.0
6.05714285714286 0.0
6.06122448979592 0.0
6.06530612244898 0.0
6.06938775510204 0.0
6.0734693877551 0.0
6.07755102040816 0.0
6.08163265306122 0.0
6.08571428571429 0.0
6.08979591836735 0.0
6.09387755102041 0.0
6.09795918367347 0.0
6.10204081632653 0.0
6.10612244897959 0.0
6.11020408163265 0.0
6.11428571428571 0.0
6.11836734693878 0.0
6.12244897959184 2.52611
6.1265306122449 0.0
6.13061224489796 0.0
6.13469387755102 0.0
6.13877551020408 0.0
6.14285714285714 0.0
6.1469387755102 0.0
6.15102040816326 0.0
6.15510204081633 0.0
6.15918367346939 0.0
6.16326530612245 0.0
6.16734693877551 0.0
6.17142857142857 0.0
6.17551020408163 0.0
6.17959183673469 0.0
6.18367346938776 0.0
6.18775510204082 0.0
6.19183673469388 0.0693202
6.19591836734694 18.1078
6.2 51.201
6.20408163265306 82.0711
6.20816326530612 56.7962
6.21224489795918 82.6091
6.21632653061225 67.2088
6.22040816326531 40.7753
6.22448979591837 31.9673
6.22857142857143 10.849
6.23265306122449 8.50356
6.23673469387755 5.78463
6.24081632653061 4.37593
6.24489795918367 2.23863
6.24897959183673 0.0
6.2530612244898 0.0
6.25714285714286 0.0
6.26122448979592 0.0
6.26530612244898 0.0
6.26938775510204 0.0
6.2734693877551 0.0
6.27755102040816 0.0
6.28163265306122 1.79815
6.28571428571429 1.45864
6.28979591836735 3.45682
6.29387755102041 1.76612
6.29795918367347 0.595629
6.30204081632653 1.49637
6.30612244897959 0.102371
6.31020408163265 3.96967
6.31428571428571 1.14822
6.31836734693878 0.0
6.32244897959184 0.0
6.3265306122449 0.0
6.33061224489796 0.0
6.33469387755102 0.0
6.33877551020408 0.0
6.34285714285714 0.0
6.3469387755102 0.0
6.35102040816327 0.0
6.35510204081633 0.0
6.35918367346939 0.0
6.36326530612245 0.0
6.36734693877551 0.633463
6.37142857142857 3.22115
6.37551020408163 1.27047
6.37959183673469 0.0
6.38367346938776 7.89588
6.38775510204082 30.3784
6.39183673469388 44.6777
6.39591836734694 44.5475
6.4 44.8331
6.40408163265306 40.5666
6.40816326530612 32.3927
6.41224489795918 13.8103
6.41632653061224 9.19405
6.42040816326531 0.0
6.42448979591837 0.0
6.42857142857143 0.0
6.43265306122449 0.0
6.43673469387755 0.0
6.44081632653061 0.0
6.44489795918367 0.0
6.44897959183673 0.0
6.4530612244898 0.0
6.45714285714286 0.0
6.46122448979592 0.0
6.46530612244898 0.0
6.46938775510204 0.0
6.4734693877551 0.0
6.47755102040816 0.0
6.48163265306122 0.0
6.48571428571429 0.0
6.48979591836735 0.0
6.49387755102041 0.0
6.49795918367347 0.0
6.50204081632653 0.0
6.50612244897959 0.0
6.51020408163265 0.0
6.51428571428571 0.0
6.51836734693878 0.0
6.52244897959184 0.0
6.5265306122449 0.0
6.53061224489796 0.0
6.53469387755102 0.0
6.53877551020408 0.0
6.54285714285714 0.0
6.5469387755102 0.0
6.55102040816327 0.0
6.55510204081633 0.0
6.55918367346939 0.0
6.56326530612245 0.0
6.56734693877551 0.0
6.57142857142857 0.0
6.57551020408163 0.0
6.57959183673469 4.53335
6.58367346938776 29.7249
6.58775510204082 89.3726
6.59183673469388 136.973
6.59591836734694 137.081
6.6 154.049
6.60408163265306 143.003
6.60816326530612 120.63
6.61224489795918 97.1883
6.61632653061224 70.933
6.62040816326531 47.4328
6.62448979591837 26.9157
6.62857142857143 9.00155
6.63265306122449 0.0
6.63673469387755 0.0
6.64081632653061 0.0
6.64489795918367 0.0
6.64897959183673 0.0
6.6530612244898 0.0
6.65714285714286 0.0
6.66122448979592 0.0
6.66530612244898 0.0
6.66938775510204 0.0
6.6734693877551 0.0
6.67755102040816 0.0
6.68163265306122 0.0
6.68571428571429 0.0
6.68979591836735 0.0
6.69387755102041 0.0
6.69795918367347 0.296354
6.70204081632653 15.9314
6.70612244897959 20.6158
6.71020408163265 17.3198
6.71428571428571 11.1497
6.71836734693878 2.04211
6.72244897959184 0.0
6.7265306122449 0.0
6.73061224489796 0.0
6.73469387755102 0.0
6.73877551020408 0.0
6.74285714285714 0.0
6.7469387755102 0.0
6.75102040816327 0.0
6.75510204081633 0.0
6.75918367346939 0.0
6.76326530612245 0.0
6.76734693877551 0.0
6.77142857142857 0.0
6.77551020408163 0.0
6.77959183673469 0.0
6.78367346938775 4.92057
6.78775510204082 44.5986
6.79183673469388 84.0126
6.79591836734694 102.906
6.8 106.234
6.80408163265306 115.59
6.80816326530612 98.3193
6.81224489795918 79.7391
6.81632653061224 55.9762
6.82040816326531 46.6978
6.82448979591837 32.5354
6.82857142857143 15.9486
6.83265306122449 7.32851
6.83673469387755 0.0
6.84081632653061 0.0
6.84489795918367 0.0
6.84897959183674 0.0
6.8530612244898 0.0
6.85714285714286 0.0
6.86122448979592 0.0
6.86530612244898 0.0
6.86938775510204 0.0
6.8734693877551 0.0
6.87755102040816 0.0
6.88163265306122 0.0
6.88571428571429 0.0
6.88979591836735 0.0
6.89387755102041 0.0
6.89795918367347 0.0
6.90204081632653 0.0
6.90612244897959 0.0
6.91020408163265 0.0
6.91428571428571 0.0
6.91836734693878 0.0
6.92244897959184 0.0
6.9265306122449 0.0
6.93061224489796 0.0
6.93469387755102 0.0
6.93877551020408 0.0
6.94285714285714 0.0
6.9469387755102 0.0
6.95102040816327 0.0
6.95510204081633 0.0
6.95918367346939 0.0
6.96326530612245 0.0
6.96734693877551 0.0
6.97142857142857 0.0
6.97551020408163 6.62112
6.97959183673469 3.23883
6.98367346938775 3.63321
6.98775510204082 51.4373
6.99183673469388 73.2409
6.99591836734694 94.9481
7.0 123.46
7.00408163265306 120.699
7.00816326530612 100.582
7.01224489795918 82.0537
7.01632653061225 60.876
7.02040816326531 41.6568
7.02448979591837 22.1643
7.02857142857143 3.04076
7.03265306122449 0.0
7.03673469387755 0.0
7.04081632653061 0.0
7.04489795918367 0.0
7.04897959183673 0.0
7.0530612244898 0.0
7.05714285714286 0.0
7.06122448979592 0.0
7.06530612244898 0.0
7.06938775510204 0.0
7.0734693877551 0.0
7.07755102040816 0.0
7.08163265306122 0.0
7.08571428571429 0.0
7.08979591836735 0.0
7.09387755102041 0.0
7.09795918367347 0.0
7.10204081632653 0.0
7.10612244897959 0.0
7.11020408163265 0.0
7.11428571428571 0.0
7.11836734693878 0.0
7.12244897959184 0.0
7.1265306122449 0.0
7.13061224489796 0.0
7.13469387755102 0.0
7.13877551020408 0.0
7.14285714285714 0.0
7.1469387755102 0.0
7.15102040816326 0.0
7.15510204081633 0.0
7.15918367346939 0.0
7.16326530612245 0.0
7.16734693877551 0.0
7.17142857142857 0.0
7.17551020408163 0.0
7.17959183673469 0.0
7.18367346938776 0.0
7.18775510204082 0.0
7.19183673469388 0.797123
7.19591836734694 14.4917
7.2 22.7529
7.20408163265306 35.3917
7.20816326530612 38.5124
7.21224489795918 91.352
7.21632653061225 95.3218
7.22040816326531 85.196
7.22448979591837 69.9654
7.22857142857143 57.1828
7.23265306122449 56.5395
7.23673469387755 49.2446
7.24081632653061 54.6103
7.24489795918367 49.8456
7.24897959183673 39.2364
7.2530612244898 32.1029
7.25714285714286 32.6737
7.26122448979592 30.1139
7.26530612244898 33.5763
7.26938775510204 18.2195
7.2734693877551 25.8606
7.27755102040816 13.6195
7.28163265306122 6.3054
7.28571428571429 10.3605
7.28979591836735 6.21244
7.29387755102041 5.90289
7.29795918367347 4.42766
7.30204081632653 6.43487
7.30612244897959 0.602275
7.31020408163265 3.86207
7.31428571428571 0.330344
7.31836734693878 1.28898
7.32244897959184 0.683352
7.3265306122449 0.412524
7.33061224489796 0.0
7.33469387755102 0.0830889
7.33877551020408 0.0
7.34285714285714 0.0
7.3469387755102 0.0
7.35102040816327 0.0
7.35510204081633 0.0
7.35918367346939 0.0
7.36326530612245 0.0
7.36734693877551 0.0
7.37142857142857 0.0
7.37551020408163 0.0
7.37959183673469 0.0
7.38367346938776 0.0
7.38775510204082 0.0
7.39183673469388 0.0
7.39591836734694 0.0
7.4 0.0
7.40408163265306 0.0
7.40816326530612 0.0
7.41224489795918 0.0
7.41632653061224 0.0
7.42040816326531 20.3923
7.42448979591837 27.2694
7.42857142857143 12.6684
7.43265306122449 13.2212
7.43673469387755 21.0173
7.44081632653061 16.884
7.44489795918367 14.5036
7.44897959183673 8.04657
7.4530612244898 6.25625
7.45714285714286 3.23987
7.46122448979592 7.71984
7.46530612244898 1.50008
7.46938775510204 0.0
7.4734693877551 0.0
7.47755102040816 0.0
7.48163265306122 0.0
7.48571428571429 0.0
7.48979591836735 0.0
7.49387755102041 0.0
7.49795918367347 0.0
7.50204081632653 2.3098
7.50612244897959 13.9459
7.51020408163265 22.835
7.51428571428571 21.9707
7.51836734693878 37.8633
7.52244897959184 31.8704
7.5265306122449 30.4254
7.53061224489796 26.123
7.53469387755102 19.6256
7.53877551020408 2.70608
7.54285714285714 3.06821
7.5469387755102 0.0
7.55102040816327 0.0
7.55510204081633 0.0
7.55918367346939 0.0
7.56326530612245 0.0
7.56734693877551 0.0
7.57142857142857 0.0
7.57551020408163 0.0
7.57959183673469 0.0
7.58367346938776 0.0
7.58775510204082 0.0
7.59183673469388 0.0
7.59591836734694 0.0
7.6 0.0
7.60408163265306 0.0
7.60816326530612 0.0
7.61224489795918 1.16372
7.61632653061224 6.8084
7.62040816326531 14.7572
7.62448979591837 21.5732
7.62857142857143 28.5741
7.63265306122449 34.2077
7.63673469387755 37.2875
7.64081632653061 29.8096
7.64489795918367 20.2467
7.64897959183673 8.2401
7.6530612244898 11.9108
7.65714285714286 1.58688
7.66122448979592 0.0
7.66530612244898 0.602618
7.66938775510204 2.97248
7.6734693877551 3.39599
7.67755102040816 5.40578
7.68163265306122 2.47759
7.68571428571429 0.0
7.68979591836735 0.0
7.69387755102041 0.0
7.69795918367347 0.0
7.70204081632653 0.0
7.70612244897959 0.0
7.71020408163265 0.0
7.71428571428571 0.0
7.71836734693878 0.0
7.72244897959184 0.0
7.7265306122449 0.0
7.73061224489796 0.0
7.73469387755102 0.0
7.73877551020408 0.0
7.74285714285714 0.0
7.7469387755102 0.0
7.75102040816327 0.0
7.75510204081633 0.0
7.75918367346939 0.0
7.76326530612245 0.0
7.76734693877551 0.0
7.77142857142857 0.0
7.77551020408163 0.0
7.77959183673469 0.0
7.78367346938775 0.0
7.78775510204082 0.0
7.79183673469388 0.0
7.79591836734694 0.0
7.8 0.0
7.80408163265306 0.0
7.80816326530612 0.0
7.81224489795918 0.0
7.81632653061224 0.0
7.82040816326531 0.0
7.82448979591837 0.0
7.82857142857143 2.27547
7.83265306122449 6.8202
7.83673469387755 26.1285
7.84081632653061 47.1852
7.84489795918367 80.8936
7.84897959183674 105.355
7.8530612244898 94.1609
7.85714285714286 80.1458
7.86122448979592 63.0489
7.86530612244898 55.7332
7.86938775510204 43.7587
7.8734693877551 29.655
7.87755102040816 15.225
7.88163265306122 6.61943
7.88571428571429 0.102051
7.88979591836735 0.0
7.89387755102041 0.0
7.89795918367347 0.0
7.90204081632653 0.0
7.90612244897959 0.0
7.91020408163265 0.0132918
7.91428571428571 0.0
7.91836734693878 0.0
7.92244897959184 0.0
7.9265306122449 0.0
7.93061224489796 0.0
7.93469387755102 0.0
7.93877551020408 0.0
7.94285714285714 0.0
7.9469387755102 0.0
7.95102040816327 0.0
7.95510204081633 0.0
7.95918367346939 0.0
7.96326530612245 0.0
7.96734693877551 0.0
7.97142857142857 0.0
7.97551020408163 0.0
7.97959183673469 0.0
7.98367346938775 0.0
7.98775510204082 0.0
7.99183673469388 0.0
7.99591836734694 0.0
8.0 0.0
8.00408163265306 0.0
8.00816326530612 0.0
8.01224489795918 0.470929
8.01632653061225 1.95798
8.02040816326531 0.0
8.02448979591837 4.25318
8.02857142857143 16.882
8.03265306122449 12.3855
8.03673469387755 16.1698
8.04081632653061 48.5953
8.04489795918367 59.8071
8.04897959183674 62.5085
8.0530612244898 44.1482
8.05714285714286 38.2848
8.06122448979592 23.1817
8.06530612244898 6.89843
8.06938775510204 0.0
8.0734693877551 0.0
8.07755102040816 0.0
8.08163265306122 0.0
8.08571428571429 0.0
8.08979591836735 0.0
8.09387755102041 0.0
8.09795918367347 0.0
8.10204081632653 0.0
8.10612244897959 0.0
8.11020408163265 0.0
8.11428571428571 0.0
8.11836734693878 0.0
8.12244897959184 0.0
8.1265306122449 0.0
8.13061224489796 0.0
8.13469387755102 0.0
8.13877551020408 0.0
8.14285714285714 0.0
8.1469387755102 0.0
8.15102040816327 0.0
8.15510204081633 0.0
8.15918367346939 0.0
8.16326530612245 0.0
8.16734693877551 0.0
8.17142857142857 4.34804
8.17551020408163 8.74484
8.17959183673469 6.4539
8.18367346938776 8.33714
8.18775510204082 0.0
8.19183673469388 0.0
8.19591836734694 0.0
8.2 0.0
8.20408163265306 0.0
8.20816326530612 0.0
8.21224489795918 0.0
8.21632653061224 0.0
8.22040816326531 0.0
8.22448979591837 0.0
8.22857142857143 0.0
8.23265306122449 0.0
8.23673469387755 1.41054
8.24081632653061 1.65236
8.24489795918367 12.3352
8.24897959183673 4.47136
8.2530612244898 24.298
8.25714285714286 23.8512
8.26122448979592 10.6471
8.26530612244898 45.2629
8.26938775510204 4.61268
8.2734693877551 2.37602
8.27755102040816 5.79423
8.28163265306122 2.94062
8.28571428571429 3.53402
8.28979591836735 2.09141
8.29387755102041 1.59627
8.29795918367347 3.45063
8.30204081632653 2.47528
8.30612244897959 0.0
8.31020408163265 3.0399
8.31428571428571 0.0
8.31836734693877 0.0
8.32244897959184 0.0
8.3265306122449 0.0
8.33061224489796 0.0
8.33469387755102 0.0
8.33877551020408 0.0
8.34285714285714 0.0
8.3469387755102 0.0
8.35102040816327 0.0
8.35510204081633 0.0
8.35918367346939 0.0
8.36326530612245 0.0
8.36734693877551 0.0
8.37142857142857 0.0
8.37551020408163 0.0
8.37959183673469 0.0
8.38367346938776 0.0
8.38775510204082 0.0
8.39183673469388 0.0
8.39591836734694 0.0
8.4 0.0
8.40408163265306 0.0
8.40816326530612 0.0
8.41224489795918 0.0
8.41632653061225 0.0
8.42040816326531 0.0
8.42448979591837 0.0
8.42857142857143 0.0
8.43265306122449 0.0
8.43673469387755 0.0
8.44081632653061 0.0
8.44489795918367 0.0
8.44897959183673 4.38684
8.4530612244898 0.0
8.45714285714286 10.9673
8.46122448979592 52.902
8.46530612244898 86.4458
8.46938775510204 116.103
8.4734693877551 131.324
8.47755102040816 124.905
8.48163265306122 101.217
8.48571428571429 63.8799
8.48979591836735 59.4215
8.49387755102041 47.7985
8.49795918367347 33.9704
8.50204081632653 15.086
8.50612244897959 0.0
8.51020408163265 0.0
8.51428571428571 0.0
8.51836734693878 0.0
8.52244897959184 0.0
8.5265306122449 0.0
8.53061224489796 0.0
8.53469387755102 0.0
8.53877551020408 0.0
8.54285714285714 0.0
8.5469387755102 0.0
8.55102040816327 0.0
8.55510204081633 0.0
8.55918367346939 0.0
8.56326530612245 0.0
8.56734693877551 0.0
8.57142857142857 0.0
8.57551020408163 0.0
8.57959183673469 0.0
8.58367346938775 0.0
8.58775510204082 0.0
8.59183673469388 9.12036
8.59591836734694 16.8483
8.6 19.4105
8.60408163265306 16.4544
8.60816326530612 16.2096
8.61224489795918 17.6857
8.61632653061224 0.0
8.62040816326531 0.0
8.62448979591837 0.0
8.62857142857143 0.0
8.63265306122449 0.0
8.63673469387755 0.0
8.64081632653061 0.0
8.64489795918367 0.0
8.64897959183673 0.0
8.6530612244898 0.0
8.65714285714286 0.0
8.66122448979592 0.0
8.66530612244898 12.3729
8.66938775510204 26.1134
8.6734693877551 51.4495
8.67755102040816 75.8826
8.68163265306123 79.9267
8.68571428571429 71.3811
8.68979591836735 64.0363
8.69387755102041 53.2285
8.69795918367347 32.6192
8.70204081632653 28.4655
8.70612244897959 10.7994
8.71020408163265 3.88637
8.71428571428571 0.0
8.71836734693878 0.0
8.72244897959184 0.0
8.7265306122449 0.0
8.73061224489796 0.0
8.73469387755102 0.0
8.73877551020408 0.0
8.74285714285714 0.0
8.7469387755102 0.0
8.75102040816327 0.0
8.75510204081633 0.0
8.75918367346939 0.0
8.76326530612245 0.0
8.76734693877551 0.0
8.77142857142857 0.0
8.77551020408163 0.0
8.77959183673469 0.0
8.78367346938776 0.0
8.78775510204082 0.0
8.79183673469388 0.0
8.79591836734694 0.0
8.8 0.0
8.80408163265306 0.0
8.80816326530612 0.0
8.81224489795918 0.0
8.81632653061224 0.0
8.82040816326531 0.0
8.82448979591837 0.0
8.82857142857143 0.0
8.83265306122449 0.0
8.83673469387755 0.0
8.84081632653061 0.0
8.84489795918367 0.0
8.84897959183673 0.0
8.8530612244898 0.0
8.85714285714286 0.0
8.86122448979592 2.91228
8.86530612244898 0.0
8.86938775510204 5.71918
8.8734693877551 33.0152
8.87755102040816 52.9055
8.88163265306122 60.9116
8.88571428571429 57.4262
8.88979591836735 59.4569
8.89387755102041 55.3226
8.89795918367347 39.1321
8.90204081632653 37.6994
8.90612244897959 10.8173
8.91020408163265 5.95159
8.91428571428571 0.0
8.91836734693878 0.0
8.92244897959184 0.0
8.9265306122449 0.0
8.93061224489796 0.0
8.93469387755102 0.0
8.93877551020408 0.0
8.94285714285714 10.719
8.9469387755102 0.0
8.95102040816326 0.232227
8.95510204081633 4.43053
8.95918367346939 14.754
8.96326530612245 9.17378
8.96734693877551 15.575
8.97142857142857 5.2744
8.97551020408163 9.18475
8.97959183673469 10.2421
8.98367346938775 0.93317
8.98775510204082 0.0
8.99183673469388 0.0
8.99591836734694 0.0
9.0 0.0
9.00408163265306 0.0
9.00816326530612 0.0
9.01224489795918 0.0
9.01632653061225 0.0
9.02040816326531 0.0
9.02448979591837 0.0
9.02857142857143 0.0
9.03265306122449 0.0
9.03673469387755 0.0
9.04081632653061 0.0
9.04489795918367 0.0
9.04897959183674 0.0
9.0530612244898 0.0
9.05714285714286 0.0
9.06122448979592 0.0
9.06530612244898 0.0
9.06938775510204 0.0
9.0734693877551 13.9711
9.07755102040816 45.0494
9.08163265306122 96.2543
9.08571428571429 153.109
9.08979591836735 176.753
9.09387755102041 151.134
9.09795918367347 132.862
9.10204081632653 108.351
9.10612244897959 88.9905
9.11020408163265 75.0462
9.11428571428571 47.0244
9.11836734693878 30.867
9.12244897959184 11.7823
9.1265306122449 2.72977
9.13061224489796 4.81406
9.13469387755102 3.13029
9.13877551020408 0.0
9.14285714285714 0.0
9.1469387755102 0.0
9.15102040816327 0.0
9.15510204081633 0.0
9.15918367346939 0.0
9.16326530612245 0.0
9.16734693877551 0.0
9.17142857142857 0.0
9.17551020408163 0.0
9.17959183673469 0.0
9.18367346938776 0.0
9.18775510204082 0.0
9.19183673469388 0.0
9.19591836734694 0.0
9.2 0.0
9.20408163265306 0.0
9.20816326530612 0.0
9.21224489795918 0.0
9.21632653061224 0.0
9.22040816326531 0.0
9.22448979591837 0.0
9.22857142857143 0.0
9.23265306122449 0.0
9.23673469387755 0.0
9.24081632653061 0.0
9.24489795918367 0.0
9.24897959183673 0.0
9.2530612244898 0.0
9.25714285714286 0.0
9.26122448979592 0.0
9.26530612244898 0.0
9.26938775510204 0.0
9.2734693877551 0.0
9.27755102040816 0.0
9.28163265306122 0.0
9.28571428571429 0.0
9.28979591836735 0.0
9.29387755102041 0.0
9.29795918367347 0.0
9.30204081632653 0.0
9.30612244897959 0.0
9.31020408163265 0.0
9.31428571428571 0.0
9.31836734693877 0.0
9.32244897959184 0.0
9.3265306122449 0.0
9.33061224489796 0.0
9.33469387755102 0.0
9.33877551020408 0.0
9.34285714285714 0.0
9.3469387755102 0.0
9.35102040816327 0.0
9.35510204081633 0.0
9.35918367346939 0.0
9.36326530612245 0.0
9.36734693877551 0.0
9.37142857142857 0.0
9.37551020408163 0.0
9.37959183673469 0.0
9.38367346938776 0.0
9.38775510204082 0.0
9.39183673469388 0.0
9.39591836734694 0.0
9.4 0.0
9.40408163265306 0.0
9.40816326530612 0.0
9.41224489795918 0.0
9.41632653061225 0.0
9.42040816326531 0.0
9.42448979591837 0.0
9.42857142857143 0.0
9.43265306122449 0.0
9.43673469387755 0.475556
9.44081632653061 25.14
9.44489795918367 13.7398
9.44897959183673 36.7478
9.4530612244898 21.8435
9.45714285714286 41.9191
9.46122448979592 25.625
9.46530612244898 50.0827
9.46938775510204 23.4796
9.4734693877551 29.5907
9.47755102040816 12.3846
9.48163265306122 0.0
9.48571428571429 0.0
9.48979591836735 0.0
9.49387755102041 0.0
9.49795918367347 0.0
9.50204081632653 0.0
9.50612244897959 0.0
9.51020408163265 0.0
9.51428571428571 0.0
9.51836734693878 0.0
9.52244897959184 0.0
9.5265306122449 0.0
9.53061224489796 0.0
9.53469387755102 0.0
9.53877551020408 4.85696
9.54285714285714 5.55545
9.5469387755102 5.15121
9.55102040816327 1.472
9.55510204081633 0.920594
9.55918367346939 0.393987
9.56326530612245 0.0
9.56734693877551 0.0
9.57142857142857 0.0
9.57551020408163 0.0
9.57959183673469 0.0
9.58367346938775 0.0
9.58775510204082 0.0
9.59183673469388 0.0
9.59591836734694 0.0
9.6 0.0
9.60408163265306 0.0
9.60816326530612 0.0
9.61224489795918 0.0
9.61632653061224 0.0
9.62040816326531 0.0
9.62448979591837 0.0
9.62857142857143 0.0
9.63265306122449 0.0
9.63673469387755 0.0
9.64081632653061 0.0
9.64489795918367 0.0
9.64897959183673 0.0
9.6530612244898 0.0
9.65714285714286 0.0
9.66122448979592 0.0
9.66530612244898 16.5764
9.66938775510204 36.2677
9.6734693877551 63.5625
9.67755102040816 84.9706
9.68163265306123 87.6846
9.68571428571429 85.5818
9.68979591836735 81.4708
9.69387755102041 68.2608
9.69795918367347 53.4745
9.70204081632653 37.3194
9.70612244897959 19.1388
9.71020408163265 3.96154
9.71428571428571 0.0
9.71836734693878 0.0
9.72244897959184 0.0
9.7265306122449 0.0
9.73061224489796 0.0
9.73469387755102 0.0
9.73877551020408 0.0
9.74285714285714 0.0
9.7469387755102 0.0
9.75102040816327 0.0
9.75510204081633 0.0
9.75918367346939 0.0
9.76326530612245 0.0
9.76734693877551 0.0
9.77142857142857 0.0
9.77551020408163 0.0
9.77959183673469 0.0
9.78367346938776 0.0
9.78775510204082 0.0
9.79183673469388 0.0
9.79591836734694 0.0
9.8 0.0
9.80408163265306 0.0
9.80816326530612 0.0
9.81224489795918 0.0
9.81632653061224 0.0
9.82040816326531 0.0
9.82448979591837 0.0
9.82857142857143 0.0
9.83265306122449 0.0
9.83673469387755 0.0
9.84081632653061 0.0
9.84489795918367 0.0
9.84897959183673 0.0
9.8530612244898 0.0
9.85714285714286 3.8752
9.86122448979592 11.9046
9.86530612244898 17.4829
9.86938775510204 17.4143
9.8734693877551 11.3937
9.87755102040816 13.1248
9.88163265306122 12.5639
9.88571428571429 8.52743
9.88979591836735 3.15255
9.89387755102041 0.0
9.89795918367347 0.0
9.90204081632653 0.0
9.90612244897959 0.0
9.91020408163265 0.0
9.91428571428571 0.0
9.91836734693878 0.0
9.92244897959184 0.0
9.9265306122449 0.0
9.93061224489796 0.0
9.93469387755102 0.0
9.93877551020408 0.0
9.94285714285714 0.0
9.9469387755102 2.10953
9.95102040816326 5.3457
9.95510204081633 0.0
9.95918367346939 0.0
