0.00408163265306122 31.7875
0.00816326530612245 15.8623
0.0122448979591837 4.14324
0.0163265306122449 0.0
0.0204081632653061 0.0
0.0244897959183673 0.0
0.0285714285714286 0.0
0.0326530612244898 0.0
0.036734693877551 0.0
0.0408163265306122 0.0
0.0448979591836735 0.0
0.0489795918367347 0.0
0.0530612244897959 0.0
0.0571428571428571 0.0
0.0612244897959184 0.0
0.0653061224489796 0.0
0.0693877551020408 0.0
0.073469387755102 0.0
0.0775510204081633 0.0
0.0816326530612245 0.0
0.0857142857142857 0.0
0.0897959183673469 0.0
0.0938775510204082 0.0
0.0979591836734694 0.0
0.102040816326531 0.0
0.106122448979592 0.0
0.110204081632653 0.0
0.114285714285714 0.0
0.118367346938776 0.0
0.122448979591837 0.0
0.126530612244898 0.0
0.130612244897959 0.0
0.13469387755102 0.0
0.138775510204082 0.0
0.142857142857143 0.0
0.146938775510204 0.0
0.151020408163265 0.0
0.155102040816327 0.0
0.159183673469388 0.0
0.163265306122449 0.0
0.16734693877551 0.0
0.171428571428571 0.0
0.175510204081633 0.0
0.179591836734694 0.0
0.183673469387755 0.0
0.187755102040816 0.0
0.191836734693878 0.0
0.195918367346939 0.0
0.2 0.0
0.204081632653061 0.0
0.208163265306122 0.0
0.212244897959184 0.0
0.216326530612245 0.0
0.220408163265306 0.0
0.224489795918367 0.0
0.228571428571429 0.0
0.23265306122449 0.0
0.236734693877551 0.0
0.240816326530612 0.0
0.244897959183673 0.0
0.248979591836735 0.0
0.253061224489796 0.0
0.257142857142857 0.0
0.261224489795918 0.0
0.26530612244898 0.0
0.269387755102041 0.0
0.273469387755102 0.0
0.277551020408163 0.0
0.281632653061224 13.4505
0.285714285714286 49.0727
0.289795918367347 66.9118
0.293877551020408 111.257
0.297959183673469 126.739
0.302040816326531 173.965
0.306122448979592 143.996
0.310204081632653 119.352
0.314285714285714 88.1088
0.318367346938775 72.7633
0.322448979591837 61.0254
0.326530612244898 47.9233
0.330612244897959 32.0333
0.33469387755102 20.5195
0.338775510204082 6.16521
0.342857142857143 0.0
0.346938775510204 0.0
0.351020408163265 0.0
0.355102040816327 0.0
0.359183673469388 0.0
0.363265306122449 0.0
0.36734693877551 0.0
0.371428571428571 0.0
0.375510204081633 0.0
0.379591836734694 0.0
0.383673469387755 0.0
0.387755102040816 0.0
0.391836734693878 0.0
0.395918367346939 0.0
0.4 0.0
0.404081632653061 0.0
0.408163265306122 0.0
0.412244897959184 0.0
0.416326530612245 0.0
0.420408163265306 0.0
0.424489795918367 0.0
0.428571428571429 0.0
0.43265306122449 0.0
0.436734693877551 0.0
0.440816326530612 0.0
0.444897959183673 0.0
0.448979591836735 0.0
0.453061224489796 0.0
0.457142857142857 0.0
0.461224489795918 0.0
0.46530612244898 0.0
0.469387755102041 0.0
0.473469387755102 0.0
0.477551020408163 0.0
0.481632653061224 0.0
0.485714285714286 0.0
0.489795918367347 0.0
0.493877551020408 0.0
0.497959183673469 0.0
0.502040816326531 0.0
0.506122448979592 0.0
0.510204081632653 0.0
0.514285714285714 0.0
0.518367346938776 0.0
0.522448979591837 0.0
0.526530612244898 0.0
0.530612244897959 0.0
0.53469387755102 0.0
0.538775510204082 0.0
0.542857142857143 0.0
0.546938775510204 0.0
0.551020408163265 0.0
0.555102040816327 0.0
0.559183673469388 0.0
0.563265306122449 0.0
0.56734693877551 0.0
0.571428571428571 0.0
0.575510204081633 0.0
0.579591836734694 0.0
0.583673469387755 0.0
0.587755102040816 0.0
0.591836734693878 0.0
0.595918367346939 0.0
0.6 0.0
0.604081632653061 0.0
0.608163265306122 0.0
0.612244897959184 0.0
0.616326530612245 0.0
0.620408163265306 0.0
0.624489795918367 0.469517
0.628571428571429 8.42572
0.63265306122449 16.4783
0.636734693877551 38.2012
0.640816326530612 106.412
0.644897959183673 116.156
0.648979591836735 131.824
0.653061224489796 117.526
0.657142857142857 105.308
0.661224489795918 96.7345
0.66530612244898 79.9079
0.669387755102041 63.8103
0.673469387755102 53.1476
0.677551020408163 36.6189
0.681632653061224 20.0719
0.685714285714286 7.03878
0.689795918367347 1.37955
0.693877551020408 0.0
0.697959183673469 0.0
0.702040816326531 0.0
0.706122448979592 0.0
0.710204081632653 0.0
0.714285714285714 0.0
0.718367346938775 0.0
0.722448979591837 0.0
0.726530612244898 0.0
0.730612244897959 0.0
0.73469387755102 0.0
0.738775510204082 0.0
0.742857142857143 0.0
0.746938775510204 0.0
0.751020408163265 0.0
0.755102040816326 0.0
0.759183673469388 0.0
0.763265306122449 0.0
0.76734693877551 0.0
0.771428571428571 0.0
0.775510204081633 0.0
0.779591836734694 0.0
0.783673469387755 0.0
0.787755102040816 0.0
0.791836734693877 0.0
0.795918367346939 0.0
0.8 0.0
0.804081632653061 0.0
0.808163265306122 0.0
0.812244897959184 0.0
0.816326530612245 0.934362
0.820408163265306 0.0
0.824489795918367 1.15788
0.828571428571429 0.0
0.83265306122449 0.0
0.836734693877551 0.0
0.840816326530612 0.0
0.844897959183673 0.0
0.848979591836735 0.0
0.853061224489796 0.0
0.857142857142857 0.0
0.861224489795918 0.0
0.86530612244898 0.0
0.869387755102041 0.0
0.873469387755102 0.0
0.877551020408163 0.0
0.881632653061225 0.0
0.885714285714286 0.0
0.889795918367347 0.0
0.893877551020408 0.0
0.897959183673469 0.0
0.902040816326531 0.0
0.906122448979592 2.50632
0.910204081632653 0.0
0.914285714285714 0.397682
0.918367346938776 1.06925
0.922448979591837 0.0
0.926530612244898 0.0
0.930612244897959 0.0
0.93469387755102 0.0
0.938775510204082 0.37958
0.942857142857143 0.0891387
0.946938775510204 0.0
0.951020408163265 0.0
0.955102040816327 0.0
0.959183673469388 3.29502
0.963265306122449 15.4932
0.96734693877551 57.4383
0.971428571428571 99.2552
0.975510204081633 114.303
0.979591836734694 122.65
0.983673469387755 102.765
0.987755102040816 87.6449
0.991836734693878 76.5852
0.995918367346939 60.1792
1.0 41.7413
1.00408163265306 25.6442
1.00816326530612 12.0615
1.01224489795918 2.38711
1.01632653061224 0.0
1.02040816326531 0.0
1.02448979591837 0.0
1.02857142857143 0.0
1.03265306122449 0.0
1.03673469387755 0.0
1.04081632653061 0.0
1.04489795918367 0.0
1.04897959183673 0.0
1.0530612244898 0.0
1.05714285714286 0.0
1.06122448979592 0.0
1.06530612244898 0.0
1.06938775510204 0.0
1.0734693877551 0.0
1.07755102040816 0.0
1.08163265306122 0.0
1.08571428571429 0.0
1.08979591836735 0.0
1.09387755102041 0.0
1.09795918367347 0.0
1.10204081632653 0.0
1.10612244897959 0.0
1.11020408163265 0.0
1.11428571428571 0.0
1.11836734693878 0.0
1.12244897959184 0.0
1.1265306122449 0.0
1.13061224489796 0.0
1.13469387755102 0.0
1.13877551020408 0.0
1.14285714285714 0.0
1.1469387755102 0.0
1.15102040816327 0.0
1.15510204081633 0.0
1.15918367346939 0.0
1.16326530612245 0.0
1.16734693877551 0.0
1.17142857142857 0.0
1.17551020408163 0.0
1.17959183673469 0.0
1.18367346938776 0.0
1.18775510204082 0.0
1.19183673469388 0.0
1.19591836734694 0.0
1.2 0.0
1.20408163265306 0.0
1.20816326530612 0.0
1.21224489795918 0.0
1.21632653061224 0.0
1.22040816326531 0.0
1.22448979591837 0.0
1.22857142857143 0.0
1.23265306122449 0.0
1.23673469387755 0.0
1.24081632653061 0.0
1.24489795918367 0.0
1.24897959183673 0.0
1.2530612244898 0.0
1.25714285714286 0.402987
1.26122448979592 1.1881
1.26530612244898 0.0
1.26938775510204 0.0
1.2734693877551 0.0
1.27755102040816 0.0
1.28163265306122 0.0
1.28571428571429 0.0
1.28979591836735 0.0
1.29387755102041 0.202417
1.29795918367347 1.4995
1.30204081632653 3.07484
1.30612244897959 16.8613
1.31020408163265 66.3639
1.31428571428571 87.3835
1.31836734693878 88.872
1.32244897959184 78.6116
1.3265306122449 69.7796
1.33061224489796 57.239
1.33469387755102 45.5242
1.33877551020408 36.3713
1.34285714285714 27.4491
1.3469387755102 15.3917
1.35102040816327 2.73561
1.35510204081633 0.0
1.35918367346939 0.0
1.36326530612245 0.0
1.36734693877551 0.0
1.37142857142857 0.0
1.37551020408163 0.0
1.37959183673469 0.0
1.38367346938776 0.0
1.38775510204082 0.0
1.39183673469388 0.0
1.39591836734694 0.0
1.4 0.0
1.40408163265306 0.0
1.40816326530612 0.0
1.41224489795918 0.0
1.41632653061225 0.0
1.42040816326531 0.0
1.42448979591837 0.0
1.42857142857143 0.0
1.43265306122449 0.0
1.43673469387755 0.0
1.44081632653061 0.0
1.44489795918367 0.0
1.44897959183673 0.0
1.4530612244898 0.0
1.45714285714286 0.0
1.46122448979592 0.0
1.46530612244898 0.0
1.46938775510204 0.0
1.4734693877551 0.0
1.47755102040816 0.0
1.48163265306122 0.0
1.48571428571429 0.0
1.48979591836735 0.0
1.49387755102041 0.0
1.49795918367347 0.0
1.50204081632653 0.0
1.50612244897959 0.0
1.51020408163265 0.0
1.51428571428571 0.0
1.51836734693878 0.0
1.52244897959184 0.0
1.5265306122449 0.0
1.53061224489796 0.0
1.53469387755102 0.0
1.53877551020408 0.0
1.54285714285714 0.0
1.5469387755102 0.0
1.55102040816327 0.0
1.55510204081633 0.0
1.55918367346939 0.0
1.56326530612245 0.0
1.56734693877551 0.0
1.57142857142857 0.0
1.57551020408163 0.0
1.57959183673469 0.0
1.58367346938775 0.0
1.58775510204082 0.0
1.59183673469388 0.0
1.59591836734694 0.0
1.6 0.0
1.60408163265306 0.0
1.60816326530612 0.0
1.61224489795918 0.0
1.61632653061224 0.0
1.62040816326531 0.0
1.62448979591837 0.866055
1.62857142857143 7.58964
1.63265306122449 29.7835
1.63673469387755 43.4027
1.64081632653061 48.4222
1.64489795918367 51.0473
1.64897959183673 47.0545
1.6530612244898 38.6695
1.65714285714286 23.8298
1.66122448979592 9.18958
1.66530612244898 0.857472
1.66938775510204 0.115395
1.6734693877551 0.0
1.67755102040816 0.0
1.68163265306122 0.0
1.68571428571429 0.0
1.68979591836735 0.0
1.69387755102041 0.0
1.69795918367347 0.0
1.70204081632653 0.0
1.70612244897959 0.0
1.71020408163265 0.246465
1.71428571428571 0.0
1.71836734693878 0.0
1.72244897959184 0.0
1.7265306122449 0.0
1.73061224489796 0.0
1.73469387755102 0.235558
1.73877551020408 0.0
1.74285714285714 0.0
1.7469387755102 0.0
1.75102040816327 0.0
1.75510204081633 0.0
1.75918367346939 0.0
1.76326530612245 0.0
1.76734693877551 0.0
1.77142857142857 0.0
1.77551020408163 0.0
1.77959183673469 0.0
1.78367346938776 0.0
1.78775510204082 1.64542
1.79183673469388 0.0
1.79591836734694 0.0
1.8 0.0
1.80408163265306 0.0
1.80816326530612 0.0
1.81224489795918 0.0
1.81632653061224 0.0
1.82040816326531 0.716448
1.82448979591837 5.76669
1.82857142857143 10.1979
1.83265306122449 14.8045
1.83673469387755 24.2174
1.84081632653061 21.3253
1.84489795918367 16.0172
1.84897959183673 14.1452
1.8530612244898 13.3398
1.85714285714286 4.26128
1.86122448979592 3.01564
1.86530612244898 3.68619
1.86938775510204 0.0
1.8734693877551 0.0
1.87755102040816 0.278175
1.88163265306122 0.0
1.88571428571429 0.0
1.88979591836735 0.0
1.89387755102041 0.0
1.89795918367347 0.0
1.90204081632653 0.0
1.90612244897959 0.0
1.91020408163265 0.0
1.91428571428571 0.0
1.91836734693878 0.0
1.92244897959184 0.0
1.9265306122449 0.0
1.93061224489796 0.0
1.93469387755102 0.0
1.93877551020408 0.131369
1.94285714285714 0.0
1.9469387755102 4.83137
1.95102040816327 4.94123
1.95510204081633 1.9843
1.95918367346939 5.77247
1.96326530612245 3.04717
1.96734693877551 7.26196
1.97142857142857 11.0074
1.97551020408163 20.3725
1.97959183673469 33.6295
1.98367346938776 43.0891
1.98775510204082 64.4852
1.99183673469388 80.6484
1.99591836734694 74.728
2.0 63.6159
2.00408163265306 53.487
2.00816326530612 38.7365
2.01224489795918 30.0167
2.01632653061225 18.567
2.02040816326531 9.68546
2.02448979591837 11.6105
2.02857142857143 10.0468
2.03265306122449 4.55189
2.03673469387755 0.665426
2.04081632653061 0.0
2.04489795918367 0.0
2.04897959183673 0.0
2.0530612244898 0.0
2.05714285714286 0.0
2.06122448979592 0.0
2.06530612244898 0.0
2.06938775510204 0.0
2.0734693877551 0.0
2.07755102040816 0.0
2.08163265306122 0.0
2.08571428571429 0.0
2.08979591836735 0.0
2.09387755102041 0.0
2.09795918367347 0.0
2.10204081632653 0.0
2.10612244897959 0.0
2.11020408163265 0.0
2.11428571428571 0.0
2.11836734693878 0.0
2.12244897959184 0.0
2.1265306122449 0.0
2.13061224489796 0.0
2.13469387755102 0.0
2.13877551020408 0.0
2.14285714285714 0.0
2.1469387755102 0.0
2.15102040816327 0.0
2.15510204081633 0.0
2.15918367346939 0.0
2.16326530612245 0.0
2.16734693877551 0.0
2.17142857142857 0.214219
2.17551020408163 1.22263
2.17959183673469 0.0
2.18367346938776 0.0
2.18775510204082 0.858247
2.19183673469388 0.0
2.19591836734694 0.0
2.2 0.0
2.20408163265306 0.0
2.20816326530612 0.0
2.21224489795918 0.0
2.21632653061224 0.0
2.22040816326531 0.0
2.22448979591837 0.0
2.22857142857143 0.0
2.23265306122449 0.0
2.23673469387755 0.0
2.24081632653061 0.0
2.24489795918367 0.0
2.24897959183673 0.0
2.2530612244898 0.0
2.25714285714286 0.0
2.26122448979592 0.0
2.26530612244898 0.0
2.26938775510204 0.0
2.2734693877551 0.0
2.27755102040816 0.0
2.28163265306122 0.0
2.28571428571429 0.0
2.28979591836735 0.0
2.29387755102041 0.0
2.29795918367347 0.0
2.30204081632653 0.0
2.30612244897959 0.0
2.31020408163265 0.0
2.31428571428571 5.26291
2.31836734693878 18.8368
2.32244897959184 20.6028
2.3265306122449 6.48123
2.33061224489796 29.3145
2.33469387755102 30.1
2.33877551020408 25.1988
2.34285714285714 17.8028
2.3469387755102 6.9834
2.35102040816327 0.0
2.35510204081633 0.0
2.35918367346939 0.0
2.36326530612245 0.0
2.36734693877551 0.0
2.37142857142857 0.0
2.37551020408163 0.0
2.37959183673469 0.0
2.38367346938776 0.0
2.38775510204082 0.0
2.39183673469388 0.0
2.39591836734694 0.0
2.4 0.0
2.40408163265306 0.0
2.40816326530612 0.0
2.41224489795918 0.0
2.41632653061225 0.0
2.42040816326531 0.0
2.42448979591837 0.0
2.42857142857143 0.0
2.43265306122449 0.0
2.43673469387755 0.0
2.44081632653061 0.0
2.44489795918367 0.0
2.44897959183673 0.0
2.4530612244898 0.0
2.45714285714286 0.0
2.46122448979592 0.0
2.46530612244898 0.0
2.46938775510204 0.0
2.4734693877551 0.0
2.47755102040816 0.0
2.48163265306122 0.0
2.48571428571429 0.0
2.48979591836735 0.400662
2.49387755102041 0.0
2.49795918367347 0.0
2.50204081632653 0.0
2.50612244897959 0.0
2.51020408163265 1.13755
2.51428571428571 0.0
2.51836734693878 4.66311
2.52244897959184 0.0
2.5265306122449 0.0
2.53061224489796 0.0
2.53469387755102 0.0
2.53877551020408 0.0
2.54285714285714 0.0
2.5469387755102 0.0
2.55102040816327 0.0
2.55510204081633 0.0
2.55918367346939 0.0
2.56326530612245 0.0
2.56734693877551 3.58277
2.57142857142857 12.8309
2.57551020408163 9.4986
2.57959183673469 14.6017
2.58367346938775 22.5479
2.58775510204082 40.9157
2.59183673469388 42.239
2.59591836734694 33.6284
2.6 40.0279
2.60408163265306 38.5287
2.60816326530612 61.8745
2.61224489795918 73.5015
2.61632653061224 75.6545
2.62040816326531 90.8363
2.62448979591837 91.449
2.62857142857143 79.5818
2.63265306122449 65.1526
2.63673469387755 51.4296
2.64081632653061 37.0947
2.64489795918367 29.2107
2.64897959183673 19.3182
2.6530612244898 11.2539
2.65714285714286 0.261188
2.66122448979592 0.0
2.66530612244898 0.0
2.66938775510204 0.0
2.6734693877551 0.0
2.67755102040816 0.0
2.68163265306122 0.0
2.68571428571429 0.0
2.68979591836735 0.0
2.69387755102041 0.0
2.69795918367347 0.0
2.70204081632653 0.0
2.70612244897959 0.0
2.71020408163265 0.0
2.71428571428571 0.0
2.71836734693878 0.0
2.72244897959184 0.0
2.7265306122449 0.0
2.73061224489796 0.0
2.73469387755102 0.0
2.73877551020408 0.0
2.74285714285714 0.0
2.7469387755102 0.0
2.75102040816327 0.0
2.75510204081633 0.0
2.75918367346939 0.0
2.76326530612245 0.0
2.76734693877551 0.0
2.77142857142857 0.0
2.77551020408163 0.0
2.77959183673469 1.88214
2.78367346938776 0.0
2.78775510204082 0.0
2.79183673469388 0.0
2.79591836734694 0.0
2.8 0.0
2.80408163265306 0.0
2.80816326530612 0.0
2.81224489795918 0.0
2.81632653061224 0.0
2.82040816326531 0.0
2.82448979591837 0.0
2.82857142857143 0.0
2.83265306122449 0.0
2.83673469387755 0.0
2.84081632653061 0.0
2.84489795918367 0.0
2.84897959183673 0.0
2.8530612244898 0.0
2.85714285714286 0.0
2.86122448979592 1.00109
2.86530612244898 0.0
2.86938775510204 0.0
2.8734693877551 0.0
2.87755102040816 0.0
2.88163265306122 0.0
2.88571428571429 0.0
2.88979591836735 0.0
2.89387755102041 0.0
2.89795918367347 0.0
2.90204081632653 1.13387
2.90612244897959 5.58653
2.91020408163265 7.80934
2.91428571428571 7.92778
2.91836734693878 3.10516
2.92244897959184 1.55494
2.9265306122449 1.47605
2.93061224489796 0.0
2.93469387755102 1.513
2.93877551020408 1.37183
2.94285714285714 0.23824
2.9469387755102 4.64985
2.95102040816327 4.69752
2.95510204081633 3.27473
2.95918367346939 5.76696
2.96326530612245 2.44395
2.96734693877551 6.87903
2.97142857142857 6.00264
2.97551020408163 4.59284
2.97959183673469 0.0
2.98367346938775 0.0
2.98775510204082 0.0
2.99183673469388 0.0
2.99591836734694 0.0
3.0 0.0
3.00408163265306 0.0
3.00816326530612 0.0
3.01224489795918 0.0
3.01632653061225 0.0
3.02040816326531 0.0
3.02448979591837 0.0
3.02857142857143 0.0
3.03265306122449 0.0
3.03673469387755 0.0
3.04081632653061 1.665
3.04489795918367 5.08822
3.04897959183673 0.0
3.0530612244898 0.0
3.05714285714286 0.0
3.06122448979592 0.0
3.06530612244898 0.0
3.06938775510204 0.0
3.0734693877551 0.0
3.07755102040816 0.29172
3.08163265306122 2.03292
3.08571428571429 21.5222
3.08979591836735 5.56961
3.09387755102041 0.0
3.09795918367347 0.53741
3.10204081632653 20.3385
3.10612244897959 61.9978
3.11020408163265 106.776
3.11428571428571 112.435
3.11836734693878 117.903
3.12244897959184 104.001
3.1265306122449 82.5137
3.13061224489796 60.5276
3.13469387755102 29.9021
3.13877551020408 23.6804
3.14285714285714 13.1215
3.1469387755102 7.2538
3.15102040816327 1.61806
3.15510204081633 0.286937
3.15918367346939 0.0
3.16326530612245 0.0
3.16734693877551 3.51385
3.17142857142857 1.12551
3.17551020408163 0.0
3.17959183673469 0.0
3.18367346938776 0.0
3.18775510204082 0.0
3.19183673469388 0.0
3.19591836734694 0.0
3.2 0.0
3.20408163265306 0.0
3.20816326530612 0.0
3.21224489795918 0.0
3.21632653061224 0.0
3.22040816326531 0.0
3.22448979591837 0.0
3.22857142857143 0.0
3.23265306122449 0.0
3.23673469387755 0.0
3.24081632653061 10.4812
3.24489795918367 10.403
3.24897959183673 18.2623
3.2530612244898 14.1422
3.25714285714286 16.5255
3.26122448979592 14.8046
3.26530612244898 12.7289
3.26938775510204 23.8909
3.2734693877551 18.3803
3.27755102040816 15.0043
3.28163265306122 16.0762
3.28571428571429 18.318
3.28979591836735 20.8033
3.29387755102041 20.097
3.29795918367347 14.704
3.30204081632653 9.77039
3.30612244897959 4.11709
3.31020408163265 0.0
3.31428571428571 0.0
3.31836734693878 0.0
3.32244897959184 0.0
3.3265306122449 0.0
3.33061224489796 0.0
3.33469387755102 0.0
3.33877551020408 0.0
3.34285714285714 0.0
3.3469387755102 0.0
3.35102040816327 0.0
3.35510204081633 0.0
3.35918367346939 0.0
3.36326530612245 0.0
3.36734693877551 0.0
3.37142857142857 0.0
3.37551020408163 0.0
3.37959183673469 0.0
3.38367346938776 0.0
3.38775510204082 0.0
3.39183673469388 0.0
3.39591836734694 0.0
3.4 0.19151
3.40408163265306 0.0
3.40816326530612 2.65956
3.41224489795918 2.28459
3.41632653061225 3.32559
3.42040816326531 4.61224
3.42448979591837 6.54173
3.42857142857143 17.6364
3.43265306122449 13.5419
3.43673469387755 11.6416
3.44081632653061 11.1672
3.44489795918367 11.135
3.44897959183673 6.75321
3.4530612244898 10.4877
3.45714285714286 0.0
3.46122448979592 0.379086
3.46530612244898 0.0
3.46938775510204 0.0
3.4734693877551 0.0
3.47755102040816 0.0
3.48163265306122 0.0
3.48571428571429 0.0
3.48979591836735 0.0
3.49387755102041 0.0
3.49795918367347 0.0
3.50204081632653 1.23876
3.50612244897959 0.0
3.51020408163265 0.0
3.51428571428571 0.0
3.51836734693878 0.0
3.52244897959184 0.0
3.5265306122449 0.0
3.53061224489796 0.0
3.53469387755102 0.0
3.53877551020408 0.0
3.54285714285714 0.0
3.5469387755102 0.0
3.55102040816327 0.0
3.55510204081633 0.0
3.55918367346939 0.0
3.56326530612245 0.0
3.56734693877551 0.0
3.57142857142857 0.0
3.57551020408163 0.0
3.57959183673469 0.0
3.58367346938775 9.84428
3.58775510204082 24.0372
3.59183673469388 53.5986
3.59591836734694 67.0719
3.6 71.1903
3.60408163265306 59.1555
3.60816326530612 56.3227
3.61224489795918 61.4036
3.61632653061224 56.4055
3.62040816326531 42.4799
3.62448979591837 32.2915
3.62857142857143 19.4004
3.63265306122449 13.6132
3.63673469387755 8.21048
3.64081632653061 1.50341
3.64489795918367 0.0
3.64897959183673 0.0
3.6530612244898 0.0
3.65714285714286 0.0
3.66122448979592 0.0
3.66530612244898 0.0
3.66938775510204 0.0
3.6734693877551 0.0
3.67755102040816 0.0
3.68163265306122 0.0
3.68571428571429 0.0
3.68979591836735 0.0
3.69387755102041 0.0
3.69795918367347 0.0
3.70204081632653 0.0
3.70612244897959 0.0
3.71020408163265 0.0
3.71428571428571 0.0
3.71836734693878 0.0
3.72244897959184 0.0
3.7265306122449 0.0
3.73061224489796 0.0
3.73469387755102 0.0
3.73877551020408 0.0
3.74285714285714 0.0
3.7469387755102 0.0
3.75102040816327 0.0
3.75510204081633 0.0
3.75918367346939 0.0
3.76326530612245 0.0
3.76734693877551 0.0486374
3.77142857142857 0.0
3.77551020408163 0.0
3.77959183673469 0.0
3.78367346938776 0.0
3.78775510204082 0.0
3.79183673469388 0.0
3.79591836734694 0.0
3.8 0.0
3.80408163265306 0.0
3.80816326530612 0.0
3.81224489795918 0.0
3.81632653061224 0.0
3.82040816326531 0.0
3.82448979591837 0.0
3.82857142857143 0.0
3.83265306122449 0.0
3.83673469387755 0.0
3.84081632653061 0.0
3.84489795918367 0.0
3.84897959183673 0.0
3.8530612244898 0.0
3.85714285714286 0.0
3.86122448979592 0.0
3.86530612244898 0.0
3.86938775510204 0.0
3.8734693877551 0.0
3.87755102040816 0.0
3.88163265306122 0.0
3.88571428571429 0.968516
3.88979591836735 1.28469
3.89387755102041 14.9075
3.89795918367347 19.8121
3.90204081632653 32.9929
3.90612244897959 25.6987
3.91020408163265 41.4729
3.91428571428571 55.9774
3.91836734693878 51.5386
3.92244897959184 50.8288
3.9265306122449 47.9628
3.93061224489796 32.7297
3.93469387755102 26.7771
3.93877551020408 17.5499
3.94285714285714 10.199
3.9469387755102 2.29263
3.95102040816327 0.0
3.95510204081633 0.0
3.95918367346939 0.0
3.96326530612245 0.0
3.96734693877551 0.0
3.97142857142857 0.0
3.97551020408163 0.0
3.97959183673469 0.0
3.98367346938775 0.0
3.98775510204082 0.0
3.99183673469388 0.0
3.99591836734694 0.0
4.0 0.0
4.00408163265306 0.0
4.00816326530612 0.0
4.01224489795918 0.0
4.01632653061225 0.0
4.02040816326531 0.0
4.02448979591837 0.0
4.02857142857143 0.0
4.03265306122449 0.0
4.03673469387755 0.0
4.04081632653061 0.0
4.04489795918367 0.0
4.04897959183673 0.0
4.0530612244898 0.0
4.05714285714286 0.0
4.06122448979592 0.0
4.06530612244898 0.0
4.06938775510204 0.0
4.0734693877551 0.0
4.07755102040816 0.0
4.08163265306122 0.0
4.08571428571429 0.0
4.08979591836735 0.0
4.09387755102041 0.0
4.09795918367347 0.0
4.10204081632653 0.0
4.10612244897959 0.0
4.11020408163265 0.0
4.11428571428571 0.0
4.11836734693878 0.0
4.12244897959184 0.0
4.1265306122449 0.0
4.13061224489796 0.0
4.13469387755102 0.0
4.13877551020408 0.0
4.14285714285714 0.0
4.1469387755102 0.0
4.15102040816326 0.0
4.15510204081633 0.0
4.15918367346939 0.0
4.16326530612245 0.0
4.16734693877551 0.0
4.17142857142857 0.0
4.17551020408163 0.0
4.17959183673469 0.0
4.18367346938776 0.0
4.18775510204082 0.0
4.19183673469388 0.0
4.19591836734694 0.0
4.2 5.15866
4.20408163265306 12.9412
4.20816326530612 0.217289
4.21224489795918 55.0758
4.21632653061225 63.0501
4.22040816326531 65.585
4.22448979591837 79.8397
4.22857142857143 65.7632
4.23265306122449 38.3169
4.23673469387755 26.6387
4.24081632653061 15.0966
4.24489795918367 6.63171
4.24897959183673 0.0
4.2530612244898 0.0
4.25714285714286 0.0
4.26122448979592 0.0
4.26530612244898 0.0
4.26938775510204 0.0
4.2734693877551 0.0
4.27755102040816 0.0
4.28163265306122 0.0
4.28571428571429 0.0
4.28979591836735 0.0
4.29387755102041 0.0
4.29795918367347 0.0
4.30204081632653 0.0
4.30612244897959 0.0
4.31020408163265 0.0
4.31428571428571 0.0
4.31836734693878 0.442028
4.32244897959184 0.0
4.3265306122449 0.0
4.33061224489796 0.0
4.33469387755102 0.0
4.33877551020408 0.0
4.34285714285714 0.0
4.3469387755102 0.0
4.35102040816327 0.0
4.35510204081633 0.0
4.35918367346939 0.0
4.36326530612245 0.0
4.36734693877551 0.0
4.37142857142857 0.0
4.37551020408163 0.0
4.37959183673469 9.48818
4.38367346938776 31.0168
4.38775510204082 60.9753
4.39183673469388 69.6196
4.39591836734694 73.5961
4.4 68.6889
4.40408163265306 54.0985
4.40816326530612 38.3067
4.41224489795918 24.1848
4.41632653061224 13.2903
4.42040816326531 7.20435
4.42448979591837 3.72329
4.42857142857143 0.0
4.43265306122449 0.0
4.43673469387755 0.0
4.44081632653061 0.0
4.44489795918367 0.0
4.44897959183673 0.0
4.4530612244898 0.0
4.45714285714286 0.0
4.46122448979592 0.0
4.46530612244898 0.0
4.46938775510204 0.0
4.4734693877551 0.0
4.47755102040816 0.0
4.48163265306122 0.0
4.48571428571429 0.0
4.48979591836735 0.0
4.49387755102041 0.0
4.49795918367347 0.0
4.50204081632653 0.0
4.50612244897959 0.0
4.51020408163265 0.0
4.51428571428571 0.0
4.51836734693878 0.0
4.52244897959184 0.0
4.5265306122449 0.0
4.53061224489796 0.0
4.53469387755102 0.0
4.53877551020408 0.449955
4.54285714285714 0.09799
4.5469387755102 1.6045
4.55102040816327 9.85622
4.55510204081633 24.5428
4.55918367346939 33.4021
4.56326530612245 42.8965
4.56734693877551 38.2443
4.57142857142857 31.7249
4.57551020408163 28.8607
4.57959183673469 24.6581
4.58367346938776 14.9496
4.58775510204082 5.2323
4.59183673469388 0.0
4.59591836734694 0.0
4.6 0.0
4.60408163265306 0.0
4.60816326530612 0.0
4.61224489795918 0.0
4.61632653061224 0.0
4.62040816326531 0.0
4.62448979591837 0.0
4.62857142857143 0.0
4.63265306122449 0.0
4.63673469387755 0.0
4.64081632653061 0.0
4.64489795918367 0.0
4.64897959183673 0.0
4.6530612244898 0.0
4.65714285714286 0.0
4.66122448979592 0.0
4.66530612244898 0.0
4.66938775510204 0.0
4.6734693877551 0.0
4.67755102040816 0.0
4.68163265306122 0.0
4.68571428571429 0.0
4.68979591836735 0.0
4.69387755102041 0.0
4.69795918367347 0.0
4.70204081632653 0.0
4.70612244897959 0.0
4.71020408163265 0.0
4.71428571428571 0.0
4.71836734693878 0.0
4.72244897959184 0.0
4.7265306122449 0.0
4.73061224489796 0.0
4.73469387755102 0.0
4.73877551020408 0.0
4.74285714285714 0.0
4.7469387755102 0.0
4.75102040816327 0.0
4.75510204081633 0.0
4.75918367346939 0.0
4.76326530612245 0.0
4.76734693877551 0.0
4.77142857142857 0.0
4.77551020408163 0.0
4.77959183673469 0.0
4.78367346938775 0.0
4.78775510204082 0.0
4.79183673469388 0.0
4.79591836734694 0.0
4.8 0.0
4.80408163265306 0.0
4.80816326530612 0.0
4.81224489795918 0.0
4.81632653061224 0.0
4.82040816326531 0.0
4.82448979591837 0.0
4.82857142857143 0.0
4.83265306122449 0.0
4.83673469387755 0.0
4.84081632653061 0.0
4.84489795918367 0.0
4.84897959183674 0.0
4.8530612244898 0.0
4.85714285714286 0.0
4.86122448979592 0.0
4.86530612244898 0.0
4.86938775510204 0.970155
4.8734693877551 0.0
4.87755102040816 0.0
4.88163265306122 0.0
4.88571428571429 0.0692606
4.88979591836735 0.0
4.89387755102041 0.0
4.89795918367347 0.0
4.90204081632653 0.0
4.90612244897959 0.0
4.91020408163265 0.0
4.91428571428571 0.0
4.91836734693878 0.0
4.92244897959184 0.0
4.9265306122449 0.0
4.93061224489796 0.0
4.93469387755102 0.0
4.93877551020408 0.0
4.94285714285714 0.0
4.9469387755102 0.0
4.95102040816327 0.0
4.95510204081633 0.0
4.95918367346939 0.0
4.96326530612245 0.0
4.96734693877551 0.0
4.97142857142857 0.0
4.97551020408163 0.0
4.97959183673469 0.0
4.98367346938775 0.0
4.98775510204082 0.0
4.99183673469388 0.0
4.99591836734694 0.0
5.0 0.0
5.00408163265306 0.0
5.00816326530612 0.0
5.01224489795918 0.0
5.01632653061225 0.0
5.02040816326531 3.70568
5.02448979591837 0.0
5.02857142857143 6.90901
5.03265306122449 13.5371
5.03673469387755 25.4022
5.04081632653061 30.5632
5.04489795918367 44.119
5.04897959183673 56.4359
5.0530612244898 61.1522
5.05714285714286 66.7221
5.06122448979592 65.3261
5.06530612244898 62.4257
5.06938775510204 46.1978
5.0734693877551 31.9781
5.07755102040816 20.5298
5.08163265306122 9.5866
5.08571428571429 1.1543
5.08979591836735 0.0
5.09387755102041 0.0
5.09795918367347 0.0
5.10204081632653 0.0
5.10612244897959 0.0
5.11020408163265 0.0
5.11428571428571 0.0
5.11836734693878 0.0
5.12244897959184 0.0
5.1265306122449 0.0
5.13061224489796 0.0
5.13469387755102 0.0
5.13877551020408 0.0
5.14285714285714 0.0
5.1469387755102 0.0
5.15102040816326 0.0
5.15510204081633 0.0
5.15918367346939 0.0
5.16326530612245 0.0
5.16734693877551 0.0
5.17142857142857 0.0
5.17551020408163 0.0
5.17959183673469 0.0
5.18367346938776 0.0
5.18775510204082 0.0
5.19183673469388 0.0
5.19591836734694 0.0
5.2 0.0
5.20408163265306 0.0
5.20816326530612 0.0
5.21224489795918 0.739269
5.21632653061225 5.84234
5.22040816326531 7.39042
5.22448979591837 15.1386
5.22857142857143 17.6968
5.23265306122449 21.9484
5.23673469387755 17.9784
5.24081632653061 11.7654
5.24489795918367 15.6929
5.24897959183673 6.19319
5.2530612244898 6.13239
5.25714285714286 15.9567
5.26122448979592 7.0231
5.26530612244898 0.0
5.26938775510204 0.0
5.2734693877551 0.0
5.27755102040816 0.0
5.28163265306122 0.0
5.28571428571429 0.0
5.28979591836735 0.0
5.29387755102041 0.0
5.29795918367347 0.0
5.30204081632653 0.0
5.30612244897959 0.0
5.31020408163265 0.0
5.31428571428571 0.0
5.31836734693878 0.0
5.32244897959184 0.0
5.3265306122449 0.0
5.33061224489796 0.0
5.33469387755102 0.0
5.33877551020408 0.0
5.34285714285714 0.0
5.3469387755102 0.0
5.35102040816327 0.0
5.35510204081633 0.0
5.35918367346939 0.0
5.36326530612245 0.0
5.36734693877551 0.0
5.37142857142857 0.0
5.37551020408163 0.0
5.37959183673469 0.0
5.38367346938776 0.0
5.38775510204082 0.0
5.39183673469388 0.0
5.39591836734694 0.0
5.4 0.0
5.40408163265306 0.0
5.40816326530612 0.0
5.41224489795918 0.0
5.41632653061224 0.0
5.42040816326531 0.0
5.42448979591837 0.0
5.42857142857143 0.0
5.43265306122449 0.0
5.43673469387755 0.0
5.44081632653061 0.0
5.44489795918367 0.0
5.44897959183673 0.0
5.4530612244898 0.0
5.45714285714286 0.0
5.46122448979592 0.0
5.46530612244898 0.0
5.46938775510204 0.0
5.4734693877551 0.0
5.47755102040816 0.0
5.48163265306122 0.0
5.48571428571429 2.30151
5.48979591836735 3.39299
5.49387755102041 3.64649
5.49795918367347 3.85445
5.50204081632653 1.86091
5.50612244897959 2.88764
5.51020408163265 18.4574
5.51428571428571 22.4609
5.51836734693878 21.7036
5.52244897959184 4.51517
5.5265306122449 7.44963
5.53061224489796 7.55906
5.53469387755102 0.0
5.53877551020408 0.0
5.54285714285714 0.0
5.5469387755102 0.0
5.55102040816327 0.0
5.55510204081633 0.0
5.55918367346939 0.0
5.56326530612245 0.0
5.56734693877551 0.0
5.57142857142857 0.0
5.57551020408163 0.0
5.57959183673469 0.0
5.58367346938776 0.0
5.58775510204082 0.100911
5.59183673469388 0.0
5.59591836734694 0.0
5.6 0.0
5.60408163265306 0.0
5.60816326530612 0.0
5.61224489795918 0.0
5.61632653061224 0.0
5.62040816326531 0.0
5.62448979591837 0.0
5.62857142857143 0.0
5.63265306122449 0.0
5.63673469387755 0.0
5.64081632653061 0.0
5.64489795918367 0.0
5.64897959183673 0.0
5.6530612244898 0.303812
5.65714285714286 16.0796
5.66122448979592 40.8546
5.66530612244898 37.7257
5.66938775510204 45.2938
5.6734693877551 58.5631
5.67755102040816 79.9476
5.68163265306122 80.7208
5.68571428571429 82.1532
5.68979591836735 73.4414
5.69387755102041 55.2229
5.69795918367347 40.8259
5.70204081632653 28.0367
5.70612244897959 16.2264
5.71020408163265 1.70028
5.71428571428571 0.0
5.71836734693878 0.0
5.72244897959184 0.0
5.7265306122449 0.0
5.73061224489796 0.0
5.73469387755102 0.0
5.73877551020408 0.0
5.74285714285714 0.0
5.7469387755102 0.0
5.75102040816327 0.0
5.75510204081633 0.0
5.75918367346939 0.0
5.76326530612245 0.0
5.76734693877551 0.0
5.77142857142857 0.0
5.77551020408163 0.0
5.77959183673469 0.0
5.78367346938775 0.0
5.78775510204082 0.0
5.79183673469388 0.0
5.79591836734694 0.0
5.8 0.0
5.80408163265306 0.0
5.80816326530612 0.0
5.81224489795918 0.0
5.81632653061224 0.0
5.82040816326531 18.6041
5.82448979591837 33.0322
5.82857142857143 56.6022
5.83265306122449 90.9791
5.83673469387755 105.025
5.84081632653061 119.251
5.84489795918367 132.918
5.84897959183674 122.847
5.8530612244898 114.846
5.85714285714286 92.4488
5.86122448979592 76.8772
5.86530612244898 58.8862
5.86938775510204 38.9288
5.8734693877551 22.308
5.87755102040816 5.87592
5.88163265306122 0.0
5.88571428571429 0.0
5.88979591836735 0.0
5.89387755102041 0.0
5.89795918367347 0.0
5.90204081632653 0.0
5.90612244897959 0.0
5.91020408163265 0.0
5.91428571428571 0.0
5.91836734693878 0.0
5.92244897959184 0.0
5.9265306122449 0.0
5.93061224489796 0.0
5.93469387755102 0.0
5.93877551020408 0.0
5.94285714285714 0.0
5.9469387755102 0.0
5.95102040816327 0.0
5.95510204081633 0.0
5.95918367346939 0.0
5.96326530612245 0.0
5.96734693877551 0.0
5.97142857142857 0.0
5.97551020408163 0.0
5.97959183673469 0.0
5.98367346938775 0.0
5.98775510204082 0.0
5.99183673469388 0.0
5.99591836734694 0.0
6.0 0.0
6.00408163265306 0.0
6.00816326530612 0.0
6.01224489795918 0.0
6.01632653061225 0.0
6.02040816326531 0.0
6.02448979591837 0.0
6.02857142857143 0.0
6.03265306122449 0.0
6.03673469387755 0.0
6.04081632653061 0.0
6.04489795918367 0.0
6.04897959183673 0.0
6.0530612244898 0.0
6.05714285714286 0.0
6.06122448979592 0.0
6.06530612244898 0.0
6.06938775510204 0.0
6.0734693877551 0.0
6.07755102040816 0.0
6.08163265306122 0.0
6.08571428571429 0.0
6.08979591836735 0.0
6.09387755102041 0.0
6.09795918367347 0.0
6.10204081632653 0.0
6.10612244897959 0.0
6.11020408163265 0.0
6.11428571428571 0.0
6.11836734693878 0.0
6.12244897959184 0.0
6.1265306122449 0.0
6.13061224489796 0.0
6.13469387755102 0.0
6.13877551020408 0.712126
6.14285714285714 0.0
6.1469387755102 0.0
6.15102040816326 0.0
6.15510204081633 0.0
6.15918367346939 0.0
6.16326530612245 0.0
6.16734693877551 0.189066
6.17142857142857 3.17767
6.17551020408163 0.0
6.17959183673469 0.0
6.18367346938776 0.0
6.18775510204082 0.0
6.19183673469388 0.0
6.19591836734694 0.0
6.2 0.0
6.20408163265306 0.0
6.20816326530612 0.0
6.21224489795918 0.0
6.21632653061225 0.0
6.22040816326531 0.0
6.22448979591837 0.0
6.22857142857143 0.0
6.23265306122449 0.0
6.23673469387755 0.0
6.24081632653061 0.0
6.24489795918367 0.0
6.24897959183673 0.0
6.2530612244898 0.0
6.25714285714286 0.0
6.26122448979592 0.0
6.26530612244898 0.0
6.26938775510204 0.0
6.2734693877551 0.0
6.27755102040816 0.0
6.28163265306122 0.0
6.28571428571429 0.0
6.28979591836735 0.0
6.29387755102041 0.0
6.29795918367347 0.0
6.30204081632653 0.0
6.30612244897959 0.0
6.31020408163265 0.0
6.31428571428571 0.0
6.31836734693878 0.0
6.32244897959184 0.0
6.3265306122449 0.0
6.33061224489796 0.0
6.33469387755102 0.0
6.33877551020408 0.0
6.34285714285714 0.0
6.3469387755102 0.0
6.35102040816327 0.0
6.35510204081633 0.0
6.35918367346939 0.199199
6.36326530612245 0.0563264
6.36734693877551 0.605196
6.37142857142857 0.0
6.37551020408163 5.77539
6.37959183673469 0.492513
6.38367346938776 0.0
6.38775510204082 0.0
6.39183673469388 0.0
6.39591836734694 0.0
6.4 0.0
6.40408163265306 0.0
6.40816326530612 0.0
6.41224489795918 0.0
6.41632653061224 0.0
6.42040816326531 0.0
6.42448979591837 0.0
6.42857142857143 0.0
6.43265306122449 0.0
6.43673469387755 0.505149
6.44081632653061 0.0
6.44489795918367 0.0
6.44897959183673 0.0
6.4530612244898 0.0
6.45714285714286 0.713646
6.46122448979592 4.38797
6.46530612244898 6.53046
6.46938775510204 6.06459
6.4734693877551 10.641
6.47755102040816 18.0113
6.48163265306122 26.395
6.48571428571429 13.0373
6.48979591836735 84.489
6.49387755102041 74.878
6.49795918367347 106.269
6.50204081632653 127.083
6.50612244897959 111.75
6.51020408163265 98.2478
6.51428571428571 80.7167
6.51836734693878 71.7173
6.52244897959184 63.5652
6.5265306122449 46.2076
6.53061224489796 36.4377
6.53469387755102 24.7219
6.53877551020408 10.036
6.54285714285714 2.61901
6.5469387755102 0.637352
6.55102040816327 0.0
6.55510204081633 3.14569
6.55918367346939 1.99047
6.56326530612245 0.485808
6.56734693877551 0.0
6.57142857142857 1.15275
6.57551020408163 0.0
6.57959183673469 0.0
6.58367346938776 0.0
6.58775510204082 0.0
6.59183673469388 0.0
6.59591836734694 0.0
6.6 0.0
6.60408163265306 0.0
6.60816326530612 0.0
6.61224489795918 0.0
6.61632653061224 0.0
6.62040816326531 0.0
6.62448979591837 0.0
6.62857142857143 0.0
6.63265306122449 0.0
6.63673469387755 0.0
6.64081632653061 0.0
6.64489795918367 0.0
6.64897959183673 0.0
6.6530612244898 0.0
6.65714285714286 0.0
6.66122448979592 0.0
6.66530612244898 0.0
6.66938775510204 0.0
6.6734693877551 0.0
6.67755102040816 0.0
6.68163265306122 0.0
6.68571428571429 0.0
6.68979591836735 0.0
6.69387755102041 0.0
6.69795918367347 0.0
6.70204081632653 0.0
6.70612244897959 0.0
6.71020408163265 0.0
6.71428571428571 0.0
6.71836734693878 0.0
6.72244897959184 0.0
6.7265306122449 0.0
6.73061224489796 0.0
6.73469387755102 2.06789
6.73877551020408 0.0
6.74285714285714 0.0
6.7469387755102 0.0
6.75102040816327 0.0
6.75510204081633 2.27591
6.75918367346939 0.0
6.76326530612245 2.52391
6.76734693877551 0.0
6.77142857142857 0.0
6.77551020408163 5.94249
6.77959183673469 0.0
6.78367346938775 0.0
6.78775510204082 19.8725
6.79183673469388 54.9348
6.79591836734694 93.2039
6.8 89.3442
6.80408163265306 94.4361
6.80816326530612 116.735
6.81224489795918 168.388
6.81632653061224 169.692
6.82040816326531 154.355
6.82448979591837 127.053
6.82857142857143 110.577
6.83265306122449 91.9706
6.83673469387755 70.897
6.84081632653061 59.8928
6.84489795918367 40.0649
6.84897959183674 23.9808
6.8530612244898 10.6304
6.85714285714286 1.21808
6.86122448979592 0.0
6.86530612244898 0.0
6.86938775510204 0.0
6.8734693877551 0.0
6.87755102040816 0.0
6.88163265306122 0.0
6.88571428571429 0.0
6.88979591836735 1.90771
6.89387755102041 1.08624
6.89795918367347 0.0
6.90204081632653 0.789762
6.90612244897959 0.0
6.91020408163265 0.0
6.91428571428571 0.0
6.91836734693878 0.0
6.92244897959184 0.0
6.9265306122449 0.0
6.93061224489796 0.0
6.93469387755102 0.0
6.93877551020408 0.0
6.94285714285714 1.05001
6.9469387755102 0.0
6.95102040816327 0.0
6.95510204081633 0.0
6.95918367346939 0.0
6.96326530612245 0.0
6.96734693877551 0.0
6.97142857142857 0.0
6.97551020408163 0.0
6.97959183673469 0.0
6.98367346938775 0.0
6.98775510204082 0.0
6.99183673469388 0.0
6.99591836734694 0.0
7.0 0.0
7.00408163265306 0.0
7.00816326530612 0.0
7.01224489795918 0.0
7.01632653061225 0.0
7.02040816326531 0.0
7.02448979591837 0.0
7.02857142857143 0.0
7.03265306122449 0.0
7.03673469387755 0.0
7.04081632653061 0.0
7.04489795918367 0.0
7.04897959183673 0.0
7.0530612244898 0.0
7.05714285714286 0.0
7.06122448979592 0.0
7.06530612244898 0.0
7.06938775510204 0.0
7.0734693877551 0.0
7.07755102040816 0.0
7.08163265306122 0.0
7.08571428571429 0.0
7.08979591836735 0.0
7.09387755102041 0.0
7.09795918367347 0.0
7.10204081632653 0.0
7.10612244897959 0.0
7.11020408163265 2.206
7.11428571428571 0.68143
7.11836734693878 11.428
7.12244897959184 27.8647
7.1265306122449 42.1125
7.13061224489796 95.6904
7.13469387755102 78.2389
7.13877551020408 92.8322
7.14285714285714 81.0247
7.1469387755102 73.3737
7.15102040816326 63.6558
7.15510204081633 55.7583
7.15918367346939 44.4932
7.16326530612245 22.3599
7.16734693877551 10.1076
7.17142857142857 0.619054
7.17551020408163 0.0
7.17959183673469 0.0
7.18367346938776 0.0
7.18775510204082 0.0
7.19183673469388 0.0
7.19591836734694 0.0
7.2 0.0
7.20408163265306 0.0
7.20816326530612 0.0
7.21224489795918 0.0
7.21632653061225 0.0
7.22040816326531 0.0
7.22448979591837 0.0
7.22857142857143 0.0
7.23265306122449 0.0
7.23673469387755 0.0
7.24081632653061 0.0
7.24489795918367 0.0
7.24897959183673 0.0
7.2530612244898 0.0
7.25714285714286 0.0
7.26122448979592 0.0
7.26530612244898 0.0
7.26938775510204 0.0
7.2734693877551 0.0
7.27755102040816 0.0
7.28163265306122 0.0
7.28571428571429 0.0
7.28979591836735 0.0
7.29387755102041 0.0
7.29795918367347 0.0
7.30204081632653 0.0
7.30612244897959 0.0
7.31020408163265 3.06648
7.31428571428571 0.0
7.31836734693878 0.366449
7.32244897959184 0.0
7.3265306122449 0.0
7.33061224489796 0.0
7.33469387755102 0.0
7.33877551020408 0.0
7.34285714285714 0.0
7.3469387755102 0.0
7.35102040816327 0.0
7.35510204081633 0.0
7.35918367346939 0.0
7.36326530612245 0.0
7.36734693877551 0.0
7.37142857142857 0.0
7.37551020408163 0.0
7.37959183673469 0.0
7.38367346938776 0.0
7.38775510204082 0.0
7.39183673469388 0.274446
7.39591836734694 0.810742
7.4 1.1276
7.40408163265306 1.40715
7.40816326530612 0.0
7.41224489795918 0.0
7.41632653061224 0.0
7.42040816326531 0.0
7.42448979591837 0.0
7.42857142857143 0.0
7.43265306122449 0.0
7.43673469387755 0.0
7.44081632653061 0.0
7.44489795918367 0.0
7.44897959183673 0.0
7.4530612244898 0.0
7.45714285714286 2.09087
7.46122448979592 5.79284
7.46530612244898 24.6648
7.46938775510204 69.5666
7.4734693877551 99.0968
7.47755102040816 102.173
7.48163265306122 103.844
7.48571428571429 88.8292
7.48979591836735 73.6991
7.49387755102041 66.5314
7.49795918367347 45.7615
7.50204081632653 30.5849
7.50612244897959 13.5924
7.51020408163265 4.7226
7.51428571428571 0.537872
7.51836734693878 0.0
7.52244897959184 0.0
7.5265306122449 0.0
7.53061224489796 0.0
7.53469387755102 0.0
7.53877551020408 0.0
7.54285714285714 0.0
7.5469387755102 0.0
7.55102040816327 0.0
7.55510204081633 0.0
7.55918367346939 0.0
7.56326530612245 0.0
7.56734693877551 0.0
7.57142857142857 0.0
7.57551020408163 0.0
7.57959183673469 0.0
7.58367346938776 0.0
7.58775510204082 0.0
7.59183673469388 0.0
7.59591836734694 0.0
7.6 0.0
7.60408163265306 0.0
7.60816326530612 0.0
7.61224489795918 0.0
7.61632653061224 0.0
7.62040816326531 0.0
7.62448979591837 0.0
7.62857142857143 0.0
7.63265306122449 0.0
7.63673469387755 0.0
7.64081632653061 0.0
7.64489795918367 0.0
7.64897959183673 0.0
7.6530612244898 0.0
7.65714285714286 0.0
7.66122448979592 0.0
7.66530612244898 0.0
7.66938775510204 0.0
7.6734693877551 0.0
7.67755102040816 0.0
7.68163265306122 0.0
7.68571428571429 0.0
7.68979591836735 0.0
7.69387755102041 0.0
7.69795918367347 0.0
7.70204081632653 0.0
7.70612244897959 0.0
7.71020408163265 0.0
7.71428571428571 0.0
7.71836734693878 0.0
7.72244897959184 0.0
7.7265306122449 0.0
7.73061224489796 0.0
7.73469387755102 0.0
7.73877551020408 0.0
7.74285714285714 0.0
7.7469387755102 0.0
7.75102040816327 0.0
7.75510204081633 0.0
7.75918367346939 0.0
7.76326530612245 0.0
7.76734693877551 3.66414
7.77142857142857 17.2727
7.77551020408163 29.8649
7.77959183673469 35.7289
7.78367346938775 38.5098
7.78775510204082 38.7452
7.79183673469388 35.572
7.79591836734694 30.3216
7.8 22.6683
7.80408163265306 11.8569
7.80816326530612 5.96829
7.81224489795918 3.23606
7.81632653061224 0.0
7.82040816326531 0.0
7.82448979591837 0.0
7.82857142857143 0.0
7.83265306122449 0.0
7.83673469387755 0.0
7.84081632653061 0.0
7.84489795918367 0.0
7.84897959183674 0.0
7.8530612244898 0.0
7.85714285714286 0.0
7.86122448979592 0.0
7.86530612244898 0.0
7.86938775510204 0.0
7.8734693877551 0.0
7.87755102040816 0.0
7.88163265306122 0.0
7.88571428571429 0.0
7.88979591836735 0.0
7.89387755102041 0.0
7.89795918367347 0.0
7.90204081632653 0.0
7.90612244897959 0.0
7.91020408163265 0.0
7.91428571428571 0.0
7.91836734693878 0.0
7.92244897959184 0.0
7.9265306122449 0.0
7.93061224489796 0.0
7.93469387755102 0.0
7.93877551020408 0.0
7.94285714285714 0.0
7.9469387755102 0.0
7.95102040816327 0.0
7.95510204081633 0.0
7.95918367346939 0.0
7.96326530612245 0.0
7.96734693877551 0.0
7.97142857142857 0.0
7.97551020408163 0.0
7.97959183673469 0.0
7.98367346938775 0.0
7.98775510204082 0.0
7.99183673469388 0.0
7.99591836734694 0.0
8.0 0.0
8.00408163265306 0.0
8.00816326530612 0.0
8.01224489795918 0.0
8.01632653061225 0.0
8.02040816326531 0.0
8.02448979591837 0.0
8.02857142857143 0.0
8.03265306122449 0.0
8.03673469387755 0.0
8.04081632653061 0.0
8.04489795918367 0.0
8.04897959183674 0.0
8.0530612244898 0.0
8.05714285714286 0.0
8.06122448979592 0.0
8.06530612244898 0.0
8.06938775510204 0.0
8.0734693877551 0.0
8.07755102040816 0.025034
8.08163265306122 0.0
8.08571428571429 19.7517
8.08979591836735 11.3366
8.09387755102041 20.5589
8.09795918367347 16.4721
8.10204081632653 23.3061
8.10612244897959 27.1266
8.11020408163265 18.7945
8.11428571428571 14.9348
8.11836734693878 8.77213
8.12244897959184 4.66242
8.1265306122449 0.0
8.13061224489796 0.0
8.13469387755102 0.0
8.13877551020408 0.0
8.14285714285714 0.0
8.1469387755102 0.0
8.15102040816327 0.0
8.15510204081633 0.0
8.15918367346939 0.0
8.16326530612245 0.0
8.16734693877551 0.0
8.17142857142857 0.0
8.17551020408163 0.0
8.17959183673469 0.0
8.18367346938776 0.0
8.18775510204082 0.0
8.19183673469388 0.0
8.19591836734694 0.0
8.2 0.403166
8.20408163265306 0.0
8.20816326530612 0.0
8.21224489795918 1.3625
8.21632653061224 0.0
8.22040816326531 0.0
8.22448979591837 0.0
8.22857142857143 0.199795
8.23265306122449 0.638902
8.23673469387755 2.72729
8.24081632653061 35.5024
8.24489795918367 57.0938
8.24897959183673 90.7071
8.2530612244898 93.4312
8.25714285714286 101.193
8.26122448979592 88.9407
8.26530612244898 77.4001
8.26938775510204 59.8007
8.2734693877551 45.8542
8.27755102040816 37.5455
8.28163265306122 26.8133
8.28571428571429 11.5185
8.28979591836735 2.23849
8.29387755102041 0.0
8.29795918367347 0.0
8.30204081632653 0.0
8.30612244897959 0.0
8.31020408163265 0.0
8.31428571428571 0.0
8.31836734693877 0.0
8.32244897959184 0.0
8.3265306122449 0.0
8.33061224489796 0.0
8.33469387755102 0.0
8.33877551020408 0.0
8.34285714285714 0.0
8.3469387755102 0.0
8.35102040816327 0.0
8.35510204081633 0.0
8.35918367346939 0.0
8.36326530612245 0.0
8.36734693877551 0.50056
8.37142857142857 0.119209
8.37551020408163 1.59388
8.37959183673469 10.4228
8.38367346938776 7.92424
8.38775510204082 18.7434
8.39183673469388 29.9771
8.39591836734694 39.8942
8.4 51.7974
8.40408163265306 55.3943
8.40816326530612 63.7471
8.41224489795918 66.6304
8.41632653061225 55.877
8.42040816326531 52.2274
8.42448979591837 40.5561
8.42857142857143 25.0507
8.43265306122449 7.28458
8.43673469387755 8.14685
8.44081632653061 5.86295
8.44489795918367 0.0
8.44897959183673 0.0
8.4530612244898 0.0
8.45714285714286 0.0
8.46122448979592 0.0
8.46530612244898 0.0
8.46938775510204 0.0
8.4734693877551 0.0
8.47755102040816 0.0
8.48163265306122 0.0
8.48571428571429 0.0
8.48979591836735 0.0
8.49387755102041 0.0
8.49795918367347 0.0
8.50204081632653 0.0
8.50612244897959 0.0
8.51020408163265 0.0
8.51428571428571 0.0
8.51836734693878 0.0
8.52244897959184 0.0
8.5265306122449 0.0
8.53061224489796 0.0
8.53469387755102 0.0
8.53877551020408 0.0
8.54285714285714 0.0
8.5469387755102 0.0
8.55102040816327 0.0
8.55510204081633 0.0
8.55918367346939 0.0
8.56326530612245 0.0
8.56734693877551 0.0
8.57142857142857 0.0
8.57551020408163 0.0
8.57959183673469 0.0
8.58367346938775 0.0
8.58775510204082 0.0
8.59183673469388 0.0
8.59591836734694 0.225812
8.6 0.0
8.60408163265306 0.0
8.60816326530612 0.0
8.61224489795918 0.0
8.61632653061224 0.0
8.62040816326531 0.0
8.62448979591837 0.0
8.62857142857143 0.0
8.63265306122449 0.0
8.63673469387755 0.0
8.64081632653061 10.3078
8.64489795918367 7.96741
8.64897959183673 11.9913
8.6530612244898 10.9222
8.65714285714286 3.64244
8.66122448979592 6.25634
8.66530612244898 2.46611
8.66938775510204 2.7844
8.6734693877551 2.00309
8.67755102040816 3.19999
8.68163265306123 0.0
8.68571428571429 0.0
8.68979591836735 0.0
8.69387755102041 4.65256
8.69795918367347 9.08886
8.70204081632653 18.5937
8.70612244897959 26.7094
8.71020408163265 30.7601
8.71428571428571 28.5609
8.71836734693878 23.2436
8.72244897959184 12.4692
8.7265306122449 14.8399
8.73061224489796 8.32753
8.73469387755102 17.638
8.73877551020408 9.77384
8.74285714285714 11.4988
8.7469387755102 1.62178
8.75102040816327 11.6471
8.75510204081633 9.30861
8.75918367346939 13.1116
8.76326530612245 8.41632
8.76734693877551 6.44739
8.77142857142857 2.62023
8.77551020408163 0.846028
8.77959183673469 1.80951
8.78367346938776 3.57854
8.78775510204082 0.0
8.79183673469388 0.370741
8.79591836734694 0.0
8.8 0.0
8.80408163265306 0.0
8.80816326530612 0.0
8.81224489795918 0.0
8.81632653061224 0.0
8.82040816326531 0.0
8.82448979591837 0.0
8.82857142857143 0.0
8.83265306122449 0.0
8.83673469387755 0.0
8.84081632653061 0.0
8.84489795918367 0.0
8.84897959183673 0.0
8.8530612244898 0.0
8.85714285714286 0.0
8.86122448979592 0.0
8.86530612244898 0.0
8.86938775510204 0.0
8.8734693877551 0.0
8.87755102040816 0.0
8.88163265306122 0.0
8.88571428571429 0.0
8.88979591836735 0.0
8.89387755102041 0.0
8.89795918367347 0.0
8.90204081632653 0.0
8.90612244897959 0.0
8.91020408163265 0.0
8.91428571428571 0.0
8.91836734693878 0.0
8.92244897959184 0.0
8.9265306122449 0.0
8.93061224489796 0.0
8.93469387755102 0.0
8.93877551020408 0.0
8.94285714285714 0.0
8.9469387755102 0.0
8.95102040816326 0.0
8.95510204081633 0.0
8.95918367346939 0.0
8.96326530612245 0.0
8.96734693877551 0.0
8.97142857142857 0.0
8.97551020408163 0.0
8.97959183673469 0.0
8.98367346938775 4.29775
8.98775510204082 11.3749
8.99183673469388 21.3581
8.99591836734694 38.1421
9.0 45.1511
9.00408163265306 64.5867
9.00816326530612 33.193
9.01224489795918 52.4049
9.01632653061225 76.5936
9.02040816326531 42.4837
9.02448979591837 63.8531
9.02857142857143 61.1629
9.03265306122449 62.8406
9.03673469387755 62.2409
9.04081632653061 56.2715
9.04489795918367 52.6497
9.04897959183674 44.3478
9.0530612244898 35.3721
9.05714285714286 26.9292
9.06122448979592 13.2961
9.06530612244898 9.64789
9.06938775510204 2.13571
9.0734693877551 1.64676
9.07755102040816 0.448823
9.08163265306122 0.0
9.08571428571429 0.0
9.08979591836735 0.0
9.09387755102041 0.0
9.09795918367347 0.0
9.10204081632653 0.0
9.10612244897959 0.0
9.11020408163265 0.0
9.11428571428571 0.0
9.11836734693878 0.0
9.12244897959184 0.0
9.1265306122449 0.0
9.13061224489796 0.0
9.13469387755102 0.0
9.13877551020408 2.57349
9.14285714285714 0.0
9.1469387755102 0.693142
9.15102040816327 0.0
9.15510204081633 0.0
9.15918367346939 1.12833
9.16326530612245 0.0
9.16734693877551 0.0
9.17142857142857 0.0
9.17551020408163 0.0
9.17959183673469 0.0
9.18367346938776 0.0
9.18775510204082 0.0
9.19183673469388 0.0
9.19591836734694 0.0
9.2 0.0
9.20408163265306 0.0
9.20816326530612 0.0
9.21224489795918 0.0
9.21632653061224 0.0
9.22040816326531 0.0
9.22448979591837 0.0
9.22857142857143 0.0
9.23265306122449 0.0
9.23673469387755 0.0
9.24081632653061 0.0
9.24489795918367 0.0
9.24897959183673 0.0
9.2530612244898 0.0
9.25714285714286 0.0
9.26122448979592 0.0
9.26530612244898 0.0
9.26938775510204 0.0
9.2734693877551 0.0
9.27755102040816 0.0
9.28163265306122 0.0
9.28571428571429 0.0
9.28979591836735 0.0
9.29387755102041 0.0
9.29795918367347 0.0
9.30204081632653 0.58496
9.30612244897959 2.66314
9.31020408163265 4.62294
9.31428571428571 7.14946
9.31836734693877 8.2444
9.32244897959184 8.66342
9.3265306122449 7.22063
9.33061224489796 0.854887
9.33469387755102 0.0
9.33877551020408 0.0
9.34285714285714 0.0
9.3469387755102 0.0
9.35102040816327 0.0
9.35510204081633 0.0
9.35918367346939 0.426173
9.36326530612245 0.0
9.36734693877551 0.0
9.37142857142857 0.0
9.37551020408163 0.0
9.37959183673469 0.0
9.38367346938776 0.0
9.38775510204082 0.0
9.39183673469388 0.0
9.39591836734694 0.0
9.4 0.0
9.40408163265306 0.0
9.40816326530612 0.590771
9.41224489795918 1.01882
9.41632653061225 0.0
9.42040816326531 4.01856
9.42448979591837 0.0
9.42857142857143 0.0
9.43265306122449 0.0
9.43673469387755 0.0
9.44081632653061 0.0
9.44489795918367 0.0
9.44897959183673 0.0
9.4530612244898 0.0
9.45714285714286 0.0
9.46122448979592 3.65184
9.46530612244898 2.39118
9.46938775510204 20.1234
9.4734693877551 35.8898
9.47755102040816 62.165
9.48163265306122 68.816
9.48571428571429 81.6165
9.48979591836735 80.8549
9.49387755102041 77.3461
9.49795918367347 66.5421
9.50204081632653 58.5522
9.50612244897959 36.993
9.51020408163265 15.7119
9.51428571428571 9.19872
9.51836734693878 3.62933
9.52244897959184 1.62649
9.5265306122449 0.0
9.53061224489796 0.0
9.53469387755102 0.0
9.53877551020408 0.0
9.54285714285714 0.0
9.5469387755102 0.0
9.55102040816327 0.0
9.55510204081633 0.0
9.55918367346939 0.0
9.56326530612245 0.0
9.56734693877551 0.0
9.57142857142857 0.0
9.57551020408163 0.0
9.57959183673469 0.0
9.58367346938775 0.0
9.58775510204082 0.0
9.59183673469388 0.0
9.59591836734694 0.0
9.6 0.0
9.60408163265306 0.0
9.60816326530612 1.29381
9.61224489795918 5.27611
9.61632653061224 18.4477
9.62040816326531 25.5773
9.62448979591837 35.6395
9.62857142857143 72.6685
9.63265306122449 93.7109
9.63673469387755 95.9097
9.64081632653061 86.0008
9.64489795918367 70.3228
9.64897959183673 53.4879
9.6530612244898 34.5743
9.65714285714286 30.603
9.66122448979592 14.7462
9.66530612244898 12.7499
9.66938775510204 5.12022
9.6734693877551 0.0920296
9.67755102040816 0.0
9.68163265306123 0.0
9.68571428571429 0.0
9.68979591836735 0.0
9.69387755102041 0.0
9.69795918367347 0.0
9.70204081632653 0.0
9.70612244897959 0.0
9.71020408163265 0.0
9.71428571428571 0.0
9.71836734693878 0.0
9.72244897959184 0.0
9.7265306122449 0.0
9.73061224489796 0.0
9.73469387755102 0.0
9.73877551020408 0.0
9.74285714285714 0.0
9.7469387755102 0.0
9.75102040816327 0.0
9.75510204081633 0.0
9.75918367346939 0.0
9.76326530612245 0.0
9.76734693877551 0.0
9.77142857142857 4.76718
9.77551020408163 11.1668
9.77959183673469 24.8918
9.78367346938776 45.6516
9.78775510204082 46.1394
9.79183673469388 56.6714
9.79591836734694 57.1413
9.8 49.1323
9.80408163265306 32.0221
9.80816326530612 11.0106
9.81224489795918 3.56615
9.81632653061224 0.0
9.82040816326531 0.0
9.82448979591837 0.0
9.82857142857143 0.0
9.83265306122449 0.0
9.83673469387755 0.0
9.84081632653061 0.0
9.84489795918367 0.0
9.84897959183673 0.0
9.8530612244898 0.0
9.85714285714286 0.0
9.86122448979592 0.0
9.86530612244898 0.0
9.86938775510204 0.0
9.8734693877551 0.0
9.87755102040816 0.0
9.88163265306122 0.0
9.88571428571429 0.0
9.88979591836735 0.0
9.89387755102041 0.0
9.89795918367347 0.0
9.90204081632653 0.0
9.90612244897959 0.0
9.91020408163265 0.0
9.91428571428571 0.0
9.91836734693878 0.0
9.92244897959184 0.0
9.9265306122449 0.0
9.93061224489796 0.0
9.93469387755102 0.0
9.93877551020408 0.0
9.94285714285714 0.0
9.9469387755102 0.0
9.95102040816326 0.0
9.95510204081633 0.0
9.95918367346939 0.0
9.96326530612245 12.8424
9.96734693877551 12.9775
9.97142857142857 16.3487
9.97551020408163 12.0924
9.97959183673469 18.1183
9.98367346938775 17.4924
9.98775510204082 5.79458
9.99183673469388 8.41469
9.99591836734694 3.68577
10.0 1.30233
10.0040816326531 0.0
10.0081632653061 0.0
10.0122448979592 0.0
10.0163265306122 0.0
10.0204081632653 0.0
10.0244897959184 0.0
10.0285714285714 0.0
10.0326530612245 0.0
10.0367346938776 0.0
10.0408163265306 0.0
10.0448979591837 0.0
10.0489795918367 0.0
10.0530612244898 0.0
10.0571428571429 0.0
10.0612244897959 0.0
10.065306122449 0.0
10.069387755102 0.0
10.0734693877551 0.0
10.0775510204082 0.0
10.0816326530612 0.0
10.0857142857143 0.0
10.0897959183673 0.0
10.0938775510204 0.0
10.0979591836735 0.0
10.1020408163265 0.0
10.1061224489796 0.0
10.1102040816327 0.0
10.1142857142857 0.0
10.1183673469388 0.0
10.1224489795918 0.0
10.1265306122449 0.0
10.130612244898 0.0
10.134693877551 0.0
10.1387755102041 0.0
10.1428571428571 0.0
10.1469387755102 0.0
10.1510204081633 0.218928
10.1551020408163 0.0
10.1591836734694 0.0
10.1632653061224 0.0
10.1673469387755 0.0
10.1714285714286 0.511698
10.1755102040816 0.0
10.1795918367347 0.0
10.1836734693878 0.0
10.1877551020408 0.0
10.1918367346939 0.0
10.1959183673469 0.0
10.2 0.0
10.2040816326531 0.0
10.2081632653061 0.0
10.2122448979592 1.21301
10.2163265306122 0.76282
10.2204081632653 0.0
10.2244897959184 0.0
10.2285714285714 2.47979
10.2326530612245 3.79133
10.2367346938776 4.69899
10.2408163265306 4.78134
10.2448979591837 6.02469
10.2489795918367 3.05289
10.2530612244898 0.0
10.2571428571429 4.77225
10.2612244897959 11.6376
10.265306122449 14.4936
10.269387755102 12.4
10.2734693877551 4.28704
10.2775510204082 1.53935
10.2816326530612 8.21012
10.2857142857143 0.116259
10.2897959183673 0.0
10.2938775510204 0.0
10.2979591836735 3.07418
10.3020408163265 0.0
10.3061224489796 0.0
10.3102040816327 0.0
10.3142857142857 4.53913
10.3183673469388 0.0
10.3224489795918 0.0
10.3265306122449 0.0
10.330612244898 0.0
10.334693877551 0.0
10.3387755102041 0.0
10.3428571428571 1.09541
10.3469387755102 0.0
10.3510204081633 0.0
10.3551020408163 0.0
10.3591836734694 0.0
10.3632653061224 0.0
10.3673469387755 0.0
10.3714285714286 0.0
10.3755102040816 4.787
10.3795918367347 0.0
10.3836734693878 0.0
10.3877551020408 0.0
10.3918367346939 0.0
10.3959183673469 0.0
10.4 0.0
10.4040816326531 0.0
10.4081632653061 0.0
10.4122448979592 0.0
10.4163265306122 0.0
10.4204081632653 0.0
10.4244897959184 0.0
10.4285714285714 0.0
10.4326530612245 0.0
10.4367346938776 2.46654
10.4408163265306 0.0
10.4448979591837 0.0
10.4489795918367 1.14897
10.4530612244898 0.0
10.4571428571429 1.1456
10.4612244897959 0.0
10.465306122449 0.0
10.469387755102 0.0
10.4734693877551 0.0
10.4775510204082 0.727523
10.4816326530612 0.0
10.4857142857143 0.0
10.4897959183673 0.0
10.4938775510204 0.0
10.4979591836735 0.0
10.5020408163265 0.0
10.5061224489796 0.0
10.5102040816327 0.0
10.5142857142857 0.0
10.5183673469388 0.0
10.5224489795918 0.0
10.5265306122449 0.0
10.530612244898 0.0
10.534693877551 0.0
10.5387755102041 2.19047
10.5428571428571 0.0
10.5469387755102 0.0
10.5510204081633 10.3321
10.5551020408163 32.3378
10.5591836734694 23.1976
10.5632653061224 25.9398
10.5673469387755 37.9436
10.5714285714286 46.4609
10.5755102040816 30.5062
10.5795918367347 33.5415
10.5836734693878 39.7546
10.5877551020408 22.0572
10.5918367346939 16.3846
10.5959183673469 8.6205
10.6 11.6336
10.6040816326531 0.0
10.6081632653061 6.6556
10.6122448979592 17.828
10.6163265306122 17.2987
10.6204081632653 12.8051
10.6244897959184 8.36562
10.6285714285714 10.0109
10.6326530612245 5.30159
10.6367346938776 0.0
10.6408163265306 0.0
10.6448979591837 0.0
10.6489795918367 0.0
10.6530612244898 0.0
10.6571428571429 0.0
10.6612244897959 0.0
10.665306122449 0.0
10.669387755102 0.0
10.6734693877551 0.0
10.6775510204082 0.0
10.6816326530612 3.59072
10.6857142857143 3.37899
10.6897959183673 18.0201
10.6938775510204 10.7882
10.6979591836735 14.6329
10.7020408163265 13.8597
10.7061224489796 27.3293
10.7102040816327 18.4227
10.7142857142857 19.0975
10.7183673469388 31.7791
10.7224489795918 20.6248
10.7265306122449 24.7758
10.730612244898 16.9977
10.734693877551 14.1814
10.7387755102041 11.9163
10.7428571428571 16.5186
10.7469387755102 14.4178
10.7510204081633 28.1051
10.7551020408163 29.8569
10.7591836734694 15.5024
10.7632653061224 9.90236
10.7673469387755 1.74787
10.7714285714286 2.04778
10.7755102040816 0.0
10.7795918367347 0.0
10.7836734693878 0.0
10.7877551020408 0.0
10.7918367346939 0.0
10.7959183673469 0.0
10.8 0.0
10.8040816326531 0.711918
10.8081632653061 1.42074
10.8122448979592 0.734657
10.8163265306122 0.0
10.8204081632653 0.0
10.8244897959184 0.0
10.8285714285714 0.0
10.8326530612245 0.0
10.8367346938776 1.72916
10.8408163265306 0.0
10.8448979591837 0.0
10.8489795918367 0.0
10.8530612244898 0.0
10.8571428571429 0.870287
10.8612244897959 0.0
10.865306122449 1.33246
10.869387755102 3.97301
10.8734693877551 14.9813
10.8775510204082 45.0116
10.8816326530612 45.8583
10.8857142857143 88.3651
10.8897959183673 103.344
10.8938775510204 100.344
10.8979591836735 100.17
10.9020408163265 82.727
10.9061224489796 69.2942
10.9102040816327 51.6611
10.9142857142857 35.8205
10.9183673469388 23.3211
10.9224489795918 14.6817
10.9265306122449 5.27394
10.930612244898 0.0
10.934693877551 0.0
10.9387755102041 0.0
10.9428571428571 0.0
10.9469387755102 0.0
10.9510204081633 0.0
10.9551020408163 0.0
10.9591836734694 0.0
10.9632653061224 0.0
10.9673469387755 0.0
10.9714285714286 0.0
10.9755102040816 0.0
10.9795918367347 0.0
10.9836734693878 0.0
10.9877551020408 0.0
10.9918367346939 0.0
10.9959183673469 0.0
11.0 0.0
11.0040816326531 0.0
11.0081632653061 0.0
11.0122448979592 0.0
11.0163265306122 0.0
11.0204081632653 0.0
11.0244897959184 0.0
11.0285714285714 0.0
11.0326530612245 0.0
11.0367346938776 0.0
11.0408163265306 0.0
11.0448979591837 0.0
11.0489795918367 0.0
11.0530612244898 1.81097
11.0571428571429 0.0
11.0612244897959 0.0
11.065306122449 0.0
11.069387755102 0.0
11.0734693877551 0.0
11.0775510204082 0.0
11.0816326530612 0.0
11.0857142857143 0.0
11.0897959183673 0.0
11.0938775510204 0.0
11.0979591836735 0.0
11.1020408163265 0.0
11.1061224489796 0.0
11.1102040816327 0.0
11.1142857142857 0.0
11.1183673469388 1.44753
11.1224489795918 0.0
11.1265306122449 0.0
11.130612244898 0.666082
11.134693877551 0.0711679
11.1387755102041 0.0
11.1428571428571 0.0
11.1469387755102 2.38913
11.1510204081633 6.24782
11.1551020408163 5.23396
11.1591836734694 20.5476
11.1632653061224 8.57615
11.1673469387755 15.1421
11.1714285714286 19.2395
11.1755102040816 12.0609
11.1795918367347 17.5629
11.1836734693878 21.7906
11.1877551020408 17.0676
11.1918367346939 9.36648
11.1959183673469 0.0
11.2 0.0
11.2040816326531 0.0
11.2081632653061 0.0
11.2122448979592 0.0
11.2163265306122 0.0
11.2204081632653 0.0
11.2244897959184 0.0
11.2285714285714 0.0
11.2326530612245 0.0
11.2367346938776 0.0
11.2408163265306 0.0
11.2448979591837 0.0
11.2489795918367 0.0
11.2530612244898 0.0
11.2571428571429 0.0
11.2612244897959 0.0
11.265306122449 0.0
11.269387755102 0.0
11.2734693877551 1.02814
11.2775510204082 0.0
11.2816326530612 0.0
11.2857142857143 0.0
11.2897959183673 0.0
11.2938775510204 0.0
11.2979591836735 0.0
11.3020408163265 0.0
11.3061224489796 0.0
11.3102040816327 0.0
11.3142857142857 0.0
11.3183673469388 0.0
11.3224489795918 10.7449
11.3265306122449 14.6869
11.330612244898 2.2824
11.334693877551 19.0711
11.3387755102041 7.49764
11.3428571428571 29.8059
11.3469387755102 33.2919
11.3510204081633 44.2227
11.3551020408163 30.3188
11.3591836734694 24.0271
11.3632653061224 6.0302
11.3673469387755 0.0
11.3714285714286 0.0
11.3755102040816 0.0
11.3795918367347 0.0
11.3836734693878 0.0
11.3877551020408 0.0
11.3918367346939 0.0
11.3959183673469 0.0
11.4 0.0
11.4040816326531 0.0
11.4081632653061 0.0
11.4122448979592 0.0
11.4163265306122 0.0
11.4204081632653 0.0
11.4244897959184 0.0
11.4285714285714 0.0
11.4326530612245 0.0
11.4367346938776 0.0
11.4408163265306 0.0
11.4448979591837 0.0
11.4489795918367 0.0
11.4530612244898 0.0
11.4571428571429 0.0
11.4612244897959 0.0
11.465306122449 0.0
11.469387755102 0.0
11.4734693877551 1.43692
11.4775510204082 10.0101
11.4816326530612 16.1863
11.4857142857143 24.4248
11.4897959183673 41.9068
11.4938775510204 53.6594
11.4979591836735 58.2705
11.5020408163265 53.9286
11.5061224489796 51.6064
11.5102040816327 45.9043
11.5142857142857 41.6715
11.5183673469388 33.0112
11.5224489795918 33.1545
11.5265306122449 28.1692
11.530612244898 39.1965
11.534693877551 30.6209
11.5387755102041 27.0005
11.5428571428571 22.2012
11.5469387755102 16.8869
11.5510204081633 9.27426
11.5551020408163 0.0
11.5591836734694 0.0
11.5632653061224 0.0
11.5673469387755 0.0
11.5714285714286 0.0
11.5755102040816 0.0
11.5795918367347 0.0
11.5836734693878 0.0
11.5877551020408 0.0
11.5918367346939 0.0
11.5959183673469 0.0
11.6 0.0
11.6040816326531 0.0
11.6081632653061 0.0
11.6122448979592 0.0
11.6163265306122 0.0
11.6204081632653 0.0
11.6244897959184 0.0
11.6285714285714 0.0
11.6326530612245 0.0
11.6367346938776 0.0
11.6408163265306 0.0
11.6448979591837 0.0
11.6489795918367 0.0
11.6530612244898 0.0
11.6571428571429 0.0
11.6612244897959 0.0
11.665306122449 0.0
11.669387755102 0.0
11.6734693877551 0.0
11.6775510204082 0.0
11.6816326530612 0.0
11.6857142857143 0.0
11.6897959183673 0.0
11.6938775510204 0.0
11.6979591836735 0.0
11.7020408163265 0.0
11.7061224489796 0.0
11.7102040816327 0.0
11.7142857142857 0.0
11.7183673469388 0.0
11.7224489795918 0.0
11.7265306122449 0.0
11.730612244898 0.0
11.734693877551 0.0
11.7387755102041 0.0
11.7428571428571 0.0
11.7469387755102 0.0
11.7510204081633 0.0
11.7551020408163 0.0
11.7591836734694 0.0
11.7632653061224 0.0
11.7673469387755 0.0
11.7714285714286 0.0
11.7755102040816 0.0
11.7795918367347 0.0
11.7836734693878 0.0
11.7877551020408 0.0
11.7918367346939 0.0
11.7959183673469 0.0
11.8 0.0
11.8040816326531 0.0
11.8081632653061 0.0
11.8122448979592 0.0
11.8163265306122 0.0
11.8204081632653 0.0
11.8244897959184 2.64376
11.8285714285714 1.35547
11.8326530612245 0.0
11.8367346938776 0.0
11.8408163265306 0.0
11.8448979591837 0.0
11.8489795918367 0.0
11.8530612244898 0.0
11.8571428571429 0.0
11.8612244897959 0.0
11.865306122449 0.0
11.869387755102 0.0
11.8734693877551 0.0
11.8775510204082 0.0
11.8816326530612 0.0
11.8857142857143 0.0
11.8897959183673 0.0
11.8938775510204 0.0
11.8979591836735 0.0
11.9020408163265 0.0
11.9061224489796 0.0
11.9102040816327 0.0
11.9142857142857 0.0
11.9183673469388 0.0
11.9224489795918 0.0
11.9265306122449 0.0
11.930612244898 0.0
11.934693877551 3.99804
11.9387755102041 4.879
11.9428571428571 21.6725
11.9469387755102 43.9152
11.9510204081633 51.7655
11.9551020408163 45.161
11.9591836734694 40.7417
11.9632653061224 41.0965
11.9673469387755 38.4628
11.9714285714286 29.3323
11.9755102040816 17.9509
11.9795918367347 15.5962
11.9836734693878 12.3935
11.9877551020408 9.92003
11.9918367346939 9.44843
11.9959183673469 2.42424
12.0 2.35525
12.0040816326531 0.0
12.0081632653061 0.0
12.0122448979592 0.0
12.0163265306122 0.0
12.0204081632653 0.0
12.0244897959184 0.0
12.0285714285714 0.0
12.0326530612245 0.0
12.0367346938776 0.0
12.0408163265306 0.0
12.0448979591837 0.0
12.0489795918367 0.0
12.0530612244898 0.0
12.0571428571429 0.555441
12.0612244897959 0.192747
12.065306122449 1.38426
12.069387755102 1.74613
12.0734693877551 0.867426
12.0775510204082 0.651836
12.0816326530612 0.0
12.0857142857143 0.829399
12.0897959183673 0.0
12.0938775510204 0.0
12.0979591836735 0.0
12.1020408163265 3.1774
12.1061224489796 3.40396
12.1102040816327 8.14419
12.1142857142857 9.48286
12.1183673469388 24.8723
12.1224489795918 23.5321
12.1265306122449 35.1285
12.130612244898 52.1073
12.134693877551 64.4999
12.1387755102041 76.1786
12.1428571428571 67.5611
12.1469387755102 54.2118
12.1510204081633 45.1856
12.1551020408163 38.3799
12.1591836734694 33.0555
12.1632653061224 26.8192
12.1673469387755 14.7981
12.1714285714286 9.21208
12.1755102040816 1.00791
12.1795918367347 0.063777
12.1836734693878 0.464708
12.1877551020408 1.02699
12.1918367346939 4.90005
12.1959183673469 1.31208
12.2 1.15627
12.2040816326531 0.959605
12.2081632653061 0.0
12.2122448979592 0.0
12.2163265306122 0.0
12.2204081632653 0.0
12.2244897959184 0.0
12.2285714285714 0.0
12.2326530612245 0.0
12.2367346938776 0.0
12.2408163265306 0.0
12.2448979591837 0.0
12.2489795918367 0.0
12.2530612244898 0.0
12.2571428571429 0.0
12.2612244897959 0.0
12.265306122449 0.0
12.269387755102 0.0
12.2734693877551 0.0
12.2775510204082 0.0
12.2816326530612 0.0
12.2857142857143 0.0
12.2897959183673 0.0
12.2938775510204 0.0
12.2979591836735 0.0
12.3020408163265 0.0
12.3061224489796 0.0
12.3102040816327 0.0
12.3142857142857 0.0
12.3183673469388 0.0
12.3224489795918 0.0
12.3265306122449 0.0
12.330612244898 0.0
12.334693877551 0.0
12.3387755102041 0.0
12.3428571428571 0.0
12.3469387755102 0.0
12.3510204081633 0.0
12.3551020408163 0.0
12.3591836734694 0.0
12.3632653061224 0.0
12.3673469387755 0.0
12.3714285714286 0.0
12.3755102040816 0.0
12.3795918367347 0.0
12.3836734693878 0.0
12.3877551020408 0.0
12.3918367346939 0.0
12.3959183673469 0.0
12.4 0.0
12.4040816326531 0.0
12.4081632653061 0.0
12.4122448979592 0.0
12.4163265306122 0.0
12.4204081632653 0.0
12.4244897959184 0.0
12.4285714285714 0.0
12.4326530612245 0.0
12.4367346938776 0.0
12.4408163265306 40.3064
12.4448979591837 94.6988
12.4489795918367 88.8129
12.4530612244898 161.827
12.4571428571429 171.771
12.4612244897959 151.545
12.465306122449 111.606
12.469387755102 95.0344
12.4734693877551 77.3767
12.4775510204082 58.009
12.4816326530612 39.7238
12.4857142857143 29.613
12.4897959183673 14.3285
12.4938775510204 3.96413
12.4979591836735 0.0
12.5020408163265 0.0
12.5061224489796 0.0
12.5102040816327 0.0
12.5142857142857 0.0
12.5183673469388 0.0
12.5224489795918 0.0
12.5265306122449 0.0956655
12.530612244898 0.100732
12.534693877551 0.0
12.5387755102041 0.0
12.5428571428571 0.893354
12.5469387755102 0.0
12.5510204081633 0.0
12.5551020408163 0.0
12.5591836734694 0.0
12.5632653061224 0.0
12.5673469387755 0.0
12.5714285714286 0.0
12.5755102040816 0.0
12.5795918367347 0.0
12.5836734693878 0.0
12.5877551020408 0.0
12.5918367346939 0.0
12.5959183673469 0.0
12.6 0.0
12.6040816326531 0.0
12.6081632653061 0.0
12.6122448979592 0.0
12.6163265306122 0.0
12.6204081632653 0.0
12.6244897959184 0.0
12.6285714285714 0.0
12.6326530612245 0.0
12.6367346938776 0.0
12.6408163265306 0.0
12.6448979591837 0.0
12.6489795918367 0.0
12.6530612244898 0.0
12.6571428571429 0.0
12.6612244897959 0.0
12.665306122449 0.0
12.669387755102 0.0
12.6734693877551 0.0
12.6775510204082 0.0
12.6816326530612 0.0
12.6857142857143 0.0
12.6897959183673 0.0
12.6938775510204 0.0
12.6979591836735 0.0
12.7020408163265 0.0
12.7061224489796 0.0
12.7102040816327 0.0
12.7142857142857 0.470519
12.7183673469388 0.0
12.7224489795918 0.0
12.7265306122449 0.0
12.730612244898 0.0
12.734693877551 0.0
12.7387755102041 0.0
12.7428571428571 0.0
12.7469387755102 0.0
12.7510204081633 0.0
12.7551020408163 0.468791
12.7591836734694 9.98303
12.7632653061224 28.2431
12.7673469387755 69.4901
12.7714285714286 124.822
12.7755102040816 168.202
12.7795918367347 185.281
12.7836734693878 166.183
12.7877551020408 133.628
12.7918367346939 103.116
12.7959183673469 89.7893
12.8 78.3831
12.8040816326531 59.7442
12.8081632653061 47.4862
12.8122448979592 35.2622
12.8163265306122 22.7292
12.8204081632653 11.0851
12.8244897959184 0.484645
12.8285714285714 0.0
12.8326530612245 0.0
12.8367346938776 0.0
12.8408163265306 0.0
12.8448979591837 0.0
12.8489795918367 0.0
12.8530612244898 0.0
12.8571428571429 0.0
12.8612244897959 0.0
12.865306122449 0.0
12.869387755102 0.0
12.8734693877551 0.0
12.8775510204082 0.0
12.8816326530612 0.0
12.8857142857143 0.0
12.8897959183673 0.0
12.8938775510204 0.0
12.8979591836735 0.0
12.9020408163265 0.0
12.9061224489796 0.0
12.9102040816327 0.0
12.9142857142857 0.0
12.9183673469388 0.0
12.9224489795918 0.0
12.9265306122449 0.0
12.930612244898 0.0
12.934693877551 0.0
12.9387755102041 0.0
12.9428571428571 0.0
12.9469387755102 0.0
12.9510204081633 0.0
12.9551020408163 0.0
12.9591836734694 0.0
12.9632653061224 0.0
12.9673469387755 0.0
12.9714285714286 0.0
12.9755102040816 0.0
12.9795918367347 0.0
12.9836734693878 0.0
12.9877551020408 0.0
12.9918367346939 0.0
12.9959183673469 0.0
13.0 0.0
13.0040816326531 0.0
13.0081632653061 0.0
13.0122448979592 0.0
13.0163265306122 0.0
13.0204081632653 0.0
13.0244897959184 0.0
13.0285714285714 0.0
13.0326530612245 0.0
13.0367346938776 0.0
13.0408163265306 0.0
13.0448979591837 0.0
13.0489795918367 0.0
13.0530612244898 0.0
13.0571428571429 0.0
13.0612244897959 0.0
13.065306122449 0.0
13.069387755102 0.0
13.0734693877551 0.0
13.0775510204082 0.0
13.0816326530612 0.0
13.0857142857143 0.0
13.0897959183673 0.0
13.0938775510204 0.0
13.0979591836735 0.0
13.1020408163265 0.0
13.1061224489796 0.0
13.1102040816327 0.0
13.1142857142857 0.0
13.1183673469388 0.0
13.1224489795918 0.0
13.1265306122449 0.0
13.130612244898 0.0
13.134693877551 0.0
13.1387755102041 0.0
13.1428571428571 0.0
13.1469387755102 0.0
13.1510204081633 0.0
13.1551020408163 0.0
13.1591836734694 0.0
13.1632653061224 0.0
13.1673469387755 0.0
13.1714285714286 0.0
13.1755102040816 0.0
13.1795918367347 0.0
13.1836734693878 0.0
13.1877551020408 0.0
13.1918367346939 0.0
13.1959183673469 0.0
13.2 0.0
13.2040816326531 0.0
13.2081632653061 0.0
13.2122448979592 0.0
13.2163265306122 0.0
13.2204081632653 0.0
13.2244897959184 0.0
13.2285714285714 0.0
13.2326530612245 0.0
13.2367346938776 0.0
13.2408163265306 4.20398
13.2448979591837 0.0
13.2489795918367 0.155151
13.2530612244898 0.0
13.2571428571429 0.0
13.2612244897959 0.0
13.265306122449 0.0
13.269387755102 0.0
13.2734693877551 0.0
13.2775510204082 0.0
13.2816326530612 0.0
13.2857142857143 16.9551
13.2897959183673 27.2141
13.2938775510204 16.9958
13.2979591836735 3.09193
13.3020408163265 10.1327
13.3061224489796 8.06049
13.3102040816327 3.05176
13.3142857142857 0.0
13.3183673469388 0.0
13.3224489795918 0.0
13.3265306122449 0.0
13.330612244898 0.0
13.334693877551 0.0
13.3387755102041 0.0
13.3428571428571 0.0
13.3469387755102 0.0
13.3510204081633 0.0
13.3551020408163 0.0
13.3591836734694 0.0
13.3632653061224 0.0
13.3673469387755 0.0
13.3714285714286 0.0
13.3755102040816 0.0
13.3795918367347 0.0
13.3836734693878 0.0
13.3877551020408 0.0
13.3918367346939 0.0
13.3959183673469 0.0
13.4 0.0
13.4040816326531 22.0815
13.4081632653061 60.8508
13.4122448979592 85.8447
13.4163265306122 92.437
13.4204081632653 126.529
13.4244897959184 120.688
13.4285714285714 100.166
13.4326530612245 89.4321
13.4367346938776 66.6143
13.4408163265306 56.73
13.4448979591837 37.7523
13.4489795918367 25.0957
13.4530612244898 11.5975
13.4571428571429 2.83426
13.4612244897959 0.0
13.465306122449 0.0
13.469387755102 0.0
13.4734693877551 0.0
13.4775510204082 0.0
13.4816326530612 0.0
13.4857142857143 0.0
13.4897959183673 0.0
13.4938775510204 0.0
13.4979591836735 0.0
13.5020408163265 0.0
13.5061224489796 0.0
13.5102040816327 0.0
13.5142857142857 0.0
13.5183673469388 0.0
13.5224489795918 0.0
13.5265306122449 0.0
13.530612244898 0.0
13.534693877551 0.0
13.5387755102041 0.0
13.5428571428571 0.0
13.5469387755102 0.0
13.5510204081633 0.0
13.5551020408163 0.0
13.5591836734694 0.0
13.5632653061224 0.0
13.5673469387755 0.0
13.5714285714286 0.0
13.5755102040816 0.0
13.5795918367347 0.0
13.5836734693878 0.0
13.5877551020408 0.0
13.5918367346939 0.0
13.5959183673469 0.0
13.6 0.0
13.6040816326531 0.0
13.6081632653061 0.0
13.6122448979592 0.0
13.6163265306122 0.0
13.6204081632653 0.0
13.6244897959184 0.0
13.6285714285714 0.0
13.6326530612245 0.0
13.6367346938776 0.0
13.6408163265306 0.0
13.6448979591837 0.0
13.6489795918367 0.0
13.6530612244898 0.0
13.6571428571429 0.0
13.6612244897959 0.0
13.665306122449 0.0
13.669387755102 0.0
13.6734693877551 0.0
13.6775510204082 0.0
13.6816326530612 0.0
13.6857142857143 0.0
13.6897959183673 0.0
13.6938775510204 0.0
13.6979591836735 0.0
13.7020408163265 0.0
13.7061224489796 0.0
13.7102040816327 0.0
13.7142857142857 0.0
13.7183673469388 0.0
13.7224489795918 0.0
13.7265306122449 2.08489
13.730612244898 7.44724
13.734693877551 2.39806
13.7387755102041 35.0169
13.7428571428571 48.8615
13.7469387755102 74.2147
13.7510204081633 87.7255
13.7551020408163 62.1587
13.7591836734694 52.0035
13.7632653061224 28.318
13.7673469387755 19.1049
13.7714285714286 17.534
13.7755102040816 14.2894
13.7795918367347 9.1341
13.7836734693878 1.71074
13.7877551020408 0.0
13.7918367346939 0.0
13.7959183673469 0.0
13.8 0.0
13.8040816326531 0.0
13.8081632653061 0.0
13.8122448979592 0.0
13.8163265306122 0.0
13.8204081632653 0.0
13.8244897959184 0.0
13.8285714285714 0.0
13.8326530612245 0.0
13.8367346938776 0.0
13.8408163265306 0.756443
13.8448979591837 0.0
13.8489795918367 1.66881
13.8530612244898 0.0
13.8571428571429 0.233173
13.8612244897959 3.07322
13.865306122449 1.7792
13.869387755102 0.0
13.8734693877551 0.133395
13.8775510204082 0.0
13.8816326530612 0.0
13.8857142857143 0.0
13.8897959183673 0.0
13.8938775510204 0.0
13.8979591836735 0.0
13.9020408163265 0.0
13.9061224489796 0.0
13.9102040816327 0.0
13.9142857142857 0.0
13.9183673469388 0.0
13.9224489795918 0.0
13.9265306122449 0.0
13.930612244898 0.0
13.934693877551 0.0
13.9387755102041 0.0
13.9428571428571 0.0
13.9469387755102 0.0
13.9510204081633 0.0
13.9551020408163 0.0
13.9591836734694 0.0
13.9632653061224 0.0
13.9673469387755 0.0
13.9714285714286 0.0
13.9755102040816 0.0
13.9795918367347 0.0
13.9836734693878 0.0
13.9877551020408 0.0
13.9918367346939 0.0
13.9959183673469 0.0
14.0 12.4879
14.0040816326531 13.0596
14.0081632653061 27.006
14.0122448979592 45.2426
14.0163265306122 60.5657
14.0204081632653 67.3773
14.0244897959184 66.3383
14.0285714285714 111.545
14.0326530612245 149.193
14.0367346938776 130.094
14.0408163265306 97.7447
14.0448979591837 76.3375
14.0489795918367 57.1387
14.0530612244898 50.4488
14.0571428571429 42.512
14.0612244897959 29.5781
14.065306122449 14.0456
14.069387755102 1.39332
14.0734693877551 0.0
14.0775510204082 0.0
14.0816326530612 0.0
14.0857142857143 0.0
14.0897959183673 0.0
14.0938775510204 0.0
14.0979591836735 0.0
14.1020408163265 0.0
14.1061224489796 0.0
14.1102040816327 0.0
14.1142857142857 0.0
14.1183673469388 0.0
14.1224489795918 0.0
14.1265306122449 0.0
14.130612244898 0.0
14.134693877551 0.0
14.1387755102041 0.0
14.1428571428571 0.0
14.1469387755102 0.0
14.1510204081633 0.0
14.1551020408163 0.0
14.1591836734694 0.0
14.1632653061224 0.0
14.1673469387755 0.0
14.1714285714286 0.0
14.1755102040816 0.0
14.1795918367347 0.0
14.1836734693878 0.0
14.1877551020408 0.0
14.1918367346939 0.0
14.1959183673469 0.0
14.2 0.0
14.2040816326531 0.0
14.2081632653061 0.0
14.2122448979592 0.0
14.2163265306122 0.0
14.2204081632653 0.0
14.2244897959184 0.0
14.2285714285714 0.0
14.2326530612245 0.0
14.2367346938776 0.0
14.2408163265306 0.0
14.2448979591837 0.0
14.2489795918367 0.0
14.2530612244898 0.0
14.2571428571429 0.0
14.2612244897959 0.0
14.265306122449 0.0
14.269387755102 0.0
14.2734693877551 0.0
14.2775510204082 0.0
14.2816326530612 0.0
14.2857142857143 0.0
14.2897959183673 0.0
14.2938775510204 0.0
14.2979591836735 0.0
14.3020408163265 0.0
14.3061224489796 0.0
14.3102040816327 0.0
14.3142857142857 0.0
14.3183673469388 0.0
14.3224489795918 0.0
14.3265306122449 0.0
14.330612244898 0.0
14.334693877551 0.0
14.3387755102041 0.0
14.3428571428571 0.0
14.3469387755102 0.0
14.3510204081633 0.0
14.3551020408163 0.0
14.3591836734694 0.0
14.3632653061224 0.0
14.3673469387755 0.0
14.3714285714286 0.0
14.3755102040816 0.0
